0.000000e+00	2.886050e-01	-1.338476e-01	3.870632e-01	-7.265290e-02
6.283185e-03	5.240061e-01	-1.981936e-01	1.331815e+00	-1.248967e-01
1.256637e-02	9.666782e-01	-2.213707e-01	1.296276e+00	-3.255219e-05
1.884956e-02	1.408789e+00	-2.658272e-01	1.296275e+00	-2.034767e-07
2.513274e-02	8.308547e-01	-5.086665e-01	1.296275e+00	-1.339616e-04
3.141593e-02	5.689062e-01	-1.840486e-01	1.272766e+00	-9.687929e-02
3.769911e-02	3.131764e-01	1.461076e-01	5.112006e-01	-1.283877e-01
4.398230e-02	5.231674e-01	1.908027e-01	2.812813e-01	-1.937319e-02
5.026548e-02	7.284956e-01	2.903303e-02	2.796870e-01	1.993839e-02
5.654867e-02	9.306528e-01	-1.510945e-01	5.612000e-01	1.518058e-01
6.283185e-02	1.057202e+00	2.630591e-02	1.043885e+00	1.551947e-02
6.911504e-02	1.072919e+00	1.211435e-02	1.044556e+00	2.025131e-05
7.539822e-02	1.088470e+00	-1.238436e-04	1.044556e+00	3.611257e-08
8.168141e-02	1.103896e+00	-1.040817e-02	1.044556e+00	1.572475e-08
8.796459e-02	1.073240e+00	-2.671176e-03	1.044556e+00	1.937993e-11
9.424778e-02	1.072773e+00	4.222573e-03	1.044556e+00	-9.452510e-09
1.005310e-01	1.072524e+00	1.152325e-02	1.044556e+00	-2.862392e-09
1.068142e-01	1.089987e+00	-5.030829e-03	1.044556e+00	1.408377e-10
1.130973e-01	1.087988e+00	7.357722e-03	1.044556e+00	-2.273541e-06
1.193805e-01	1.086311e+00	2.006616e-02	1.045300e+00	-1.666324e-03
1.256637e-01	8.839291e-01	9.290628e-02	5.149307e-01	1.331832e-01
1.319469e-01	5.998570e-01	9.882004e-02	2.649731e-01	2.111787e-02
1.382301e-01	3.160316e-01	1.144454e-01	2.552767e-01	-1.544147e-02
1.445133e-01	4.166769e-01	1.954331e-01	4.612572e-01	-1.241246e-01
1.507964e-01	5.831332e-01	-1.474182e-01	1.385456e+00	-2.073853e-02
1.570796e-01	7.432204e-01	-4.853120e-01	1.383803e+00	-4.087069e-04
1.633628e-01	3.971900e-01	-2.571841e-01	1.250872e+00	-1.960148e-01
1.696460e-01	3.793905e-01	-3.057298e-02	4.621213e-01	-1.004232e-01
1.759292e-01	3.658642e-01	1.931049e-01	2.755265e-01	-1.589869e-02
1.822124e-01	9.779043e-01	-8.409326e-03	2.868042e-01	2.532166e-02
1.884956e-01	9.993623e-01	-7.479206e-03	6.615354e-01	1.379390e-01
1.947787e-01	1.020911e+00	-7.090642e-03	9.741332e-01	4.236685e-03
2.010619e-01	1.027197e+00	-9.842570e-04	9.741881e-01	5.553729e-06
2.073451e-01	1.016059e+00	2.389257e-03	9.741881e-01	1.470278e-08
2.136283e-01	1.005068e+00	6.080360e-03	9.741881e-01	-1.120196e-08
2.199115e-01	9.942293e-01	1.008695e-02	9.741881e-01	-1.103335e-08
2.261947e-01	1.005393e+00	4.494910e-03	9.741881e-01	2.496647e-09
2.324779e-01	1.004977e+00	5.602719e-03	9.741881e-01	1.187304e-08
2.387610e-01	1.004665e+00	7.062704e-03	9.741881e-01	5.908414e-09
2.450442e-01	1.022142e+00	-1.102253e-03	9.741881e-01	-9.431979e-09
2.513274e-01	1.028429e+00	-4.892885e-02	9.741881e-01	1.451922e-09
2.576106e-01	1.033860e+00	-1.006364e-01	9.741881e-01	1.312526e-05
2.638938e-01	9.432089e-01	1.613090e-01	9.844988e-01	1.706789e-02
2.701770e-01	7.534010e-01	1.026847e-01	3.721288e-01	7.830433e-02
2.764602e-01	5.626335e-01	5.331264e-02	2.311221e-01	9.243787e-03
2.827433e-01	3.064961e-01	-2.143701e-01	2.594834e-01	-2.667185e-02
2.890265e-01	2.471070e-01	-1.949787e-01	5.882252e-01	-2.166588e-01
2.953097e-01	1.881256e-01	-1.732313e-01	9.834240e-01	-1.762574e-01
3.015929e-01	2.213674e-01	-1.179057e-01	3.505356e-01	-7.202417e-02
3.078761e-01	3.357301e-01	-7.560719e-02	1.995653e-01	-1.631527e-02
3.141593e-01	4.507939e-01	-4.597315e-02	1.842148e-01	1.186829e-02
3.204425e-01	5.361925e-01	3.967100e-02	3.689484e-01	4.960811e-02
3.267256e-01	5.415215e-01	1.798043e-02	4.955837e-01	6.693838e-04
3.330088e-01	5.464934e-01	-2.743566e-03	4.955860e-01	8.641170e-07
3.392920e-01	5.445486e-01	1.531686e-04	4.955860e-01	-4.457882e-09
3.455752e-01	5.440478e-01	2.147070e-04	4.955860e-01	3.989751e-09
3.518584e-01	5.435917e-01	3.442174e-04	4.955860e-01	5.925199e-09
3.581416e-01	5.431816e-01	5.408716e-04	4.955860e-01	-1.897590e-10
3.644247e-01	5.431713e-01	2.147451e-05	4.955860e-01	-5.271956e-09
3.707079e-01	5.430524e-01	3.028508e-05	4.955860e-01	-3.016979e-09
3.769911e-01	5.429766e-01	3.939361e-05	4.955860e-01	3.090549e-09
3.832743e-01	5.427734e-01	1.864552e-04	4.955860e-01	4.844500e-09
3.895575e-01	5.422565e-01	8.292198e-04	4.955860e-01	1.708615e-11
3.958407e-01	5.417948e-01	1.500789e-03	4.955860e-01	8.948176e-08
4.021239e-01	5.509808e-01	6.479791e-03	4.955862e-01	7.186014e-05
4.084070e-01	5.255752e-01	9.543082e-04	4.607411e-01	9.374822e-02
4.146902e-01	5.001098e-01	-4.253591e-03	1.577002e-01	2.319846e-02
4.209734e-01	5.915669e-02	-8.101492e-02	1.279037e-01	-6.715795e-03
4.272566e-01	5.340492e-02	-5.710365e-02	1.353847e-01	-7.189016e-02
4.335398e-01	4.811049e-02	-3.293545e-02	1.401398e-01	-1.292770e-01
4.398230e-01	8.179902e-02	-8.883602e-03	8.803511e-02	-9.635849e-03
4.461062e-01	1.259498e-01	-1.649300e-02	7.777304e-02	5.687249e-03
4.523893e-01	1.699433e-01	-2.648328e-02	1.496281e-01	2.855408e-02
4.586725e-01	1.800510e-01	-6.490877e-03	1.847644e-01	9.306693e-05
4.649557e-01	1.777094e-01	-8.645341e-04	1.847645e-01	1.214699e-07
4.712389e-01	1.754913e-01	5.113915e-03	1.847645e-01	4.592655e-09
4.775221e-01	1.734028e-01	1.144328e-02	1.847645e-01	1.968575e-09
4.838053e-01	1.725020e-01	-1.588083e-04	1.847645e-01	-2.303622e-09
4.900885e-01	1.734123e-01	-2.705454e-04	1.847645e-01	-3.151582e-09
4.963716e-01	1.743340e-01	-3.981253e-04	1.847645e-01	-5.777386e-11
5.026548e-01	1.735783e-01	2.229510e-04	1.847645e-01	3.020834e-09
5.089380e-01	1.734917e-01	2.618642e-04	1.847645e-01	2.319256e-09
5.152212e-01	1.734199e-01	3.452016e-04	1.847645e-01	-1.499231e-09
5.215044e-01	1.755455e-01	-3.867464e-03	1.847645e-01	-3.896893e-09
5.277876e-01	1.788715e-01	-9.064979e-03	1.847645e-01	-1.334646e-09
5.340708e-01	1.821033e-01	-1.537274e-02	1.847645e-01	4.309218e-09
5.403539e-01	1.661679e-01	5.156284e-02	1.847645e-01	-5.471008e-08
5.466371e-01	1.113479e-01	1.012836e-02	1.847742e-01	-4.656903e-05
5.529203e-01	5.579126e-02	-2.757618e-02	1.160201e-01	2.855078e-02
5.592035e-01	-4.273896e-03	-4.061456e-02	4.899809e-02	-2.912918e-02
5.654867e-01	-9.780160e-03	-4.240788e-02	1.067824e-02	-2.520878e-02
5.717699e-01	-1.532385e-02	-4.451634e-02	-4.781811e-03	-2.779097e-02
5.780530e-01	-1.153211e-02	4.174051e-03	3.390479e-02	-3.143193e-02
5.843362e-01	6.568262e-03	-3.170362e-03	2.653858e-03	-8.878748e-04
5.906194e-01	2.452435e-02	-1.112250e-02	2.590801e-03	-1.161287e-06
5.969026e-01	2.764955e-02	-2.786613e-03	2.590801e-03	-2.295546e-09
6.031858e-01	2.817150e-02	-2.137054e-03	2.590800e-03	-1.275489e-09
6.094690e-01	2.870701e-02	-1.580410e-03	2.590800e-03	-2.160516e-10
6.157522e-01	2.925443e-02	-1.116814e-03	2.590801e-03	9.036429e-10
6.220353e-01	2.743816e-02	-8.530339e-04	2.590802e-03	7.403208e-10
6.283185e-01	2.740997e-02	-3.118875e-04	2.590802e-03	-3.534196e-10
6.346017e-01	2.739393e-02	2.069047e-04	2.590801e-03	-9.147537e-10
6.408849e-01	2.748502e-02	-4.783619e-04	2.590800e-03	-2.277996e-10
6.471681e-01	2.794347e-02	-1.565311e-04	2.590801e-03	8.038859e-10
6.534513e-01	2.841002e-02	1.471846e-04	2.590801e-03	7.876502e-10
6.597345e-01	2.923492e-02	1.108366e-03	2.590802e-03	-3.751168e-10
6.660176e-01	2.834316e-02	-3.270942e-04	2.590801e-03	-1.228526e-09
6.723008e-01	2.742674e-02	-1.745278e-03	2.590800e-03	-7.496568e-10
6.785840e-01	1.505255e-02	1.201843e-03	2.590800e-03	-1.989049e-07
6.848672e-01	-1.131609e-02	-3.969326e-03	2.587133e-03	-1.532512e-04
6.911504e-01	-3.777370e-02	-8.170247e-03	-1.054410e-02	-7.889746e-03
6.974336e-01	-1.080914e-01	-1.088131e-01	-1.609902e-02	-2.697135e-02
7.037168e-01	-1.012377e-01	-5.279892e-02	-2.134301e-02	-2.810404e-02
7.099999e-01	-9.331798e-02	5.194415e-03	-5.025467e-02	-3.732890e-02
7.162831e-01	-4.406691e-02	5.464673e-02	-1.451827e-01	7.494115e-03
7.225663e-01	-7.077694e-02	3.356641e-02	-1.802461e-01	-1.719469e-03
7.288495e-01	-9.786731e-02	1.475250e-02	-1.799671e-01	-2.280159e-06
7.351327e-01	-1.288384e-01	-7.680838e-03	-1.799671e-01	6.040598e-10
7.414159e-01	-1.312824e-01	-4.199941e-03	-1.799671e-01	-2.308564e-09
7.476991e-01	-1.336749e-01	-1.125245e-03	-1.799671e-01	-3.841265e-09
7.539822e-01	-1.360239e-01	1.542925e-03	-1.799671e-01	-7.177545e-10
7.602654e-01	-1.329461e-01	3.310498e-04	-1.799671e-01	2.764010e-09
7.665486e-01	-1.328522e-01	-3.563375e-04	-1.799671e-01	2.606189e-09
7.728318e-01	-1.327821e-01	-1.085715e-03	-1.799671e-01	-7.677428e-10
7.791150e-01	-1.339801e-01	1.493191e-04	-1.799671e-01	-3.221721e-09
7.853982e-01	-1.346163e-01	7.410694e-05	-1.799671e-01	-1.593433e-09
7.916813e-01	-1.352645e-01	-3.446387e-07	-1.799671e-01	2.516853e-09
7.979645e-01	-1.258753e-01	-2.998578e-02	-1.799671e-01	3.921040e-09
8.042477e-01	-1.091514e-01	-2.351808e-03	-1.799671e-01	2.323950e-08
8.105309e-01	-9.192949e-02	2.377411e-02	-1.799671e-01	1.848793e-05
8.168141e-01	-6.927385e-02	4.031381e-02	-1.766543e-01	1.334936e-02
8.230973e-01	-1.120825e-01	-2.183809e-02	-8.401430e-02	1.261577e-02
8.293805e-01	-1.560663e-01	-8.352033e-02	-7.823793e-02	-5.526806e-03
8.356636e-01	-4.768064e-01	-1.606979e-01	-1.457759e-01	-4.630162e-02
8.419468e-01	-3.890713e-01	-4.292199e-02	-1.203440e-01	-1.255643e-01
8.482300e-01	-2.991415e-01	7.578594e-02	-1.482865e-01	-1.900259e-02
8.545132e-01	-2.300484e-02	8.752217e-02	-1.532651e-01	1.516724e-02
8.607964e-01	-1.692681e-01	5.550484e-02	-3.335042e-01	9.226367e-02
8.670796e-01	-3.160970e-01	2.816644e-02	-4.925967e-01	2.560411e-04
8.733628e-01	-5.605326e-01	-5.330587e-02	-4.925894e-01	3.299615e-07
8.796459e-01	-5.692442e-01	-2.911448e-02	-4.925894e-01	1.369111e-09
8.859291e-01	-5.775480e-01	-5.299798e-03	-4.925894e-01	5.071389e-09
8.922123e-01	-5.854525e-01	1.813519e-02	-4.925894e-01	2.116655e-09
8.984955e-01	-5.788006e-01	-2.171419e-04	-4.925894e-01	-3.861648e-09
9.047787e-01	-5.781724e-01	-1.480828e-03	-4.925894e-01	-4.784798e-09
9.110619e-01	-5.776141e-01	-2.802208e-03	-4.925894e-01	1.008223e-09
9.173451e-01	-5.847992e-01	-6.246095e-03	-4.925894e-01	6.095773e-09
9.236282e-01	-5.827578e-01	2.335072e-02	-4.925894e-01	2.723523e-09
9.299114e-01	-5.801870e-01	5.481610e-02	-4.925894e-01	-6.048124e-09
9.361946e-01	-5.062588e-01	-6.865453e-02	-4.925894e-01	1.683041e-07
9.424778e-01	-3.637359e-01	-5.421702e-02	-4.925895e-01	1.346345e-04
9.487610e-01	-2.210977e-01	-5.334532e-02	-4.451576e-01	6.832914e-02
9.550442e-01	-1.695976e-01	2.062833e-01	-1.989663e-01	2.482342e-02
9.613274e-01	-6.123839e-01	1.552067e-01	-1.855717e-01	-1.016936e-02
9.676105e-01	-1.055796e+00	1.441032e-01	-2.918229e-01	-4.966803e-02
9.738937e-01	-1.353162e+00	-3.457638e-01	-8.293703e-01	-2.022900e-01
9.801769e-01	-1.133643e+00	-1.600036e-01	-1.002629e+00	-2.724228e-01
9.864601e-01	-9.108144e-01	1.594421e-02	-3.692336e-01	-5.170738e-02
9.927433e-01	-2.832609e-01	5.909908e-01	-2.879386e-01	2.092742e-03
9.990265e-01	-3.151996e-01	2.487451e-01	-3.932046e-01	6.088839e-02
1.005310e+00	-3.535401e-01	-8.600250e-02	-9.642125e-01	1.050383e-01
1.011593e+00	-3.981481e-01	-4.131967e-01	-9.528093e-01	-4.662375e-05
1.017876e+00	-7.860569e-01	-3.109678e-02	-9.528086e-01	-7.894879e-08
1.024159e+00	-9.034857e-01	5.720114e-02	-9.528086e-01	-7.329375e-09
1.030442e+00	-1.019301e+00	1.482518e-01	-9.528086e-01	8.400788e-09
1.036726e+00	-9.799920e-01	-1.755756e-02	-9.528086e-01	1.131878e-08
1.043009e+00	-9.701414e-01	-1.130435e-02	-9.528086e-01	-1.267603e-10
1.049292e+00	-9.602733e-01	-7.605751e-03	-9.528086e-01	-1.196656e-08
1.055575e+00	-9.421704e-01	8.763069e-03	-9.528086e-01	-8.653177e-09
1.061858e+00	-9.551266e-01	2.775255e-03	-9.528086e-01	1.141459e-08
1.068142e+00	-9.682691e-01	-2.994334e-03	-9.528086e-01	1.131764e-06
1.074425e+00	-4.360685e-01	2.182106e-01	-9.528071e-01	8.504607e-04
1.080708e+00	-3.420395e-01	2.488278e-03	-7.153048e-01	1.168115e-01
1.086991e+00	-2.521525e-01	-2.184279e-01	-3.111581e-01	4.231188e-02
1.093274e+00	-6.677539e-01	-2.431235e-01	-2.582486e-01	-6.778595e-03
1.099557e+00	-9.786944e-01	-2.233612e-03	-3.770740e-01	-6.363998e-02
1.105841e+00	-1.284963e+00	2.601292e-01	-9.967120e-01	-1.511722e-01
1.112124e+00	-1.468514e+00	-9.198704e-02	-1.350637e+00	-1.852541e-03
1.118407e+00	-1.323922e+00	-5.575417e-02	-1.350741e+00	-2.291603e-03
1.124690e+00	-1.178824e+00	-2.647422e-02	-7.335426e-01	-2.059394e-01
1.130973e+00	-6.050052e-01	4.191233e-02	-3.521757e-01	-3.315545e-02
1.137257e+00	-4.455159e-01	-1.414372e-02	-3.204757e-01	1.398408e-02
1.143540e+00	-2.871796e-01	-7.572480e-02	-5.192211e-01	1.020587e-01
1.149823e+00	-1.300694e-01	-1.428206e-01	-1.042612e+00	-1.545565e-02
1.156106e+00	-7.333669e-01	4.510659e-02	-1.026090e+00	-2.968949e-05
1.162389e+00	-9.355513e-01	5.399223e-02	-1.026090e+00	-3.625285e-08
1.168672e+00	-1.137611e+00	6.699870e-02	-1.026090e+00	-3.437069e-09
1.174956e+00	-1.086764e+00	2.590931e-02	-1.026090e+00	-8.314756e-09
1.181239e+00	-1.087200e+00	2.183661e-02	-1.026090e+00	2.162833e-09
1.187522e+00	-1.087767e+00	2.103497e-02	-1.026090e+00	1.495084e-08
1.193805e+00	-1.010183e+00	-2.295640e-01	-1.026090e+00	1.066804e-08
1.200088e+00	-7.782899e-01	-3.721753e-02	-1.026090e+00	4.036641e-06
1.206372e+00	-5.430024e-01	1.370374e-01	-1.026066e+00	3.116091e-03
1.212655e+00	-2.098659e-01	2.488177e-01	-7.326393e-01	9.692256e-02
1.218938e+00	-4.124784e-01	-1.713973e-02	-3.000255e-01	3.384075e-02
1.225221e+00	-6.200809e-01	-2.775658e-01	-2.634410e-01	-9.794168e-03
1.231504e+00	-1.213577e+00	2.256326e-02	-4.073708e-01	-7.924087e-02
1.237788e+00	-1.242713e+00	1.539985e-02	-1.037598e+00	-2.064921e-01
1.244071e+00	-1.272064e+00	1.015398e-02	-1.280876e+00	-6.523388e-04
1.250354e+00	-1.321102e+00	-8.091282e-02	-1.280876e+00	-8.420343e-07
1.256637e+00	-1.264798e+00	2.114173e-04	-1.280877e+00	6.533965e-08
1.262920e+00	-1.207025e+00	8.574399e-02	-1.288119e+00	-2.328568e-03
1.269203e+00	-9.846609e-01	8.053781e-02	-5.303221e-01	-1.204949e-01
1.275487e+00	-6.894023e-01	-1.301005e-01	-3.087174e-01	-1.658340e-02
1.281770e+00	-3.984011e-01	-3.635771e-01	-3.269100e-01	2.734376e-02
1.288053e+00	-1.120314e-01	-6.198527e-01	-6.375703e-01	1.514992e-01
1.294336e+00	-5.976840e-01	1.752620e-01	-1.116827e+00	-3.562371e-03
1.300619e+00	-8.791564e-01	2.011595e-01	-1.116213e+00	-4.703195e-06
1.306903e+00	-1.160062e+00	2.437841e-01	-1.116213e+00	1.938872e-08
1.313186e+00	-1.208002e+00	-1.333412e-01	-1.116213e+00	8.251021e-09
1.319469e+00	-1.184781e+00	5.711351e-04	-1.116213e+00	-1.964089e-08
1.325752e+00	-1.159173e+00	1.299433e-01	-1.116213e+00	-6.251457e-09
1.332035e+00	-8.441662e-01	9.624033e-02	-1.116213e+00	1.385926e-05
1.338318e+00	-5.568621e-01	-1.293143e-02	-1.115933e+00	1.060540e-02
1.344602e+00	-2.718806e-01	-1.455534e-01	-6.664584e-01	1.771165e-01
1.350885e+00	-4.268717e-01	-5.276285e-02	-2.918443e-01	2.829322e-02
1.357168e+00	-6.866729e-01	8.698095e-03	-2.654560e-01	-1.193950e-02
1.363451e+00	-9.451346e-01	9.466952e-02	-4.357107e-01	-9.962842e-02
1.369734e+00	-1.137831e+00	-8.372844e-02	-1.119034e+00	-1.405206e-01
1.376018e+00	-1.173674e+00	-2.684856e-02	-1.176111e+00	-2.136955e-04
1.382301e+00	-1.208553e+00	2.845688e-02	-1.176111e+00	-3.054212e-07
1.388584e+00	-1.225288e+00	-4.306092e-02	-1.176111e+00	9.786653e-10
1.394867e+00	-1.203869e+00	-7.403754e-03	-1.176111e+00	9.926618e-08
1.401150e+00	-1.181879e+00	2.768439e-02	-1.176112e+00	7.056589e-05
1.407434e+00	-1.159325e+00	6.219956e-02	-1.235169e+00	-1.250695e-01
1.413717e+00	-8.744501e-01	-1.178207e-01	-3.918491e-01	-6.844569e-02
1.420000e+00	-5.584825e-01	-1.064327e-01	-2.732934e-01	-4.393141e-03
1.426283e+00	-2.424307e-01	-1.057275e-01	-3.386302e-01	4.402026e-02
1.432566e+00	-3.777317e-01	9.399001e-02	-8.686141e-01	3.144851e-01
1.438849e+00	-7.480535e-01	1.012292e-01	-1.174423e+00	-3.528096e-04
1.445133e+00	-1.118224e+00	1.174791e-01	-1.174407e+00	-4.631863e-07
1.451416e+00	-1.250015e+00	-3.011148e-01	-1.174407e+00	2.083485e-09
1.457699e+00	-1.194762e+00	1.573980e-02	-1.174407e+00	8.171498e-08
1.463982e+00	-1.133714e+00	3.239693e-01	-1.174407e+00	4.343506e-05
1.470265e+00	-3.946388e-01	1.847782e-01	-1.171699e+00	3.306257e-02
1.476549e+00	-3.324827e-01	-1.204341e-02	-5.593005e-01	1.483379e-01
1.482832e+00	-2.740774e-01	-2.104494e-01	-2.821385e-01	2.212764e-02
1.489115e+00	-8.370563e-01	-2.786522e-01	-2.722450e-01	-1.648230e-02
1.495398e+00	-1.012542e+00	-2.066023e-02	-4.979784e-01	-1.263970e-01
1.501681e+00	-1.183133e+00	2.489075e-01	-1.118287e+00	-5.158397e-02
1.507964e+00	-1.138844e+00	-3.883127e-04	-1.125227e+00	-6.851660e-05
1.514248e+00	-1.134251e+00	-1.323489e-05	-1.125227e+00	-5.996017e-08
1.520531e+00	-1.129741e+00	2.985928e-04	-1.125227e+00	1.668600e-08
1.526814e+00	-1.126975e+00	3.294182e-02	-1.125227e+00	-1.271286e-08
1.533097e+00	-1.156405e+00	2.753234e-02	-1.125227e+00	-2.317446e-08
1.539380e+00	-1.185992e+00	2.578623e-02	-1.125227e+00	6.457776e-07
1.545664e+00	-1.215672e+00	2.770532e-02	-1.125252e+00	4.930442e-04
1.551947e+00	-9.647586e-01	-1.435408e-01	-7.753541e-01	-2.877676e-01
1.558230e+00	-6.871383e-01	-1.436447e-01	-3.188925e-01	-3.961856e-02
1.564513e+00	-4.097199e-01	-1.604201e-01	-2.625723e-01	5.554255e-03
1.570796e+00	-3.603993e-01	3.261322e-01	-3.870334e-01	7.265114e-02
1.577080e+00	-6.071365e-01	1.528144e-01	-1.330880e+00	1.252666e-01
1.583363e+00	-8.570296e-01	-3.091443e-03	-1.296341e+00	3.485539e-05
1.589646e+00	-1.277557e+00	-6.522992e-01	-1.296341e+00	2.060515e-07
1.595929e+00	-9.662237e-01	-2.022235e-01	-1.296341e+00	1.335700e-04
1.602212e+00	-6.468922e-01	2.044361e-01	-1.272925e+00	9.660384e-02
1.608495e+00	-1.733559e-01	2.768083e-01	-5.112420e-01	1.283793e-01
1.614779e+00	-4.646752e-01	8.977066e-02	-2.812987e-01	1.937693e-02
1.621062e+00	-7.593508e-01	-7.583607e-02	-2.796998e-01	-1.993988e-02
1.627345e+00	-1.048141e+00	-5.457270e-02	-5.611632e-01	-1.517961e-01
1.633628e+00	-1.064156e+00	-2.098204e-02	-1.043869e+00	-1.546534e-02
1.639911e+00	-1.079624e+00	1.228980e-02	-1.044538e+00	-2.018070e-05
1.646195e+00	-1.075338e+00	2.116076e-03	-1.044538e+00	-3.598170e-08
1.652478e+00	-1.073519e+00	6.091752e-04	-1.044538e+00	-1.563742e-08
1.658761e+00	-1.071814e+00	-9.429726e-04	-1.044538e+00	-1.268983e-11
1.665044e+00	-1.068845e+00	1.046329e-02	-1.044538e+00	9.407969e-09
1.671327e+00	-1.072601e+00	-2.156145e-03	-1.044538e+00	2.856881e-09
1.677610e+00	-1.076680e+00	-1.485671e-02	-1.044538e+00	-3.128321e-10
1.683894e+00	-1.081084e+00	-2.763475e-02	-1.044538e+00	2.134974e-06
1.690177e+00	-1.080271e+00	-1.561757e-01	-1.045270e+00	1.561059e-03
1.696460e+00	-8.858572e-01	7.562327e-03	-5.149505e-01	-1.332211e-01
1.702743e+00	-6.884813e-01	1.649210e-01	-2.649552e-01	-2.111406e-02
1.709026e+00	-3.107452e-01	2.014627e-01	-2.552612e-01	1.543918e-02
1.715310e+00	-4.463823e-01	4.441431e-02	-4.612418e-01	1.241628e-01
1.721593e+00	-5.849571e-01	-1.063257e-01	-1.385515e+00	2.101864e-02
1.727876e+00	-6.119613e-01	3.997853e-01	-1.383936e+00	4.079045e-04
1.734159e+00	-4.745145e-01	1.682166e-01	-1.251561e+00	1.955644e-01
1.740442e+00	-3.415061e-01	-6.729269e-02	-4.621902e-01	1.004343e-01
1.746726e+00	-4.525934e-01	-8.695914e-02	-2.755503e-01	1.590313e-02
1.753009e+00	-6.986154e-01	4.852850e-02	-2.868218e-01	-2.532300e-02
1.759292e+00	-9.419446e-01	2.042583e-01	-6.613684e-01	-1.382403e-01
1.765575e+00	-1.057856e+00	-5.900397e-02	-9.741107e-01	-4.218442e-03
1.771858e+00	-1.040005e+00	-3.937599e-02	-9.741652e-01	-5.529754e-06
1.778141e+00	-1.021911e+00	-2.450835e-02	-9.741652e-01	-1.460896e-08
1.784425e+00	-1.011112e+00	-4.207729e-04	-9.741652e-01	1.113548e-08
1.790708e+00	-1.010770e+00	2.702431e-04	-9.741652e-01	1.095186e-08
1.796991e+00	-1.010493e+00	1.131215e-03	-9.741652e-01	-2.495046e-09
1.803274e+00	-1.010279e+00	2.163519e-03	-9.741652e-01	-1.179091e-08
1.809557e+00	-1.013495e+00	-4.653396e-04	-9.741652e-01	-5.842955e-09
1.815841e+00	-1.013057e+00	-4.918049e-04	-9.741652e-01	9.372125e-09
1.822124e+00	-1.012698e+00	-5.085496e-04	-9.741652e-01	-2.740951e-09
1.828407e+00	-1.017186e+00	-4.065744e-02	-9.741652e-01	-1.398615e-05
1.834690e+00	-9.416985e-01	-6.586951e-03	-9.841584e-01	-1.756719e-02
1.840973e+00	-8.656619e-01	2.529095e-02	-3.720865e-01	-7.831773e-02
1.847256e+00	-5.697903e-01	-1.010604e-01	-2.311063e-01	-9.241860e-03
1.853540e+00	-3.920539e-01	2.122440e-02	-2.594634e-01	2.666789e-02
1.859823e+00	-2.121148e-01	1.357370e-01	-5.884235e-01	2.166782e-01
1.866106e+00	-1.717532e-01	2.612531e-01	-9.846031e-01	1.766161e-01
1.872389e+00	-2.389484e-01	1.226761e-01	-3.506270e-01	7.204378e-02
1.878672e+00	-3.087563e-01	-1.406745e-02	-1.996180e-01	1.631754e-02
1.884956e+00	-5.060317e-01	4.454938e-03	-1.842818e-01	-1.187918e-02
1.891239e+00	-5.202468e-01	3.161050e-03	-3.697144e-01	-5.025701e-02
1.897522e+00	-5.345236e-01	2.220818e-03	-4.957324e-01	-6.633818e-04
1.903805e+00	-5.483324e-01	-2.216241e-03	-4.957347e-01	-8.563476e-07
1.910088e+00	-5.458393e-01	-1.660278e-03	-4.957347e-01	4.347786e-09
1.916372e+00	-5.433798e-01	-1.199082e-03	-4.957347e-01	-4.000304e-09
1.922655e+00	-5.419636e-01	1.824729e-04	-4.957347e-01	-5.850621e-09
1.928938e+00	-5.418842e-01	-2.095373e-04	-4.957347e-01	2.309691e-10
1.935221e+00	-5.418554e-01	-6.418491e-04	-4.957347e-01	5.231586e-09
1.941504e+00	-5.418778e-01	-1.113586e-03	-4.957347e-01	2.965914e-09
1.947787e+00	-5.447866e-01	1.210182e-03	-4.957347e-01	-3.076330e-09
1.954071e+00	-5.468617e-01	3.196097e-03	-4.957347e-01	-4.800219e-09
1.960354e+00	-5.489391e-01	5.552346e-03	-4.957347e-01	-4.305339e-11
1.966637e+00	-5.495989e-01	-2.731259e-02	-4.957347e-01	-9.665111e-08
1.972920e+00	-5.242963e-01	1.742782e-02	-4.957349e-01	-7.733555e-05
1.979203e+00	-4.981864e-01	6.268709e-02	-4.597711e-01	-9.331308e-02
1.985487e+00	-3.708470e-01	-4.972760e-02	-1.577123e-01	-2.320285e-02
1.991770e+00	-2.018405e-01	-3.827048e-02	-1.278770e-01	6.678541e-03
1.998053e+00	-3.274205e-02	-3.840488e-02	-1.353517e-01	7.251260e-02
2.004336e+00	-4.155157e-02	7.933688e-02	-1.396244e-01	1.285912e-01
2.010619e+00	-8.878165e-02	5.328711e-02	-8.814355e-02	9.675211e-03
2.016902e+00	-1.364721e-01	3.117511e-02	-7.785470e-02	-5.692979e-03
2.023186e+00	-1.642158e-01	-1.743219e-02	-1.506459e-01	-2.828155e-02
2.029469e+00	-1.706143e-01	-4.619989e-03	-1.848836e-01	-9.105391e-05
2.035752e+00	-1.767866e-01	7.982094e-03	-1.848837e-01	-1.188787e-07
2.042035e+00	-1.740602e-01	4.838822e-04	-1.848837e-01	-4.483184e-09
2.048318e+00	-1.740886e-01	4.714518e-04	-1.848837e-01	-1.902823e-09
2.054602e+00	-1.741313e-01	4.296518e-04	-1.848837e-01	2.269114e-09
2.060885e+00	-1.734365e-01	1.365276e-04	-1.848837e-01	3.079145e-09
2.067168e+00	-1.734655e-01	1.502554e-04	-1.848837e-01	3.517758e-11
2.073451e+00	-1.735080e-01	1.621204e-04	-1.848837e-01	-2.969141e-09
2.079734e+00	-1.735639e-01	1.723782e-04	-1.848837e-01	-2.252508e-09
2.086018e+00	-1.736469e-01	5.267863e-04	-1.848837e-01	1.495593e-09
2.092301e+00	-1.745245e-01	5.345994e-04	-1.848837e-01	3.804998e-09
2.098584e+00	-1.754154e-01	5.707292e-04	-1.848837e-01	1.256969e-09
2.104867e+00	-1.724012e-01	-6.554451e-05	-1.848837e-01	-4.275966e-09
2.111150e+00	-1.696657e-01	4.991166e-04	-1.848837e-01	1.063742e-08
2.117433e+00	-1.669335e-01	1.008132e-03	-1.848924e-01	1.260354e-05
2.123717e+00	-4.461228e-02	3.427419e-02	-1.162946e-01	-2.844948e-02
2.130000e+00	-1.023974e-02	2.023195e-02	-4.882251e-02	2.920314e-02
2.136283e+00	1.113764e-02	4.775278e-02	-1.068817e-02	2.522566e-02
2.142566e+00	1.455769e-02	2.020158e-02	4.779445e-03	2.780894e-02
2.148849e+00	1.744920e-02	-8.466430e-03	-3.365568e-02	3.210149e-02
2.155133e+00	-1.379547e-02	-1.893339e-02	-3.086369e-03	1.304146e-03
2.161416e+00	-2.221422e-02	-4.110338e-03	-2.789188e-03	1.838183e-06
2.167699e+00	-3.035671e-02	1.056710e-02	-2.789188e-03	3.311145e-09
2.173982e+00	-2.934313e-02	-1.346250e-03	-2.789187e-03	1.302211e-09
2.180265e+00	-2.908207e-02	-5.591057e-04	-2.789187e-03	1.420588e-10
2.186548e+00	-2.880941e-02	1.301524e-04	-2.789188e-03	-9.506668e-10
2.192832e+00	-2.803570e-02	3.465725e-04	-2.789189e-03	-6.995862e-10
2.199115e+00	-2.814020e-02	3.797790e-04	-2.789188e-03	4.144713e-10
2.205398e+00	-2.824613e-02	4.309473e-04	-2.789188e-03	9.070763e-10
2.211681e+00	-2.729814e-02	3.816969e-04	-2.789187e-03	1.628750e-10
2.217964e+00	-2.810653e-02	6.543292e-04	-2.789187e-03	-8.303172e-10
2.224248e+00	-2.891169e-02	9.556423e-04	-2.789188e-03	-7.298574e-10
2.230531e+00	-2.971323e-02	1.285630e-03	-2.789189e-03	4.374455e-10
2.236814e+00	-2.710547e-02	1.898914e-03	-2.789188e-03	1.185112e-09
2.243097e+00	-3.240929e-02	8.459876e-04	-2.789187e-03	4.516913e-10
2.249380e+00	-3.773512e-02	-1.423164e-04	-2.789187e-03	6.127659e-08
2.255664e+00	1.449572e-02	8.215819e-03	-2.796816e-03	4.870794e-05
2.261947e+00	3.730487e-02	3.110390e-02	1.033525e-02	7.622414e-03
2.268230e+00	6.055236e-02	5.436539e-02	1.598786e-02	2.690034e-02
2.274513e+00	1.326946e-01	9.795617e-02	2.128982e-02	2.805401e-02
2.280796e+00	9.618931e-02	3.013064e-02	5.019689e-02	3.725536e-02
2.287079e+00	5.840881e-02	-3.816414e-02	1.449761e-01	-7.234929e-03
2.293363e+00	5.716055e-02	-6.957132e-03	1.801812e-01	1.870319e-03
2.299646e+00	9.370034e-02	-1.129688e-02	1.798797e-01	2.480249e-06
2.305929e+00	1.301528e-01	-1.696217e-02	1.798797e-01	-4.067165e-10
2.312212e+00	1.283792e-01	1.084464e-04	1.798797e-01	2.406535e-09
2.318495e+00	1.301033e-01	-2.756292e-04	1.798797e-01	3.923489e-09
2.324779e+00	1.318305e-01	-6.651433e-04	1.798797e-01	7.034620e-10
2.331062e+00	1.286812e-01	-3.636374e-04	1.798797e-01	-2.833880e-09
2.337345e+00	1.292813e-01	-3.709711e-04	1.798797e-01	-2.644483e-09
2.343628e+00	1.298913e-01	-3.858740e-04	1.798797e-01	8.025960e-10
2.349911e+00	1.294756e-01	-2.294061e-04	1.798797e-01	3.289067e-09
2.356194e+00	1.303496e-01	-1.757509e-03	1.798797e-01	1.609757e-09
2.362478e+00	1.312020e-01	-3.598384e-03	1.798797e-01	-2.588996e-09
2.368761e+00	1.320272e-01	-5.751915e-03	1.798797e-01	-4.005994e-09
2.375044e+00	1.159441e-01	1.256186e-02	1.798797e-01	-2.369987e-08
2.381327e+00	9.722393e-02	3.422387e-03	1.798797e-01	-1.888366e-05
2.387610e+00	7.836001e-02	-3.440995e-03	1.764730e-01	-1.362772e-02
2.393894e+00	6.980084e-02	-4.587475e-02	8.394495e-02	-1.263042e-02
2.400177e+00	2.178538e-01	6.315702e-02	7.814370e-02	5.505626e-03
2.406460e+00	3.679604e-01	1.699560e-01	1.461783e-01	4.568773e-02
2.412743e+00	4.678845e-01	7.942671e-02	1.203655e-01	1.254714e-01
2.419026e+00	2.950252e-01	1.036926e-01	1.482771e-01	1.908738e-02
2.425310e+00	1.227367e-01	1.375566e-01	1.531887e-01	-1.515679e-02
2.431593e+00	1.707997e-01	-7.054372e-02	3.330959e-01	-9.259870e-02
2.437876e+00	3.072531e-01	-6.926741e-02	4.924940e-01	-2.313884e-04
2.444159e+00	4.436939e-01	-7.423135e-02	4.924861e-01	-2.977593e-07
2.450442e+00	5.623779e-01	7.966332e-02	4.924861e-01	-1.313342e-09
2.456725e+00	5.804442e-01	2.953692e-02	4.924861e-01	-5.112604e-09
2.463009e+00	5.976202e-01	-1.961065e-02	4.924861e-01	-2.120151e-09
2.469292e+00	5.843469e-01	-9.734245e-03	4.924861e-01	3.913381e-09
2.475575e+00	5.859932e-01	-5.072307e-03	4.924861e-01	4.811858e-09
2.481858e+00	5.877720e-01	-5.714706e-04	4.924861e-01	-1.056988e-09
2.488141e+00	5.896806e-01	3.766654e-03	4.924861e-01	-6.157696e-09
2.494425e+00	5.859457e-01	1.492663e-02	4.924861e-01	-2.696336e-09
2.500708e+00	5.601383e-01	-1.618937e-02	4.924861e-01	6.154109e-09
2.506991e+00	5.337916e-01	-4.686382e-02	4.924861e-01	-1.697880e-07
2.513274e+00	3.409713e-01	-7.058754e-02	4.924861e-01	-1.357907e-04
2.519557e+00	2.443134e-01	2.843074e-02	4.445151e-01	-6.876821e-02
2.525840e+00	1.496176e-01	1.359031e-01	1.988977e-01	-2.481782e-02
2.532124e+00	6.113632e-01	1.385064e-01	1.855271e-01	1.016853e-02
2.538407e+00	8.924714e-01	-5.458816e-02	2.917532e-01	4.965469e-02
2.544690e+00	1.169747e+00	-2.761011e-01	8.293608e-01	2.019459e-01
2.550973e+00	1.245908e+00	3.608752e-01	1.002930e+00	2.731641e-01
2.557256e+00	9.474265e-01	1.634828e-01	3.691852e-01	5.170360e-02
2.563540e+00	6.454595e-01	-1.713796e-02	2.878946e-01	-2.092817e-03
2.569823e+00	1.475354e-01	-3.318232e-01	3.931594e-01	-6.088579e-02
2.576106e+00	3.580668e-01	-1.732645e-01	9.653056e-01	-1.053016e-01
2.582389e+00	5.714828e-01	-2.821053e-02	9.528432e-01	5.050196e-05
2.588672e+00	8.911643e-01	4.000594e-02	9.528425e-01	8.418571e-08
2.594956e+00	9.274402e-01	1.281940e-02	9.528425e-01	7.372212e-09
2.601239e+00	9.632767e-01	-1.424649e-02	9.528425e-01	-8.478421e-09
2.607522e+00	9.823368e-01	-3.572152e-03	9.528425e-01	-1.138971e-08
2.613805e+00	9.798506e-01	-5.102709e-04	9.528425e-01	1.421122e-10
2.620088e+00	9.775002e-01	2.622375e-03	9.528425e-01	1.204673e-08
2.626371e+00	9.752864e-01	5.823835e-03	9.528425e-01	8.698380e-09
2.632655e+00	9.044107e-01	1.638608e-01	9.528425e-01	-1.149309e-08
2.638938e+00	7.585272e-01	-6.068994e-02	9.528425e-01	-1.136451e-06
2.645221e+00	6.085538e-01	-2.758801e-01	9.528410e-01	-8.539497e-04
2.651504e+00	3.295818e-01	-1.228659e-01	7.144299e-01	-1.165652e-01
2.657787e+00	3.543176e-01	7.614354e-02	3.111424e-01	-4.230982e-02
2.664071e+00	3.828254e-01	2.744163e-01	2.582326e-01	6.775840e-03
2.670354e+00	1.122680e+00	2.569611e-01	3.770316e-01	6.362818e-02
2.676637e+00	1.228083e+00	-4.676887e-02	9.960322e-01	1.505818e-01
2.682920e+00	1.327778e+00	-3.591700e-01	1.350526e+00	1.857970e-03
2.689203e+00	1.428534e+00	1.743155e-01	1.350632e+00	2.235919e-03
2.695486e+00	1.127019e+00	8.996841e-02	7.333665e-01	2.059043e-01
2.701770e+00	8.240999e-01	1.544126e-02	3.521608e-01	3.315657e-02
2.708053e+00	2.979032e-01	-1.634852e-01	3.204599e-01	-1.398478e-02
2.714336e+00	3.531577e-01	-5.491506e-02	5.192105e-01	-1.020355e-01
2.720619e+00	4.104652e-01	5.159085e-02	1.042840e+00	1.585671e-02
2.726902e+00	7.492589e-01	1.275809e-01	1.026115e+00	3.032114e-05
2.733186e+00	8.972007e-01	1.826556e-02	1.026115e+00	3.706793e-08
2.739469e+00	1.043105e+00	-9.552976e-02	1.026115e+00	3.441033e-09
2.745752e+00	1.081669e+00	2.755115e-02	1.026115e+00	8.349785e-09
2.752035e+00	1.073681e+00	-1.224749e-02	1.026115e+00	-2.178681e-09
2.758318e+00	1.064994e+00	-5.551250e-02	1.026115e+00	-1.502663e-08
2.764602e+00	1.055544e+00	-1.022383e-01	1.026115e+00	-1.069995e-08
2.770885e+00	8.522780e-01	1.432807e-01	1.026115e+00	-4.050019e-06
2.777168e+00	5.720939e-01	6.345892e-02	1.026091e+00	-3.126464e-03
2.783451e+00	2.906817e-01	9.231119e-03	7.325923e-01	-9.638546e-02
2.789734e+00	3.009592e-01	-1.833909e-01	3.000132e-01	-3.383849e-02
2.796017e+00	6.824359e-01	-6.735182e-02	2.634286e-01	9.791898e-03
2.802301e+00	1.065884e+00	1.926982e-02	4.073317e-01	7.923205e-02
2.808584e+00	1.253815e+00	4.942301e-02	1.036732e+00	2.067406e-01
2.814867e+00	1.291502e+00	-1.492808e-02	1.280818e+00	6.541490e-04
2.821150e+00	1.328052e+00	-8.202600e-02	1.280818e+00	8.437817e-07
2.827433e+00	1.340295e+00	2.200919e-01	1.280818e+00	-5.022739e-07
2.833717e+00	1.177762e+00	4.144015e-02	1.288163e+00	2.021791e-03
2.840000e+00	1.011984e+00	-1.343354e-01	5.303175e-01	1.204630e-01
2.846283e+00	5.339697e-01	-2.596080e-01	3.087138e-01	1.658462e-02
2.852566e+00	4.286103e-01	3.898684e-03	3.269083e-01	-2.734609e-02
2.858849e+00	3.282925e-01	2.715199e-01	6.374972e-01	-1.514607e-01
2.865133e+00	5.473444e-01	-6.816616e-02	1.116839e+00	3.641090e-03
2.871416e+00	8.111668e-01	-1.154699e-01	1.116218e+00	4.806403e-06
2.877699e+00	1.074013e+00	-1.772437e-01	1.116218e+00	-1.940250e-08
2.883982e+00	1.335660e+00	-2.534792e-01	1.116218e+00	-8.286882e-09
2.890265e+00	1.199416e+00	-1.351846e-02	1.116218e+00	1.974064e-08
2.896548e+00	1.230301e+00	7.269950e-03	1.116218e+00	6.304391e-09
2.902832e+00	1.261705e+00	3.115677e-02	1.116218e+00	-1.389981e-05
2.909115e+00	5.080318e-01	-1.974231e-01	1.115937e+00	-1.063639e-02
2.915398e+00	3.282579e-01	4.816664e-02	6.665594e-01	-1.770831e-01
2.921681e+00	1.531890e-01	2.997523e-01	2.918322e-01	-2.829037e-02
2.927964e+00	7.002063e-01	1.380596e-01	2.654456e-01	1.193776e-02
2.934248e+00	9.610063e-01	-8.592064e-02	4.356796e-01	9.963571e-02
2.940531e+00	1.217471e+00	-3.304719e-01	1.118808e+00	1.408888e-01
2.946814e+00	1.204912e+00	1.723999e-02	1.176092e+00	2.142946e-04
2.953097e+00	1.184130e+00	2.203872e-02	1.176092e+00	3.062939e-07
2.959380e+00	1.163571e+00	3.102336e-02	1.176092e+00	-9.802492e-10
2.965663e+00	1.139089e+00	-1.378609e-02	1.176092e+00	-1.026909e-07
2.971947e+00	1.179168e+00	-9.887168e-03	1.176093e+00	-7.321455e-05
2.978230e+00	1.219406e+00	-6.739032e-03	1.236185e+00	1.249017e-01
2.984513e+00	8.355697e-01	3.953728e-02	3.918701e-01	6.844898e-02
2.990796e+00	5.534621e-01	5.678128e-02	2.732981e-01	4.393631e-03
2.997079e+00	2.717769e-01	7.861564e-02	3.386427e-01	-4.402469e-02
3.003363e+00	3.771430e-01	-8.843443e-02	8.686932e-01	-3.151514e-01
3.009646e+00	7.159409e-01	-1.023593e-01	1.174411e+00	3.658121e-04
3.015929e+00	1.054393e+00	-1.291557e-01	1.174395e+00	4.800915e-07
3.022212e+00	1.392323e+00	-1.688204e-01	1.174395e+00	-2.071657e-09
3.028495e+00	1.188526e+00	2.125191e-01	1.174395e+00	-8.195388e-08
3.034779e+00	9.432682e-01	-6.997234e-02	1.174395e+00	-4.355699e-05
3.041062e+00	6.929476e-01	-3.315624e-01	1.171677e+00	-3.315512e-02
3.047345e+00	2.790882e-01	-1.568957e-01	5.592976e-01	-1.483398e-01
3.053628e+00	3.799662e-01	8.098522e-02	2.821266e-01	-2.212487e-02
3.059911e+00	4.853082e-01	3.133916e-01	2.722349e-01	1.648053e-02
3.066194e+00	1.198533e+00	1.719356e-02	4.979756e-01	1.264076e-01
3.072478e+00	1.166085e+00	1.472171e-02	1.118261e+00	5.173252e-02
3.078761e+00	1.133689e+00	1.314786e-02	1.125228e+00	6.871535e-05
3.085044e+00	1.135975e+00	2.937280e-03	1.125228e+00	6.009275e-08
3.091327e+00	1.134032e+00	3.330555e-03	1.125228e+00	-1.676976e-08
3.097610e+00	1.132185e+00	3.738786e-03	1.125228e+00	1.277052e-08
3.103894e+00	1.148574e+00	3.792355e-02	1.125228e+00	2.328219e-08
3.110177e+00	1.140898e+00	-3.957886e-02	1.125228e+00	-6.668776e-07
3.116460e+00	1.131792e+00	-1.232774e-01	1.125253e+00	-5.092138e-04
3.122743e+00	1.009890e+00	9.693695e-02	7.752859e-01	2.883231e-01
3.129026e+00	7.547196e-01	1.839294e-01	3.189097e-01	3.962347e-02
3.135309e+00	5.014342e-01	2.895630e-01	2.625814e-01	-5.554908e-03
3.141593e+00	2.444173e-01	-4.525997e-01	3.870615e-01	-7.265285e-02
3.147876e+00	5.571008e-01	-3.259520e-01	1.331759e+00	-1.249203e-01
3.154159e+00	8.719754e-01	-2.227574e-01	1.296282e+00	-3.269650e-05
3.160442e+00	1.188660e+00	-1.430340e-01	1.296282e+00	-2.036384e-07
3.166725e+00	9.917002e-01	1.106004e-01	1.296282e+00	-1.339373e-04
3.173009e+00	6.287626e-01	9.189419e-02	1.272778e+00	-9.686225e-02
3.179292e+00	2.658914e-01	1.138444e-01	5.112041e-01	-1.283874e-01
3.185575e+00	4.646219e-01	9.391017e-03	2.812829e-01	-1.937346e-02
3.191858e+00	6.880677e-01	-1.850565e-02	2.796882e-01	1.993851e-02
3.198141e+00	9.108416e-01	-6.817476e-02	5.611986e-01	1.518055e-01
3.204425e+00	1.034125e+00	5.593164e-02	1.043886e+00	1.551611e-02
3.210708e+00	1.071803e+00	-1.963099e-03	1.044557e+00	2.024693e-05
3.216991e+00	1.108480e+00	-5.933392e-02	1.044557e+00	3.610532e-08
3.223274e+00	1.088827e+00	4.212820e-04	1.044557e+00	1.571960e-08
3.229557e+00	1.088085e+00	4.220852e-03	1.044557e+00	1.846813e-11
3.235840e+00	1.087507e+00	8.770521e-03	1.044557e+00	-9.450444e-09
3.242124e+00	1.099850e+00	8.701205e-03	1.044557e+00	-2.862042e-09
3.248407e+00	1.089643e+00	9.365693e-03	1.044557e+00	1.523793e-10
3.254690e+00	1.079540e+00	1.054248e-02	1.044557e+00	-2.264887e-06
3.260973e+00	1.132908e+00	7.962781e-02	1.045299e+00	-1.659751e-03
3.267256e+00	9.256403e-01	5.910381e-02	5.149327e-01	1.331857e-01
3.273540e+00	7.181120e-01	4.310198e-02	2.649724e-01	2.111766e-02
3.279823e+00	3.062065e-02	3.983285e-01	2.552761e-01	-1.544135e-02
3.286106e+00	3.268892e-01	1.002378e-01	4.612570e-01	-1.241272e-01
3.292389e+00	6.175400e-01	-1.986073e-01	1.385461e+00	-2.075607e-02
3.298672e+00	9.026159e-01	-4.981604e-01	1.383814e+00	-4.086575e-04
3.304955e+00	4.707198e-01	-2.146775e-01	1.250917e+00	-1.959869e-01
3.311239e+00	3.881249e-01	2.078792e-02	4.621264e-01	-1.004240e-01
3.317522e+00	3.100155e-01	2.583847e-01	2.755286e-01	-1.589895e-02
3.323805e+00	7.255818e-01	1.686768e-01	2.868062e-01	2.532189e-02
3.330088e+00	8.867777e-01	-5.607210e-02	6.615275e-01	1.379585e-01
3.336371e+00	1.043707e+00	-2.918683e-01	9.741356e-01	4.235560e-03
3.342655e+00	1.036528e+00	-7.512523e-03	9.741904e-01	5.552251e-06
3.348938e+00	1.029512e+00	1.801152e-03	9.741904e-01	1.469791e-08
3.355221e+00	1.022756e+00	1.143946e-02	9.741904e-01	-1.119764e-08
3.361504e+00	1.010816e+00	2.557964e-04	9.741904e-01	-1.102911e-08
3.367787e+00	1.012571e+00	-1.527014e-04	9.741904e-01	2.495875e-09
3.374071e+00	1.014399e+00	-5.395870e-04	9.741904e-01	1.186816e-08
3.380354e+00	1.015423e+00	-2.154228e-02	9.741904e-01	5.905455e-09
3.386637e+00	1.027790e+00	-2.072799e-02	9.741904e-01	-9.427807e-09
3.392920e+00	1.040220e+00	-2.336174e-02	9.741904e-01	1.531701e-09
3.399203e+00	1.085625e+00	1.514275e-01	9.741904e-01	1.317920e-05
3.405486e+00	9.320493e-01	9.012722e-02	9.844813e-01	1.709921e-02
3.411770e+00	7.774566e-01	3.482440e-02	3.721276e-01	7.830547e-02
3.418053e+00	6.219301e-01	-1.447327e-02	2.311220e-01	9.243689e-03
3.424336e+00	3.710788e-01	-1.155894e-01	2.594833e-01	-2.667182e-02
3.430619e+00	2.659743e-01	-1.479632e-01	5.882444e-01	-2.166669e-01
3.436902e+00	1.603210e-01	-1.755560e-01	9.835285e-01	-1.762861e-01
3.443186e+00	2.228363e-01	-1.942912e-01	3.505501e-01	-7.202769e-02
3.449469e+00	3.245198e-01	-4.448702e-02	1.995718e-01	-1.631629e-02
3.455752e+00	4.289687e-01	9.615845e-02	1.842190e-01	1.186811e-02
3.462035e+00	5.330325e-01	1.274991e-02	3.689926e-01	4.964934e-02
3.468318e+00	5.431230e-01	5.951329e-04	4.955853e-01	6.689801e-04
3.474601e+00	5.530261e-01	-1.169108e-02	4.955876e-01	8.635947e-07
3.480885e+00	5.481527e-01	-1.874887e-03	4.955876e-01	-4.448938e-09
3.487168e+00	5.480642e-01	-1.102558e-03	4.955876e-01	3.991129e-09
3.493451e+00	5.480330e-01	-3.824211e-04	4.955876e-01	5.918894e-09
3.499734e+00	5.475096e-01	1.300711e-04	4.955876e-01	-1.942008e-10
3.506017e+00	5.470852e-01	8.595529e-05	4.955876e-01	-5.269041e-09
3.512301e+00	5.467034e-01	6.863022e-05	4.955876e-01	-3.011373e-09
3.518584e+00	5.434477e-01	-7.775008e-03	4.955876e-01	3.090915e-09
3.524867e+00	5.487847e-01	-2.641528e-03	4.955876e-01	4.840150e-09
3.531150e+00	5.542599e-01	2.309358e-03	4.955876e-01	1.615258e-11
3.537433e+00	5.921110e-01	5.439088e-02	4.955876e-01	8.994813e-08
3.543717e+00	5.488781e-01	1.961208e-02	4.955878e-01	7.221647e-05
3.550000e+00	5.050464e-01	-1.404384e-02	4.606702e-01	9.371821e-02
3.556283e+00	4.606283e-01	-4.657219e-02	1.576989e-01	2.319816e-02
3.562566e+00	1.895406e-01	-8.373090e-02	1.279023e-01	-6.714297e-03
3.568849e+00	7.416686e-02	-2.219308e-02	1.353832e-01	-7.195028e-02
3.575132e+00	-4.002783e-02	4.126829e-02	1.401230e-01	-1.293161e-01
3.581416e+00	9.061577e-02	-3.606853e-02	8.807711e-02	-9.645897e-03
3.587699e+00	1.312066e-01	-3.168817e-02	7.779941e-02	5.686820e-03
3.593982e+00	1.718605e-01	-3.056136e-02	1.497444e-01	2.853404e-02
3.600265e+00	1.799461e-01	1.229154e-02	1.848061e-01	9.290166e-05
3.606548e+00	1.779209e-01	6.730783e-03	1.848061e-01	1.212584e-07
3.612832e+00	1.758142e-01	2.140322e-03	1.848061e-01	4.583905e-09
3.619115e+00	1.740030e-01	-4.508031e-04	1.848061e-01	1.962721e-09
3.625398e+00	1.742630e-01	-2.279070e-04	1.848061e-01	-2.301786e-09
3.631681e+00	1.745407e-01	-2.751021e-05	1.848061e-01	-3.146137e-09
3.637964e+00	1.747356e-01	9.661768e-05	1.848061e-01	-5.513039e-11
3.644247e+00	1.745619e-01	1.009552e-04	1.848061e-01	3.017829e-09
3.650531e+00	1.744023e-01	1.132693e-04	1.848061e-01	2.314168e-09
3.656814e+00	1.743203e-01	-6.719797e-03	1.848061e-01	-1.500172e-09
3.663097e+00	1.748760e-01	-2.533918e-03	1.848061e-01	-3.890833e-09
3.669380e+00	1.755223e-01	1.425162e-03	1.848061e-01	-1.327776e-09
3.675663e+00	1.994564e-01	7.960989e-02	1.848061e-01	4.309044e-09
3.681947e+00	1.667663e-01	2.861507e-02	1.848061e-01	-5.078002e-08
3.688230e+00	1.331511e-01	-2.018409e-02	1.848158e-01	-4.354258e-05
3.694513e+00	9.864585e-02	-6.678000e-02	1.160656e-01	2.854503e-02
3.700796e+00	2.127069e-03	-4.780325e-02	4.899250e-02	-2.915332e-02
3.707079e+00	-9.089538e-03	-4.390509e-02	1.067172e-02	-2.522987e-02
3.713363e+00	-2.023930e-02	-4.059334e-02	-4.812365e-03	-2.782656e-02
3.719646e+00	-1.007317e-02	-6.209586e-03	3.399188e-02	-3.157916e-02
3.725929e+00	7.304825e-03	-4.959984e-03	2.848716e-03	-9.293906e-04
3.732212e+00	2.470423e-02	-4.030663e-03	2.760533e-03	-1.230015e-06
3.738495e+00	2.700913e-02	-1.675470e-04	2.760534e-03	-2.398432e-09
3.744778e+00	2.826636e-02	-6.772543e-04	2.760533e-03	-1.281327e-09
3.751062e+00	2.951603e-02	-1.207526e-03	2.760533e-03	-2.110560e-10
3.757345e+00	2.709116e-02	-1.350256e-03	2.760533e-03	9.085853e-10
3.763628e+00	2.718055e-02	-7.140832e-04	2.760534e-03	7.382599e-10
3.769911e+00	2.728382e-02	-1.037577e-04	2.760534e-03	-3.579072e-10
3.776194e+00	2.744406e-02	-1.539627e-04	2.760534e-03	-9.143655e-10
3.782478e+00	2.743943e-02	1.269205e-04	2.760533e-03	-2.233444e-10
3.788761e+00	2.744225e-02	4.065589e-04	2.760533e-03	8.049234e-10
3.795044e+00	2.987875e-02	3.689206e-03	2.760534e-03	7.823390e-10
3.801327e+00	2.860758e-02	1.922029e-03	2.760534e-03	-3.788986e-10
3.807610e+00	2.730569e-02	1.829060e-04	2.760534e-03	-1.222259e-09
3.813893e+00	2.597337e-02	-1.527922e-03	2.760533e-03	-7.214060e-10
3.820177e+00	1.700262e-02	9.593074e-03	2.760533e-03	-1.852999e-07
3.826460e+00	-2.741465e-03	-2.146276e-03	2.758077e-03	-1.429225e-04
3.832743e+00	-2.269629e-02	-1.265355e-02	-1.043672e-02	-7.865791e-03
3.839026e+00	-8.787418e-02	-5.085863e-02	-1.604918e-02	-2.693288e-02
3.845309e+00	-1.027115e-01	-2.496262e-02	-2.130567e-02	-2.807065e-02
3.851593e+00	-1.170370e-01	4.368704e-03	-5.019007e-02	-3.728283e-02
3.857876e+00	-5.989995e-02	6.367804e-02	-1.450058e-01	7.468689e-03
3.864159e+00	-7.220965e-02	2.111122e-02	-1.802174e-01	-1.729089e-03
3.870442e+00	-8.531133e-02	-1.975050e-02	-1.799365e-01	-2.293008e-06
3.876725e+00	-1.259687e-01	-2.119777e-02	-1.799365e-01	5.910726e-10
3.883009e+00	-1.318163e-01	-7.117777e-03	-1.799365e-01	-2.316878e-09
3.889292e+00	-1.374133e-01	6.497199e-03	-1.799365e-01	-3.846707e-09
3.895575e+00	-1.376939e-01	-1.393686e-03	-1.799365e-01	-7.153675e-10
3.901858e+00	-1.375354e-01	-6.049957e-04	-1.799365e-01	2.769545e-09
3.908141e+00	-1.373738e-01	9.154148e-05	-1.799365e-01	2.608207e-09
3.914424e+00	-1.363019e-01	3.444919e-04	-1.799365e-01	-7.712600e-10
3.920708e+00	-1.370969e-01	9.594352e-04	-1.799365e-01	-3.226934e-09
3.926991e+00	-1.378906e-01	1.625731e-03	-1.799365e-01	-1.593816e-09
3.933274e+00	-1.304003e-01	1.950395e-03	-1.799365e-01	2.523664e-09
3.939557e+00	-1.289282e-01	2.600024e-04	-1.799365e-01	3.927769e-09
3.945840e+00	-1.274992e-01	-1.532375e-03	-1.799365e-01	2.327865e-08
3.952124e+00	-1.261149e-01	-3.426265e-03	-1.799365e-01	1.852243e-05
3.958407e+00	-7.421169e-02	1.806217e-02	-1.766154e-01	1.337359e-02
3.964690e+00	-9.848982e-02	-4.374619e-02	-8.399403e-02	1.261689e-02
3.970973e+00	-1.239552e-01	-1.070025e-01	-7.820945e-02	-5.522096e-03
3.977256e+00	-3.481667e-01	-1.435851e-01	-1.457707e-01	-4.622830e-02
3.983539e+00	-3.505030e-01	2.816787e-02	-1.203085e-01	-1.255153e-01
3.989823e+00	-3.495792e-01	2.053491e-01	-1.482390e-01	-1.900454e-02
3.996106e+00	-1.289020e-01	6.023356e-02	-1.532109e-01	1.516240e-02
4.002389e+00	-1.816208e-01	1.142878e-02	-3.334034e-01	9.231297e-02
4.008672e+00	-2.352747e-01	-3.743759e-02	-4.926063e-01	2.547524e-04
4.014955e+00	-4.997480e-01	4.845380e-03	-4.925989e-01	3.282782e-07
4.021239e+00	-5.404835e-01	6.194964e-03	-4.925989e-01	1.368476e-09
4.027522e+00	-5.812305e-01	8.115050e-03	-4.925989e-01	5.075322e-09
4.033805e+00	-5.788915e-01	-1.708691e-03	-4.925989e-01	2.115443e-09
4.040088e+00	-5.793098e-01	-2.531048e-04	-4.925989e-01	-3.867195e-09
4.046371e+00	-5.797476e-01	1.077900e-03	-4.925989e-01	-4.786665e-09
4.052655e+00	-5.732268e-01	1.321813e-02	-4.925989e-01	1.013498e-09
4.058938e+00	-5.842668e-01	1.760732e-02	-4.925989e-01	6.101251e-09
4.065221e+00	-5.952445e-01	2.466932e-02	-4.925989e-01	2.720795e-09
4.071504e+00	-6.275575e-01	-1.715536e-01	-4.925989e-01	-6.057270e-09
4.077787e+00	-4.944363e-01	-8.511478e-02	-4.925989e-01	1.684131e-07
4.084070e+00	-3.598376e-01	-9.744847e-03	-4.925990e-01	1.347197e-04
4.090354e+00	-2.239443e-01	5.454474e-02	-4.451280e-01	6.836212e-02
4.096637e+00	-2.535983e-01	9.381057e-02	-1.989657e-01	2.482467e-02
4.102920e+00	-5.585389e-01	-1.792460e-01	-1.855686e-01	-1.016850e-02
4.109203e+00	-8.686322e-01	-4.472205e-01	-2.918142e-01	-4.966583e-02
4.115486e+00	-1.323365e+00	-1.299262e-01	-8.293545e-01	-2.022618e-01
4.121770e+00	-1.145186e+00	-4.111080e-02	-1.002632e+00	-2.724701e-01
4.128053e+00	-9.654702e-01	4.228126e-02	-3.692234e-01	-5.170616e-02
4.134336e+00	-5.281288e-01	1.283701e-01	-2.879303e-01	2.092722e-03
4.140619e+00	-3.665344e-01	-1.015022e-01	-3.931944e-01	6.088729e-02
4.146902e+00	-2.094031e-01	-3.422390e-01	-9.642821e-01	1.050597e-01
4.153185e+00	-5.748554e-01	-7.369574e-02	-9.528093e-01	-4.688025e-05
4.159469e+00	-7.741146e-01	6.777580e-02	-9.528085e-01	-7.929481e-08
4.165752e+00	-9.706846e-01	2.178621e-01	-9.528086e-01	-7.333130e-09
4.172035e+00	-9.599019e-01	-1.142877e-02	-9.528086e-01	8.405218e-09
4.178318e+00	-9.642007e-01	-1.911572e-03	-9.528086e-01	1.132360e-08
4.184601e+00	-9.684060e-01	6.569207e-03	-9.528085e-01	-1.268610e-10
4.190885e+00	-9.772294e-01	-3.260870e-02	-9.528085e-01	-1.197134e-08
4.197168e+00	-9.604179e-01	-5.083447e-03	-9.528086e-01	-8.656484e-09
4.203451e+00	-9.431648e-01	2.238663e-02	-9.528086e-01	1.141885e-08
4.209734e+00	-9.254680e-01	4.979849e-02	-9.528085e-01	1.132080e-06
4.216017e+00	-6.079639e-01	1.551287e-02	-9.528071e-01	8.506958e-04
4.222301e+00	-3.447717e-01	-1.275898e-01	-7.152436e-01	1.167944e-01
4.228584e+00	-8.447655e-02	-2.903839e-01	-3.111563e-01	4.231162e-02
4.234867e+00	-5.901956e-01	3.437516e-03	-2.582471e-01	-6.778417e-03
4.241150e+00	-9.662132e-01	1.573529e-01	-3.770705e-01	-6.363910e-02
4.247433e+00	-1.339114e+00	3.435401e-01	-9.966644e-01	-1.511319e-01
4.253716e+00	-1.387773e+00	-2.005081e-01	-1.350628e+00	-1.852907e-03
4.260000e+00	-1.293365e+00	-4.970338e-03	-1.350731e+00	-2.287817e-03
4.266283e+00	-1.195435e+00	1.840066e-01	-7.335296e-01	-2.059367e-01
4.272566e+00	-8.144787e-01	-5.741185e-02	-3.521742e-01	-3.315547e-02
4.278849e+00	-5.302675e-01	-1.381099e-01	-3.204741e-01	1.398411e-02
4.285132e+00	-2.477324e-01	-2.307310e-01	-5.192196e-01	1.020570e-01
4.291416e+00	-3.467095e-01	7.762933e-02	-1.042626e+00	-1.548280e-02
4.297699e+00	-6.429294e-01	1.063672e-01	-1.026091e+00	-2.973226e-05
4.303982e+00	-9.385251e-01	1.485718e-01	-1.026091e+00	-3.630869e-08
4.310265e+00	-1.063494e+00	2.948873e-02	-1.026091e+00	-3.437061e-09
4.316548e+00	-1.062229e+00	6.051999e-03	-1.026091e+00	-8.316495e-09
4.322831e+00	-1.061497e+00	-1.806274e-02	-1.026091e+00	2.164170e-09
4.329115e+00	-1.118735e+00	-4.068250e-01	-1.026091e+00	1.495558e-08
4.335398e+00	-1.023855e+00	-1.421043e-01	-1.026091e+00	1.066950e-08
4.341681e+00	-9.241630e-01	1.130271e-01	-1.026091e+00	4.037545e-06
4.347964e+00	-8.198204e-01	3.585301e-01	-1.026066e+00	3.116792e-03
4.354247e+00	-2.755735e-01	1.179661e-01	-7.326354e-01	9.688605e-02
4.360531e+00	-3.177900e-01	-6.564316e-02	-3.000244e-01	3.384058e-02
4.366814e+00	-3.634851e-01	-2.483728e-01	-2.634398e-01	-9.793990e-03
4.373097e+00	-1.127966e+00	-2.202763e-01	-4.073676e-01	-7.924015e-02
4.379380e+00	-1.214295e+00	8.777110e-02	-1.037537e+00	-2.065087e-01
4.385663e+00	-1.294826e+00	4.053667e-01	-1.280870e+00	-6.524607e-04
4.391947e+00	-1.252558e+00	2.498914e-02	-1.280871e+00	-8.421516e-07
4.398230e+00	-1.273373e+00	9.276335e-03	-1.280871e+00	9.498919e-08
4.404513e+00	-1.294570e+00	-4.873213e-03	-1.288120e+00	-2.307747e-03
4.410796e+00	-1.105432e+00	-1.376301e-01	-5.303210e-01	-1.204925e-01
4.417079e+00	-7.234505e-01	-1.598222e-01	-3.087167e-01	-1.658346e-02
4.423362e+00	-3.421050e-01	-1.987139e-01	-3.269095e-01	2.734388e-02
4.429646e+00	-2.856248e-01	1.691805e-01	-6.375645e-01	1.514966e-01
4.435929e+00	-5.723431e-01	1.454808e-01	-1.116828e+00	-3.567669e-03
4.442212e+00	-8.594235e-01	1.347631e-01	-1.116214e+00	-4.710140e-06
4.448495e+00	-1.166177e+00	-2.183390e-01	-1.116214e+00	1.939021e-08
4.454778e+00	-1.187431e+00	-5.994709e-02	-1.116214e+00	8.253590e-09
4.461062e+00	-1.205776e+00	1.003647e-01	-1.116214e+00	-1.964784e-08
4.467345e+00	-1.129770e+00	-1.551839e-01	-1.116214e+00	-6.255662e-09
4.473628e+00	-8.661626e-01	-5.328410e-02	-1.116214e+00	1.386200e-05
4.479911e+00	-6.009440e-01	2.471269e-02	-1.115933e+00	1.060749e-02
4.486194e+00	-3.345140e-01	7.879481e-02	-6.664653e-01	1.771143e-01
4.492477e+00	-3.765250e-01	8.611433e-02	-2.918434e-01	2.829307e-02
4.498761e+00	-6.287687e-01	-5.305262e-02	-2.654549e-01	-1.193931e-02
4.505044e+00	-8.834963e-01	-1.712202e-01	-4.357078e-01	-9.962866e-02
4.511327e+00	-1.125558e+00	-5.517947e-02	-1.119016e+00	-1.405453e-01
4.517610e+00	-1.181789e+00	1.246489e-02	-1.176107e+00	-2.137356e-04
4.523893e+00	-1.236828e+00	8.131889e-02	-1.176107e+00	-3.054799e-07
4.530177e+00	-1.214544e+00	-1.904728e-02	-1.176107e+00	9.781992e-10
4.536460e+00	-1.201287e+00	2.586103e-02	-1.176107e+00	9.949771e-08
4.542743e+00	-1.187257e+00	7.313961e-02	-1.176108e+00	7.074516e-05
4.549026e+00	-1.145917e+00	-2.423452e-01	-1.235235e+00	-1.250578e-01
4.555309e+00	-8.942094e-01	-1.125471e-01	-3.918497e-01	-6.844576e-02
4.561593e+00	-6.402260e-01	7.083021e-03	-2.732931e-01	-4.393161e-03
4.567876e+00	-1.223076e-01	4.775688e-01	-3.386303e-01	4.402049e-02
4.574159e+00	-4.052524e-01	2.588818e-01	-8.686194e-01	3.145311e-01
4.580442e+00	-6.921654e-01	5.887409e-02	-1.174425e+00	-3.536717e-04
4.586725e+00	-1.131554e+00	-8.987989e-02	-1.174409e+00	-4.643068e-07
4.593008e+00	-1.187692e+00	-3.225430e-02	-1.174409e+00	2.082284e-09
4.599292e+00	-1.242847e+00	2.400127e-02	-1.174409e+00	8.173062e-08
4.605575e+00	-7.660000e-01	5.041563e-01	-1.174409e+00	4.344328e-05
4.611858e+00	-5.698983e-01	2.313907e-01	-1.171700e+00	3.306881e-02
4.618141e+00	-3.790426e-01	-4.650139e-02	-5.593014e-01	1.483384e-01
4.624424e+00	-1.934923e-01	-3.294740e-01	-2.821380e-01	2.212754e-02
4.630708e+00	-6.449699e-01	-8.595984e-02	-2.722444e-01	-1.648212e-02
4.636991e+00	-9.068068e-01	1.058228e-01	-4.979780e-01	-1.263976e-01
4.643274e+00	-1.164920e+00	3.176744e-01	-1.118285e+00	-5.159389e-02
4.649557e+00	-1.175910e+00	-3.231330e-02	-1.125227e+00	-6.852987e-05
4.655840e+00	-1.168601e+00	-2.303214e-02	-1.125227e+00	-5.996908e-08
4.662123e+00	-1.161245e+00	-1.764070e-02	-1.125227e+00	1.669111e-08
4.668407e+00	-1.153201e+00	4.734002e-03	-1.125227e+00	-1.271702e-08
4.674690e+00	-1.163974e+00	2.658372e-03	-1.125227e+00	-2.318125e-08
4.680973e+00	-1.174876e+00	7.759772e-04	-1.125227e+00	6.471910e-07
4.687256e+00	-1.183410e+00	-1.523849e-01	-1.125252e+00	4.941269e-04
4.693539e+00	-1.010933e+00	-6.612927e-02	-7.753490e-01	-2.878046e-01
4.699823e+00	-8.369740e-01	1.371791e-02	-3.188935e-01	-3.961887e-02
4.706106e+00	-1.945144e-01	2.405726e-01	-2.625727e-01	5.554298e-03
4.712389e+00	-3.697234e-01	1.078918e-01	-3.870351e-01	7.265126e-02
4.718672e+00	-5.473673e-01	-1.543283e-02	-1.330940e+00	1.252440e-01
4.724955e+00	-1.216397e+00	-7.124523e-01	-1.296339e+00	3.471221e-05
4.731239e+00	-1.120647e+00	-2.402261e-01	-1.296339e+00	2.058912e-07
4.737522e+00	-1.016281e+00	2.119576e-01	-1.296339e+00	1.335946e-04
4.743805e+00	-9.036562e-01	6.440274e-01	-1.272916e+00	9.662115e-02
4.750088e+00	-3.226221e-01	1.816566e-01	-5.112401e-01	1.283800e-01
4.756371e+00	-4.100938e-01	-6.970316e-02	-2.812979e-01	1.937675e-02
4.762654e+00	-5.022782e-01	-3.146369e-01	-2.796991e-01	-1.993977e-02
4.768938e+00	-1.090201e+00	4.966307e-03	-5.611656e-01	-1.517967e-01
4.775221e+00	-1.069826e+00	-6.112674e-03	-1.043870e+00	-1.546872e-02
4.781504e+00	-1.049746e+00	-1.728495e-02	-1.044539e+00	-2.018511e-05
4.787787e+00	-1.084236e+00	-1.429013e-02	-1.044539e+00	-3.599032e-08
4.794070e+00	-1.076551e+00	-1.005261e-02	-1.044539e+00	-1.564342e-08
4.800354e+00	-1.068878e+00	-6.454981e-03	-1.044539e+00	-1.310077e-11
4.806637e+00	-1.076536e+00	5.564269e-03	-1.044539e+00	9.411409e-09
4.812920e+00	-1.086996e+00	1.554169e-02	-1.044539e+00	2.857690e-09
4.819203e+00	-1.097331e+00	2.804750e-02	-1.044539e+00	-3.023924e-10
4.825486e+00	-1.131279e+00	-1.728728e-01	-1.044539e+00	2.143630e-06
4.831770e+00	-1.015282e+00	-4.078665e-02	-1.045272e+00	1.567635e-03
4.838053e+00	-8.968936e-01	8.966084e-02	-5.149494e-01	-1.332187e-01
4.844336e+00	-5.124435e-01	2.940431e-01	-2.649564e-01	-2.111430e-02
4.850619e+00	-4.477648e-01	1.466595e-02	-2.552622e-01	1.543933e-02
4.856902e+00	-3.884347e-01	-2.695614e-01	-4.612430e-01	1.241605e-01
4.863185e+00	-7.509448e-01	-7.781354e-02	-1.385513e+00	2.100128e-02
4.869469e+00	-6.229514e-01	2.239492e-02	-1.383930e+00	4.079551e-04
4.875752e+00	-4.933164e-01	1.024335e-01	-1.251520e+00	1.955927e-01
4.882035e+00	-3.623950e-01	1.622894e-01	-4.621866e-01	1.004338e-01
4.888318e+00	-4.295994e-01	7.538786e-02	-2.755492e-01	1.590288e-02
4.894601e+00	-7.140797e-01	1.185156e-01	-2.868211e-01	-2.532293e-02
4.900885e+00	-9.975702e-01	1.875601e-01	-6.613795e-01	-1.382217e-01
4.907168e+00	-1.006547e+00	-5.414591e-02	-9.741131e-01	-4.219581e-03
4.913451e+00	-1.016584e+00	-1.063369e-02	-9.741677e-01	-5.531252e-06
4.919734e+00	-1.025902e+00	3.061655e-02	-9.741677e-01	-1.461531e-08
4.926017e+00	-1.012625e+00	1.026309e-03	-9.741677e-01	1.113891e-08
4.932300e+00	-1.012066e+00	2.153537e-04	-9.741677e-01	1.095694e-08
4.938584e+00	-1.011603e+00	-7.107752e-04	-9.741677e-01	-2.494452e-09
4.944867e+00	-1.011626e+00	-2.085787e-03	-9.741677e-01	-1.179560e-08
4.951150e+00	-1.009325e+00	8.092036e-04	-9.741677e-01	-5.847586e-09
4.957433e+00	-1.007049e+00	3.690617e-03	-9.741677e-01	9.374979e-09
4.963716e+00	-9.929752e-01	8.796803e-03	-9.741677e-01	-2.660841e-09
4.970000e+00	-1.013787e+00	1.106352e-02	-9.741677e-01	-1.393259e-05
4.976283e+00	-1.034630e+00	1.392247e-02	-9.841807e-01	-1.753614e-02
4.982566e+00	-8.235824e-01	-2.118924e-02	-3.720895e-01	-7.831698e-02
4.988849e+00	-6.044492e-01	-3.163016e-02	-2.311075e-01	-9.241981e-03
4.995132e+00	-3.856157e-01	-4.681269e-02	-2.594651e-01	2.666826e-02
5.001416e+00	-2.125344e-01	3.252459e-01	-5.884151e-01	2.166817e-01
5.007699e+00	-2.101719e-01	2.031316e-01	-9.845507e-01	1.765981e-01
5.013982e+00	-2.101358e-01	8.012026e-02	-3.506265e-01	7.204432e-02
5.020265e+00	-2.124426e-01	-4.376761e-02	-1.996150e-01	1.631832e-02
5.026548e+00	-4.681786e-01	-7.618839e-02	-1.842734e-01	-1.187696e-02
5.032831e+00	-5.061483e-01	3.792322e-02	-3.696514e-01	-5.021482e-02
5.039115e+00	-5.419512e-01	1.581343e-01	-4.957009e-01	-6.637152e-04
5.045398e+00	-5.471747e-01	-5.741277e-04	-4.957032e-01	-8.567789e-07
5.051681e+00	-5.484573e-01	6.383414e-04	-4.957032e-01	4.352981e-09
5.057964e+00	-5.497597e-01	1.929075e-03	-4.957032e-01	-4.000961e-09
5.064247e+00	-5.414367e-01	9.057067e-05	-4.957032e-01	-5.854419e-09
5.070531e+00	-5.427839e-01	2.836744e-04	-4.957032e-01	2.304646e-10
5.076814e+00	-5.441701e-01	4.969023e-04	-4.957032e-01	5.234723e-09
5.083097e+00	-5.437551e-01	3.236097e-03	-4.957032e-01	2.967315e-09
5.089380e+00	-5.447165e-01	1.009610e-03	-4.957032e-01	-3.078775e-09
5.095663e+00	-5.457607e-01	-1.004978e-03	-4.957032e-01	-4.802301e-09
5.101946e+00	-5.576045e-01	-1.564149e-02	-4.957032e-01	-3.915194e-11
5.108230e+00	-5.519017e-01	9.890277e-03	-4.957032e-01	-9.620993e-08
5.114513e+00	-5.457372e-01	3.801589e-02	-4.957034e-01	-7.699938e-05
5.120796e+00	-5.307110e-01	-1.480173e-01	-4.598092e-01	-9.333524e-02
5.127079e+00	-3.768875e-01	-7.279305e-02	-1.577050e-01	-2.320133e-02
5.133362e+00	-2.217824e-01	-7.987940e-03	-1.278753e-01	6.681566e-03
5.139646e+00	-6.556217e-02	4.638796e-02	-1.353504e-01	7.249255e-02
5.145929e+00	-3.495684e-02	7.786841e-02	-1.396665e-01	1.287127e-01
5.152212e+00	-7.660137e-02	3.082651e-02	-8.816449e-02	9.680806e-03
5.158495e+00	-1.191174e-01	-1.377346e-02	-7.785772e-02	-5.688980e-03
5.164778e+00	-1.642480e-01	-1.153440e-02	-1.505969e-01	-2.828963e-02
5.171062e+00	-1.725664e-01	-3.326812e-04	-1.848674e-01	-9.112562e-05
5.177345e+00	-1.806871e-01	1.092178e-02	-1.848674e-01	-1.189711e-07
5.183628e+00	-1.756871e-01	9.976453e-04	-1.848674e-01	-4.487490e-09
5.189911e+00	-1.752676e-01	4.442879e-04	-1.848674e-01	-1.905669e-09
5.196194e+00	-1.748722e-01	-9.364216e-05	-1.848674e-01	2.270550e-09
5.202477e+00	-1.742981e-01	5.160373e-04	-1.848674e-01	3.082505e-09
5.208761e+00	-1.743233e-01	1.498608e-05	-1.848674e-01	3.634431e-11
5.215044e+00	-1.743717e-01	-4.883324e-04	-1.848674e-01	-2.971738e-09
5.221327e+00	-1.749873e-01	2.877162e-04	-1.848674e-01	-2.256150e-09
5.227610e+00	-1.757312e-01	4.102461e-04	-1.848674e-01	1.495733e-09
5.233893e+00	-1.764863e-01	5.723936e-04	-1.848674e-01	3.810207e-09
5.240177e+00	-1.799436e-01	-8.752195e-03	-1.848674e-01	1.260942e-09
5.246460e+00	-1.724331e-01	-1.870286e-03	-1.848674e-01	-4.278410e-09
5.252743e+00	-1.648084e-01	4.848081e-03	-1.848674e-01	1.236900e-08
5.259026e+00	-1.157291e-01	6.571102e-02	-1.848762e-01	1.393978e-05
5.265309e+00	-6.884457e-02	4.627255e-02	-1.162789e-01	-2.844936e-02
5.271592e+00	-2.233969e-02	2.628281e-02	-4.882888e-02	2.921833e-02
5.277876e+00	2.378421e-02	5.745067e-03	-1.067120e-02	2.524615e-02
5.284159e+00	1.639225e-02	4.350234e-02	4.827221e-03	2.784193e-02
5.290442e+00	8.386873e-03	9.247645e-03	-3.372270e-02	3.217577e-02
5.296725e+00	-2.663212e-04	-2.528582e-02	-3.091752e-03	1.305774e-03
5.303008e+00	-2.472839e-02	-1.045076e-02	-2.794512e-03	1.840276e-06
5.309292e+00	-2.676631e-02	-3.443835e-03	-2.794512e-03	3.315298e-09
5.315575e+00	-2.867820e-02	3.153452e-03	-2.794511e-03	1.305422e-09
5.321858e+00	-2.929185e-02	-5.374679e-04	-2.794511e-03	1.430666e-10
5.328141e+00	-2.876541e-02	-2.658847e-04	-2.794512e-03	-9.530870e-10
5.334424e+00	-2.823646e-02	-3.056991e-05	-2.794513e-03	-7.017389e-10
5.340708e+00	-2.782685e-02	1.526368e-04	-2.794512e-03	4.154971e-10
5.346991e+00	-2.819029e-02	1.719170e-04	-2.794512e-03	9.098468e-10
5.353274e+00	-2.855552e-02	1.979013e-04	-2.794511e-03	1.635495e-10
5.359557e+00	-2.660792e-02	-2.572525e-04	-2.794511e-03	-8.327352e-10
5.365840e+00	-2.880261e-02	3.524867e-04	-2.794512e-03	-7.319771e-10
5.372123e+00	-3.098788e-02	9.780594e-04	-2.794513e-03	4.386730e-10
5.378407e+00	-2.850145e-02	-1.442145e-02	-2.794512e-03	1.188251e-09
5.384690e+00	-2.511353e-02	-1.975151e-03	-2.794511e-03	4.527206e-10
5.390973e+00	-2.149494e-02	1.028803e-02	-2.794511e-03	6.157788e-08
5.397256e+00	1.399342e-02	-7.303876e-03	-2.802131e-03	4.894100e-05
5.403539e+00	4.138958e-02	2.020966e-02	1.034648e-02	7.631930e-03
5.409823e+00	6.930568e-02	4.771477e-02	1.600633e-02	2.693189e-02
5.416106e+00	9.774689e-02	7.520690e-02	2.131444e-02	2.808701e-02
5.422389e+00	1.110794e-01	1.252471e-02	5.025465e-02	3.729946e-02
5.428672e+00	6.552982e-02	1.258103e-02	1.451299e-01	-7.222412e-03
5.434955e+00	1.998913e-02	1.308726e-02	1.801532e-01	1.881736e-03
5.441238e+00	1.027663e-01	4.653900e-04	1.798506e-01	2.495279e-06
5.447522e+00	1.217850e-01	-4.513733e-03	1.798506e-01	-3.900124e-10
5.453805e+00	1.407160e-01	-9.894273e-03	1.798506e-01	2.411640e-09
5.460088e+00	1.333709e-01	-2.740385e-03	1.798506e-01	3.927889e-09
5.466371e+00	1.327817e-01	-1.066487e-03	1.798506e-01	7.026514e-10
5.472654e+00	1.322342e-01	5.819178e-04	1.798506e-01	-2.837911e-09
5.478938e+00	1.324231e-01	-2.863888e-04	1.798506e-01	-2.646254e-09
5.485221e+00	1.326955e-01	-2.995179e-04	1.798506e-01	8.045774e-10
5.491504e+00	1.329778e-01	-3.472074e-04	1.798506e-01	3.292311e-09
5.497787e+00	1.342613e-01	4.160770e-03	1.798506e-01	1.610351e-09
5.504070e+00	1.329527e-01	-1.031598e-03	1.798506e-01	-2.591903e-09
5.510354e+00	1.315543e-01	-6.468409e-03	1.798506e-01	-4.009224e-09
5.516637e+00	1.267213e-01	5.823229e-03	1.798506e-01	-2.371546e-08
5.522920e+00	1.012418e-01	1.048258e-02	1.798506e-01	-1.889718e-05
5.529203e+00	7.588655e-02	1.801789e-02	1.764406e-01	-1.363717e-02
5.535486e+00	5.070474e-02	2.842784e-02	8.393838e-02	-1.262598e-02
5.541769e+00	1.816979e-01	-4.395798e-02	7.815312e-02	5.508995e-03
5.548053e+00	3.401653e-01	-9.214644e-02	1.462338e-01	4.568168e-02
5.554336e+00	4.975966e-01	-1.575421e-01	1.204044e-01	1.255101e-01
5.560619e+00	2.888159e-01	2.573909e-02	1.483247e-01	1.909676e-02
5.566902e+00	1.855204e-01	1.386116e-01	1.532341e-01	-1.516026e-02
5.573185e+00	8.445158e-02	2.608172e-01	3.331404e-01	-9.258769e-02
5.579469e+00	2.753720e-01	-6.648630e-02	4.924517e-01	-2.293008e-04
5.585752e+00	4.025049e-01	-7.530485e-02	4.924437e-01	-2.950314e-07
5.592035e+00	5.294396e-01	-9.104200e-02	4.924437e-01	-1.306413e-09
5.598318e+00	5.883097e-01	6.003522e-02	4.924437e-01	-5.115104e-09
5.604601e+00	5.834793e-01	2.655509e-02	4.924437e-01	-2.122392e-09
5.610884e+00	5.780933e-01	-3.817801e-03	4.924437e-01	3.915256e-09
5.617168e+00	5.605460e-01	-8.784538e-03	4.924437e-01	4.814427e-09
5.623451e+00	5.675016e-01	-6.670269e-03	4.924437e-01	-1.058062e-09
5.629734e+00	5.745380e-01	-4.934615e-03	4.924437e-01	-6.161227e-09
5.636017e+00	5.658144e-01	-6.469362e-03	4.924437e-01	-2.696145e-09
5.642300e+00	5.743757e-01	-2.811699e-03	4.924437e-01	6.159185e-09
5.648584e+00	5.830505e-01	8.100823e-04	4.924437e-01	-1.698704e-07
5.654867e+00	2.277398e-01	-1.968338e-01	4.924437e-01	-1.358554e-04
5.661150e+00	2.275469e-01	-4.116954e-02	4.444413e-01	-6.879144e-02
5.667433e+00	2.303469e-01	1.188974e-01	1.988828e-01	-2.481439e-02
5.673716e+00	2.362229e-01	2.833405e-01	1.855210e-01	1.016958e-02
5.680000e+00	9.028904e-01	1.487360e-01	2.917496e-01	4.965496e-02
5.686283e+00	1.168158e+00	-1.629886e-01	8.293691e-01	2.019268e-01
5.692566e+00	1.427462e+00	-4.951879e-01	1.002960e+00	2.732140e-01
5.698849e+00	1.062753e+00	1.276757e-01	3.691862e-01	5.170394e-02
5.705132e+00	6.439639e-01	1.467256e-01	2.878950e-01	-2.092835e-03
5.711415e+00	2.257143e-01	1.805870e-01	3.931608e-01	-6.088616e-02
5.717699e+00	2.999411e-01	-1.554519e-02	9.653780e-01	-1.053159e-01
5.723982e+00	5.345533e-01	-5.234365e-02	9.528451e-01	5.075899e-05
5.730265e+00	7.684718e-01	-9.381310e-02	9.528443e-01	8.453225e-08
5.736548e+00	9.682639e-01	1.127314e-05	9.528443e-01	7.374029e-09
5.742831e+00	9.788888e-01	-2.166683e-03	9.528443e-01	-8.483675e-09
5.749115e+00	9.895471e-01	-4.619466e-03	9.528443e-01	-1.139375e-08
5.755398e+00	9.840974e-01	-3.048421e-03	9.528443e-01	1.438632e-10
5.761681e+00	9.737792e-01	-9.675943e-03	9.528443e-01	1.205187e-08
5.767964e+00	9.633966e-01	-1.806561e-02	9.528443e-01	8.700600e-09
5.774247e+00	9.475136e-01	2.452268e-01	9.528443e-01	-1.149859e-08
5.780530e+00	7.760529e-01	7.193314e-02	9.528443e-01	-1.136754e-06
5.786814e+00	6.015429e-01	-8.571204e-02	9.528428e-01	-8.541760e-04
5.793097e+00	1.489293e-01	-3.075714e-01	7.143728e-01	-1.165491e-01
5.799380e+00	3.330337e-01	-4.007455e-02	3.111414e-01	-4.230964e-02
5.805663e+00	5.221496e-01	2.227158e-01	2.582317e-01	6.775706e-03
5.811946e+00	7.162241e-01	4.807564e-01	3.770293e-01	6.362753e-02
5.818230e+00	1.320105e+00	-5.636491e-03	9.959895e-01	1.505437e-01
5.824513e+00	1.349701e+00	-3.516796e-02	1.350520e+00	1.858325e-03
5.830796e+00	1.378795e+00	-7.019783e-02	1.350627e+00	2.232309e-03
5.837079e+00	1.163847e+00	1.809725e-01	7.333562e-01	2.059023e-01
5.843362e+00	8.444266e-01	1.698393e-01	3.521603e-01	3.315669e-02
5.849646e+00	5.250262e-01	1.767148e-01	3.204593e-01	-1.398485e-02
5.855929e+00	2.746824e-01	-3.934198e-01	5.192105e-01	-1.020340e-01
5.862212e+00	4.367999e-01	-1.666233e-01	1.042855e+00	1.588301e-02
5.868495e+00	6.031135e-01	4.820126e-02	1.026116e+00	3.036252e-05
5.874778e+00	9.418449e-01	1.948710e-01	1.026116e+00	3.712111e-08
5.881061e+00	1.009738e+00	6.072262e-02	1.026116e+00	3.441752e-09
5.887345e+00	1.075208e+00	-7.066169e-02	1.026116e+00	8.352580e-09
5.893628e+00	1.095669e+00	6.891058e-02	1.026116e+00	-2.180139e-09
5.899911e+00	1.055393e+00	2.552051e-02	1.026116e+00	-1.503226e-08
5.906194e+00	1.014403e+00	-1.575435e-02	1.026116e+00	-1.070236e-08
5.912477e+00	8.916002e-01	-1.166321e-01	1.026116e+00	-4.050890e-06
5.918761e+00	6.168357e-01	-9.552373e-03	1.026092e+00	-3.127139e-03
5.925044e+00	3.443501e-01	1.185980e-01	7.325888e-01	-9.635031e-02
5.931327e+00	7.448731e-02	2.677984e-01	3.000124e-01	-3.383829e-02
5.937610e+00	6.266319e-01	6.899091e-03	2.634279e-01	9.791795e-03
5.943893e+00	9.422631e-01	-1.145365e-01	4.073295e-01	7.923159e-02
5.950176e+00	1.255425e+00	-2.646303e-01	1.036677e+00	2.067570e-01
5.956460e+00	1.279312e+00	6.498280e-02	1.280815e+00	6.542677e-04
5.962743e+00	1.303520e+00	7.747949e-03	1.280816e+00	8.438959e-07
5.969026e+00	1.326780e+00	-4.653888e-02	1.280816e+00	-5.307371e-07
5.975309e+00	1.287420e+00	1.896036e-01	1.288167e+00	2.001809e-03
5.981592e+00	1.033287e+00	5.587660e-02	5.303179e-01	1.204610e-01
5.987876e+00	7.767993e-01	-6.863944e-02	3.087140e-01	1.658472e-02
5.994159e+00	3.177406e-01	-1.445580e-01	3.269086e-01	-2.734626e-02
6.000442e+00	3.706631e-01	-3.115559e-02	6.374930e-01	-1.514580e-01
6.006725e+00	4.257294e-01	7.988214e-02	1.116838e+00	3.646279e-03
6.013008e+00	9.253055e-01	3.155110e-02	1.116217e+00	4.813207e-06
6.019292e+00	1.074017e+00	-3.041842e-02	1.116217e+00	-1.940287e-08
6.025575e+00	1.221591e+00	-9.780572e-02	1.116217e+00	-8.289434e-09
6.031858e+00	1.258422e+00	4.082135e-01	1.116217e+00	1.974626e-08
6.038141e+00	1.133497e+00	1.193784e-01	1.116217e+00	6.307777e-09
6.044424e+00	1.003316e+00	-1.597340e-01	1.116217e+00	-1.390246e-05
6.050707e+00	2.940127e-01	-3.183015e-01	1.115936e+00	-1.063842e-02
6.056991e+00	3.222980e-01	-1.187047e-01	6.665653e-01	-1.770807e-01
6.063274e+00	3.543651e-01	8.053860e-02	2.918313e-01	-2.829010e-02
6.069557e+00	3.902132e-01	2.793955e-01	2.654451e-01	1.193772e-02
6.075840e+00	9.548740e-01	1.524512e-01	4.356782e-01	9.963640e-02
6.082123e+00	1.105382e+00	-1.300708e-01	1.118795e+00	1.409132e-01
6.088407e+00	1.250566e+00	-4.226278e-01	1.176093e+00	2.143342e-04
6.094690e+00	1.198044e+00	-2.346838e-02	1.176093e+00	3.063509e-07
6.100973e+00	1.196006e+00	2.610563e-03	1.176093e+00	-9.808332e-10
6.107256e+00	1.194544e+00	2.771477e-02	1.176093e+00	-1.029149e-07
6.113539e+00	1.236663e+00	8.657128e-02	1.176094e+00	-7.338784e-05
6.119822e+00	1.078195e+00	3.484410e-02	1.236254e+00	1.248909e-01
6.126106e+00	9.188746e-01	-1.267642e-02	3.918722e-01	6.844932e-02
6.132389e+00	5.597356e-01	-8.036210e-02	2.732989e-01	4.393674e-03
6.138672e+00	3.969379e-01	1.144064e-01	3.386441e-01	-4.402502e-02
6.144955e+00	2.379634e-01	3.219009e-01	8.686976e-01	-3.151937e-01
6.151238e+00	6.893430e-01	1.157178e-01	1.174407e+00	3.666834e-04
6.157522e+00	1.001962e+00	-1.251530e-01	1.174390e+00	4.812238e-07
6.163805e+00	1.309932e+00	-3.851676e-01	1.174391e+00	-2.071424e-09
6.170088e+00	1.333614e+00	3.513912e-01	1.174390e+00	-8.196955e-08
6.176371e+00	9.768529e-01	1.721463e-01	1.174390e+00	-4.356497e-05
6.182654e+00	6.171125e-01	2.538655e-02	1.171672e+00	-3.316118e-02
6.188938e+00	4.145751e-02	-3.429291e-01	5.592957e-01	-1.483394e-01
6.195221e+00	3.635805e-01	-1.632361e-01	2.821251e-01	-2.212456e-02
6.201504e+00	6.888702e-01	-7.806622e-03	2.722339e-01	1.648046e-02
6.207787e+00	1.016932e+00	1.233342e-01	4.979752e-01	1.264083e-01
6.214070e+00	1.115399e+00	2.987808e-02	1.118259e+00	5.174235e-02
6.220353e+00	1.135674e+00	-4.617381e-03	1.125228e+00	6.872850e-05
6.226637e+00	1.155389e+00	-3.911310e-02	1.125227e+00	6.010080e-08
6.232920e+00	1.136031e+00	-3.936737e-03	1.125227e+00	-1.677570e-08
6.239203e+00	1.135465e+00	6.198313e-04	1.125227e+00	1.277482e-08
6.245486e+00	1.135073e+00	4.996903e-03	1.125227e+00	2.329016e-08
6.251769e+00	1.157017e+00	7.269272e-02	1.125227e+00	-6.682755e-07
6.258053e+00	1.107409e+00	-4.327960e-02	1.125253e+00	-5.102852e-04
6.264336e+00	1.055685e+00	-1.610874e-01	7.752812e-01	2.883599e-01
6.270619e+00	7.890000e-01	4.491778e-02	3.189108e-01	3.962379e-02
6.276902e+00	5.688799e-01	1.355001e-01	2.625819e-01	-5.554948e-03
