"Slice []"	"Time [ns]"	"Distance [mm]"	"Flux_Lines []"	"Mag_B [tesla]"	"Br []"	"Bt []"
1	2000000000	0	0.0112874135365741	0.242145963400248	0.288605024752882	-0.133847556745375
1	2000000000	0.513618	0.0114575728294315	0.602727347825359	0.524006084832889	-0.198193603530268
1	2000000000	1.027236	0.0118404043203455	0.992454581057653	0.966678165606772	-0.221370663528107
1	2000000000	1.540854	0.0124504767150183	1.31674334111036	1.40878939443782	-0.265827249964944
1	2000000000	2.054472	0.0130956765601019	1.14925495615559	0.830854716740757	-0.508666463019601
1	2000000000	2.56809	0.0134548832702591	0.591378026675938	0.568906182822225	-0.18404858262117
1	2000000000	3.081708	0.0136811392570971	0.385645310876125	0.313176400766673	0.146107593587447
1	2000000000	3.595326	0.0138347888021431	0.471460172864227	0.523167396309196	0.190802668612903
1	2000000000	4.108944	0.01415635157261	0.721304293311	0.728495568142308	0.0290330295203825
1	2000000000	4.622562	0.0145825761080092	0.935579829915465	0.93065281596343	-0.151094536101703
1	2000000000	5.13618	0.015107679235438	1.06511452254191	1.05720204092149	0.0263059143626023
1	2000000000	5.649798	0.0156547174680738	1.07600940407702	1.07291867067324	0.0121143522216114
1	2000000000	6.163416	0.016209784079315	1.08584543399714	1.08847014289859	-0.000123843607597
1	2000000000	6.677034	0.0167728044174312	1.09593644793423	1.10389625448364	-0.0104081723052938
1	2000000000	7.190652	0.0173244744016429	1.07800187565815	1.07323993058734	-0.00267117623742484
1	2000000000	7.70427	0.0178755768772123	1.07205848342501	1.07277266800553	0.0042225733324292
1	2000000000	8.217888	0.0184264951107906	1.07814550535507	1.07252378688774	0.0115232454649785
1	2000000000	8.731506	0.0189852292455758	1.08700739469503	1.0899869984945	-0.00503082912668349
1	2000000000	9.245124	0.0195445353565349	1.08840921947717	1.08798774793658	0.00735772200828634
1	2000000000	9.758742	0.0201028971108313	1.08162329936935	1.08631077758926	0.0200661624232277
1	2000000000	10.27236	0.0206238520891577	0.87720342739467	0.883929117260455	0.0929062769040325
1	2000000000	10.785978	0.0210048935948654	0.608989939865586	0.599857036445298	0.0988200437873027
1	2000000000	11.299596	0.0212400839551449	0.366597554956635	0.316031598744593	0.114445444115781
1	2000000000	11.813214	0.0214016880898498	0.433457881648294	0.416676885687047	0.195433066439415
1	2000000000	12.326832	0.0216587202304879	0.60851793799873	0.583133169021554	-0.147418206637426
1	2000000000	12.84045	0.0219996088900621	0.617911211323862	0.743220370446406	-0.485312000078248
1	2000000000	13.354068	0.0223288750274006	0.479264938756517	0.397190021232924	-0.257184105238594
1	2000000000	13.867686	0.0225281226257656	0.364868864528752	0.379390533429732	-0.030572976405396
1	2000000000	14.381304	0.0227193277549202	0.488618884546423	0.365864234664952	0.193104880511865
1	2000000000	14.894922	0.0229793594492109	0.799114705845788	0.977904322986304	-0.00840932568565235
1	2000000000	15.40854	0.0234871316422233	0.970816038242328	0.999362295285859	-0.00747920599199119
1	2000000000	15.922158	0.024005948797413	1.04689061802867	1.02091071649908	-0.00709064201498082
1	2000000000	16.435776	0.0245352407010544	1.0298622691967	1.02719659526799	-0.000984256957610277
1	2000000000	16.949394	0.0250599574831586	1.01575250134673	1.01605884789647	0.00238925701758368
1	2000000000	17.463012	0.0255789912974414	1.0065314697248	1.00506846237657	0.00608036008063434
1	2000000000	17.97663	0.0260924188275318	1.00261272155161	0.994229276968415	0.0100869511606781
1	2000000000	18.490248	0.0266085395945936	1.0037502958666	1.00539289643224	0.00449491046170514
1	2000000000	19.003866	0.0271248130171291	1.00598954021132	1.00497732460731	0.00560271883362592
1	2000000000	19.517484	0.027640899284019	1.00919154316769	1.00466523730297	0.00706270423704106
1	2000000000	20.031102	0.0281628754296565	1.02133131043449	1.02214177566196	-0.00110225346357972
1	2000000000	20.54472	0.0286895120890443	1.02983464699089	1.02842929900329	-0.048928848871857
1	2000000000	21.058338	0.0292191613334214	1.02965972146141	1.03386025469283	-0.100636385517756
1	2000000000	21.571956	0.0297403836943709	0.931172536015638	0.943208927379402	0.161309027770486
1	2000000000	22.085574	0.0301761311318155	0.763502947365528	0.753400979177861	0.102684673363138
1	2000000000	22.599192	0.0305141345080846	0.576890627059084	0.562633524240987	0.0533126377385307
1	2000000000	23.11281	0.0307296579588363	0.357392043380446	0.306496141118367	-0.214370073885416
1	2000000000	23.626428	0.0308718111771461	0.308340794130405	0.247107005429077	-0.194978713426287
1	2000000000	24.140046	0.0309835634404717	0.284041843081329	0.188125600096976	-0.173231293557071
1	2000000000	24.653664	0.0310760306114966	0.250333951404107	0.22136740482669	-0.117905702719108
1	2000000000	25.167282	0.0312190612645589	0.348507685409209	0.335730069154658	-0.0756071915849695
1	2000000000	25.6809	0.0314210216238103	0.451881317578606	0.450793936488918	-0.0459731495406347
1	2000000000	26.194518	0.0316802960281262	0.536206858301808	0.536192493679938	0.0396710035409825
1	2000000000	26.708136	0.0319570764664613	0.542215555847443	0.541521518384779	0.0179804305363298
1	2000000000	27.221754	0.0322365015060463	0.545554106342452	0.546493406123105	-0.002743565790646
1	2000000000	27.735372	0.0325182592210828	0.546510736456324	0.544548617384094	0.000153168587219507
1	2000000000	28.24899	0.0327978168146848	0.544500229656308	0.544047771938602	0.000214707003821442
1	2000000000	28.762608	0.0330771286057627	0.54340673231879	0.54359168797115	0.000344217433755849
1	2000000000	29.276226	0.0333562178886669	0.543207053392761	0.543181550655998	0.000540871616809828
1	2000000000	29.789844	0.0336352291926285	0.543137234849542	0.543171326509848	2.14745109957307E-05
1	2000000000	30.303462	0.0339141775212262	0.543068961049736	0.543052432349167	3.02850846159102E-05
1	2000000000	30.81708	0.0341930758308025	0.543048125890065	0.542976557831316	3.93936098073825E-05
1	2000000000	31.330698	0.0344719570014435	0.541837338443069	0.542773406074534	0.000186455193352364
1	2000000000	31.844316	0.0347505982359814	0.542640539071725	0.542256511298528	0.000829219835516269
1	2000000000	32.357934	0.0350289881247451	0.546325706213937	0.541794783199643	0.00150078913798879
1	2000000000	32.871552	0.0353123180071155	0.571074216441777	0.550980843716623	0.0064797908165078
1	2000000000	33.38517	0.0355887882530653	0.524880669531104	0.525575163648003	0.000954308211206109
1	2000000000	33.898788	0.0358521938929744	0.372595417976885	0.500109776954115	-0.00425359086647429
1	2000000000	34.412406	0.0360071152604855	0.164891222187426	0.0591566887128336	-0.0810149165304684
1	2000000000	34.926024	0.0360360024719696	0.078176084002361	0.053404923669239	-0.0571036479065805
1	2000000000	35.439642	0.0360620526752517	0.0675516870944677	0.0481104908373832	-0.032935450970367
1	2000000000	35.95326	0.0360902221144466	0.0829647907834996	0.0817990239768739	-0.00888360197305874
1	2000000000	36.466878	0.0361435789380991	0.127688152875251	0.125949842173823	-0.0164930040339606
1	2000000000	36.980496	0.0362195741695949	0.168958071561158	0.169943324692947	-0.0264832814045533
1	2000000000	37.494114	0.0363158755338056	0.195819259040572	0.180051040441034	-0.00649087669546283
1	2000000000	38.007732	0.0364077459020711	0.180978192305081	0.177709424807194	-0.000864534085667777
1	2000000000	38.52135	0.0364984449965306	0.173493569837116	0.175491293905302	0.0051139154671243
1	2000000000	39.034968	0.0365880378396904	0.17290413632585	0.173402831476828	0.0114432779398691
1	2000000000	39.548586	0.0366764113866219	0.172897264812139	0.172502028620245	-0.000158808269150694
1	2000000000	40.062204	0.0367652442068332	0.173181750594073	0.173412289266724	-0.000270545418434081
1	2000000000	40.575822	0.0368545475150916	0.173745573500667	0.174334024233281	-0.000398125307138506
1	2000000000	41.08944	0.036943783693505	0.173647746541528	0.173578257174112	0.000222950952619511
1	2000000000	41.603058	0.0370329131634461	0.17345610670962	0.173491680868186	0.000261864198543385
1	2000000000	42.116676	0.0371220019409036	0.173350258495282	0.173419944709525	0.000345201606443824
1	2000000000	42.630294	0.0372114105163196	0.175564474152653	0.1755454884079	-0.00386746387367344
1	2000000000	43.143912	0.037302430957371	0.179438629079211	0.178871521896115	-0.00906497908969114
1	2000000000	43.65753	0.0373951364256161	0.183508313155266	0.182103305533851	-0.015372743825966
1	2000000000	44.171148	0.0374885223008882	0.16148834137139	0.166167874583949	0.0515628399925324
1	2000000000	44.684766	0.0375598237385672	0.112351829615324	0.111347935689603	0.0101283631956272
1	2000000000	45.198384	0.0376027760411269	0.0527217676032405	0.0557912562919564	-0.0275761849924271
1	2000000000	45.712002	0.0376141770995633	0.0230080728258304	-0.00427389580276234	-0.0406145567386977
1	2000000000	46.22562	0.0376105694337575	0.0433244658591166	-0.00978015989499012	-0.0424078780244244
1	2000000000	46.739238	0.0376041242591577	0.0422291326052626	-0.0153238455076867	-0.0445163381427309
1	2000000000	47.252856	0.0375956382698734	0.0225302817037749	-0.0115321110689757	0.00417405071982449
1	2000000000	47.766474	0.0375943692992176	0.0123563404711482	0.00656826201714032	-0.00317036170401649
1	2000000000	48.280092	0.0376023605245872	0.0220883381730074	0.0245243534442025	-0.0111225026695771
1	2000000000	48.79371	0.0376188404065505	0.0338033399989361	0.0276495466005231	-0.00278661310218559
1	2000000000	49.307328	0.0376331750348928	0.0289992034337943	0.0281714972676591	-0.00213705376843211
1	2000000000	49.820946	0.0376477813041828	0.028212335840197	0.0287070072732549	-0.00158041012063323
1	2000000000	50.334564	0.0376626657547582	0.0284258295762693	0.0292544282828769	-0.00111681367710796
1	2000000000	50.848182	0.0376768157610427	0.0276744789308677	0.0274381586238074	-0.000853033889320557
1	2000000000	51.3618	0.0376909006309172	0.0273351509990948	0.0274099704877937	-0.000311887479428227
1	2000000000	51.875418	0.0377049741608968	0.0273080227490057	0.0273939318046447	0.000206904728938678
1	2000000000	52.389036	0.0377190072480185	0.027521056117006	0.0274850226906304	-0.000478361906798125
1	2000000000	52.902654	0.0377332413326133	0.0279580471593689	0.0279434674562414	-0.000156531112925849
1	2000000000	53.416272	0.0377477129830941	0.0286447422134939	0.0284100232929838	0.000147184565041302
1	2000000000	53.92989	0.0377626895992994	0.0288531835364262	0.029234922289507	0.00110836551319016
1	2000000000	54.443508	0.0377774771363728	0.0283744709330902	0.028343159869878	-0.00032709421138769
1	2000000000	54.957126	0.0377918002948134	0.0274826935529876	0.027426737795013	-0.00174527764177843
1	2000000000	55.470744	0.0378043383068283	0.0164067351651577	0.0150525476634857	0.00120184302154708
1	2000000000	55.984362	0.0378053022322639	0.0122704565696127	-0.0113160940148449	-0.00396932594432989
1	2000000000	56.49798	0.0377926989182212	0.0506096096608427	-0.0377737047552392	-0.00817024741416453
1	2000000000	57.011598	0.0377575619795711	0.0893415755004237	-0.108091382313734	-0.108813104833493
1	2000000000	57.525216	0.037703759858561	0.105376864179424	-0.10123771832112	-0.0527989152698823
1	2000000000	58.038834	0.0376537501278151	0.104827218489804	-0.0933179766029676	0.00519441467926835
1	2000000000	58.552452	0.0376126261147612	0.0797833888319263	-0.0440669137427777	0.0546467322968185
1	2000000000	59.06607	0.0375831507952158	0.0766587595522071	-0.0707769449156885	0.0335664146163453
1	2000000000	59.579688	0.037539857124343	0.0998199958951057	-0.0978673147984486	0.0147525002855189
1	2000000000	60.093306	0.0374824476788779	0.125326595581482	-0.12883841383731	-0.00768083757152468
1	2000000000	60.606924	0.0374156444046337	0.130756890726515	-0.13128241607481	-0.00419994051688239
1	2000000000	61.120542	0.0373475994158312	0.133992257759689	-0.133674864760002	-0.00112524545688919
1	2000000000	61.63416	0.0372783371027577	0.13530023401641	-0.136023875386383	0.00154292508891641
1	2000000000	62.147778	0.0372098708717556	0.133595644244091	-0.132946073625644	0.000331049827091486
1	2000000000	62.661396	0.0371416129482094	0.132725314545296	-0.132852179587631	-0.000356337481061168
1	2000000000	63.175014	0.0370733971649256	0.132922243269822	-0.132782115427882	-0.00108571474895225
1	2000000000	63.688632	0.0370048271435787	0.134126246269795	-0.133980119435635	0.000149319119056064
1	2000000000	64.20225	0.0369358501504618	0.134499285449525	-0.134616278469867	7.41069369418533E-05
1	2000000000	64.715868	0.0368665433158627	0.133728695266176	-0.135264484291898	-3.44638744637383E-07
1	2000000000	65.229486	0.0367984229912406	0.126776402832357	-0.125875294768994	-0.029985776241991
1	2000000000	65.743104	0.036738044416161	0.109228526602001	-0.109151393574619	-0.00235180773504292
1	2000000000	66.256722	0.0366863847810835	0.0828550288413084	-0.0919294863056549	0.0237741147075702
1	2000000000	66.77034	0.0366480265613561	0.0677996643355233	-0.0692738530166576	0.0403138115690518
1	2000000000	67.283958	0.0366015037119231	0.110766195932355	-0.112082504806129	-0.0218380863846878
1	2000000000	67.797576	0.0365326911072351	0.202638939759867	-0.156066254339829	-0.0835203274593974
1	2000000000	68.311194	0.0363946660845498	0.33778226355671	-0.476806436226119	-0.16069788368812
1	2000000000	68.824812	0.0361722080504116	0.381016089299266	-0.389071336911939	-0.0429219893091466
1	2000000000	69.33843	0.0359953757345799	0.277887035074276	-0.299141472942903	0.0757859355428936
1	2000000000	69.852048	0.0358814897419162	0.100278247801019	-0.0230048390804465	0.0875221734867972
1	2000000000	70.365666	0.035832139963348	0.177270055679221	-0.169268118454107	0.0555048406488124
1	2000000000	70.879284	0.0357075173227109	0.333514233311087	-0.316096956031488	0.0281664400162816
1	2000000000	71.392902	0.0355070389616745	0.545232135390989	-0.560532560334863	-0.0533058716561738
1	2000000000	71.90652	0.0352168865016174	0.562566908094543	-0.569244233629778	-0.0291144773776904
1	2000000000	72.420138	0.0349223646527436	0.580462818799606	-0.577547962327442	-0.00529979827083494
1	2000000000	72.933756	0.0346236806755713	0.581426854214711	-0.585452457839612	0.0181351907534022
1	2000000000	73.447374	0.0343257416944345	0.578684458352696	-0.578800553991094	-0.00021714193443057
1	2000000000	73.960992	0.0340286255964802	0.578434917683986	-0.578172363659461	-0.00148082800856924
1	2000000000	74.47461	0.0337318142308425	0.580030351782185	-0.577614137354227	-0.0028022077186405
1	2000000000	74.988228	0.0334323291304804	0.583828294998395	-0.58479919739459	-0.0062460948929339
1	2000000000	75.501846	0.0331324700801244	0.583379755640373	-0.58275781672547	0.0233507181937056
1	2000000000	76.015464	0.0328337939827938	0.576502876133742	-0.58018702278488	0.0548161047422089
1	2000000000	76.529082	0.0325457556863237	0.505340167203316	-0.506258789615499	-0.0686545338129732
1	2000000000	77.0427	0.0323223234902088	0.371965199029469	-0.363735885428708	-0.0542170193135206
1	2000000000	77.556318	0.0321721352513949	0.210609082007475	-0.221097711252285	-0.0533453185765424
1	2000000000	78.069936	0.0321011426147723	0.254818032860785	-0.169597582204779	0.206283337498832
1	2000000000	78.583554	0.031900370284133	0.650226260575115	-0.612383914633905	0.155206662847677
1	2000000000	79.097172	0.0314719789064732	1.05117125355831	-1.05579610700187	0.144103225302698
1	2000000000	79.61079	0.0308238649748728	1.32719485670808	-1.35316176033833	-0.345763757974421
1	2000000000	80.124408	0.0301850878031161	1.14576727400609	-1.13364349881168	-0.1600036069806
1	2000000000	80.638026	0.0296599183765922	0.920610905713812	-0.910814369658052	0.0159442070286856
1	2000000000	81.151644	0.0292734403653836	0.852396348480587	-0.283260944519719	0.590990835760318
1	2000000000	81.665262	0.029120028666944	0.368431938067886	-0.315199557295522	0.248745098819963
1	2000000000	82.17888	0.0289485625395559	0.438453844533372	-0.353540074359557	-0.0860025049543486
1	2000000000	82.692498	0.0287557884430813	0.711100463653504	-0.398148067640364	-0.413196722734559
1	2000000000	83.206116	0.0283880644293682	0.7695442428586	-0.786056942184084	-0.0310967844671888
1	2000000000	83.719734	0.0279541094628777	0.912275454782684	-0.903485678530174	0.0572011403570521
1	2000000000	84.233352	0.0274602527497411	1.00353148925889	-1.01930087431194	0.148251802170326
1	2000000000	84.74697	0.0269503859406403	0.99001513496606	-0.979992021201393	-0.0175575613338822
1	2000000000	85.260588	0.0264495756820207	0.968793969251764	-0.970141426896901	-0.0113043538017238
1	2000000000	85.774206	0.0259538314798819	0.954905845802617	-0.960273341861201	-0.00760575054563002
1	2000000000	86.287824	0.0254685027831154	0.968004613477045	-0.942170426925605	0.00876306924593428
1	2000000000	86.801442	0.0249812712029733	0.951121584229902	-0.955126632991045	0.00277525546163399
1	2000000000	87.31506	0.0244873369677448	0.883170124348222	-0.968269123580213	-0.00299433418564032
1	2000000000	87.828678	0.02412267435451	0.605862683968736	-0.436068511556454	0.218210594333172
1	2000000000	88.342296	0.0239230251383484	0.340314702840568	-0.342039524850859	0.00248827750279934
1	2000000000	88.855914	0.0237706120908573	0.306567498529134	-0.252152461941585	-0.218427866897996
1	2000000000	89.369532	0.0235833419810557	0.592286861225046	-0.667753935590344	-0.243123473022069
1	2000000000	89.88315	0.0231603332076032	0.973565331879268	-0.978694445409738	-0.00223361243946186
1	2000000000	90.396768	0.0225788004022267	1.29179256867921	-1.2849626732231	0.26012919035733
1	2000000000	90.910386	0.0218489518547376	1.45861656297047	-1.46851441547475	-0.0919870447241549
1	2000000000	91.424004	0.021131808011627	1.33471870687295	-1.32392240490478	-0.0557541723338428
1	2000000000	91.937622	0.0204890655366059	1.15313393558221	-1.17882364365537	-0.0264742204080242
1	2000000000	92.45124	0.0199349980760916	0.926969699999033	-0.605005218933956	0.0419123339624862
1	2000000000	92.964858	0.0196652624551984	0.494035354344952	-0.445515865150449	-0.0141437232082319
1	2000000000	93.478476	0.019477151787882	0.30682042882309	-0.287179604676169	-0.075724800117278
1	2000000000	93.992094	0.0193700551878089	0.361715789121817	-0.130069432866052	-0.142820646147119
1	2000000000	94.505712	0.0190636175359978	0.692476658863924	-0.733366940894393	0.0451065872504107
1	2000000000	95.01933	0.0186350233519671	0.943464711192286	-0.935551285909001	0.0539922344216341
1	2000000000	95.532948	0.018102611391703	1.09210257939626	-1.13761120471536	0.0669987048514118
1	2000000000	96.046566	0.0175354804502401	1.09444075215083	-1.08676444274848	0.0259093071668176
1	2000000000	96.560184	0.0169771975206905	1.08835797273964	-1.08719999833356	0.0218366109962954
1	2000000000	97.073802	0.0164186544044185	1.09897593927838	-1.0877672855034	0.0210349734460944
1	2000000000	97.58742	0.0158621456413503	1.00366396375072	-1.01018344054908	-0.229564032415885
1	2000000000	98.101038	0.0154026989724286	0.781874944183934	-0.778289939723192	-0.0372175270576509
1	2000000000	98.614656	0.015063244981013	0.504203633784507	-0.54300236002841	0.137037370191109
1	2000000000	99.128274	0.0148926315654379	0.303184703327941	-0.20986587836625	0.248817652261255
1	2000000000	99.641892	0.0147330262421615	0.404822269815489	-0.412478436863778	-0.0171397346087095
1	2000000000	100.15551	0.0144680680671124	0.747148113588253	-0.620080884623383	-0.277565790569219
1	2000000000	100.669128	0.0140284304805923	1.14230837374919	-1.21357690110296	0.0225632646043927
1	2000000000	101.182746	0.0133976474150422	1.23318389656051	-1.24271343701544	0.0153998494818779
1	2000000000	101.696364	0.0127518425916102	1.29109547853778	-1.27206410162447	0.0101539780508884
1	2000000000	102.209982	0.0120886235044685	1.31279718258198	-1.32110229523331	-0.0809128241813145
1	2000000000	102.7236	0.0114244840854719	1.27473813729665	-1.26479757759827	0.000211417250411432
1	2000000000	103.237218	0.0107896373662552	1.18362585582223	-1.20702493919521	0.0857439883475617
1	2000000000	103.750836	0.0101863535378092	1.05991838032054	-0.984660938937169	0.0805378056809725
1	2000000000	104.264454	0.00975661279856201	0.762342197899326	-0.689402255182503	-0.130100451767988
1	2000000000	104.778072	0.00947744685717903	0.453664650820535	-0.398401080079148	-0.363577061168883
1	2000000000	105.29169	0.00934657387403115	0.451367093401853	-0.112031415921428	-0.619852719366562
1	2000000000	105.805308	0.00912821163266355	0.664955588904616	-0.5976839743617	0.175261971952449
1	2000000000	106.318926	0.00874893083659078	0.895595777072249	-0.879156375017789	0.201159500172844
1	2000000000	106.832544	0.00822521142991259	1.13304828881565	-1.16006186544096	0.243784134778073
1	2000000000	107.346162	0.00760315587944631	1.20519919967444	-1.20800157625111	-0.133341150240435
1	2000000000	107.85978	0.00698856779833753	1.18483843596966	-1.1847810070648	0.000571135113688879
1	2000000000	108.373398	0.00638652324551339	1.13382853237918	-1.15917269064779	0.129943331888104
1	2000000000	108.887016	0.0058605636492132	0.883288829367237	-0.844166163626465	0.0962403326465772
1	2000000000	109.400634	0.00550085768197465	0.560467574888971	-0.556862130514171	-0.0129314253495915
1	2000000000	109.914252	0.00528814092226399	0.338720784315262	-0.271880589622006	-0.145553447944908
1	2000000000	110.42787	0.00515128045351192	0.394430619370007	-0.426871676840304	-0.0527628463456512
1	2000000000	110.941488	0.00486526854930239	0.688181912125704	-0.68667293970197	0.00869809532467113
1	2000000000	111.455106	0.00444614049372313	0.947593677008006	-0.94513464330075	0.0946695229995896
1	2000000000	111.968724	0.00389946597438569	1.12595499756139	-1.1378305857	-0.0837284432861387
1	2000000000	112.482342	0.00330581296764905	1.17336076579892	-1.17367449436867	-0.0268485551520693
1	2000000000	112.99596	0.00269399898266869	1.20692846900444	-1.20855273522672	0.0284568819060411
1	2000000000	113.509578	0.0020653787752146	1.22386927087876	-1.22528829602608	-0.0430609163974576
1	2000000000	114.023196	0.00144152870323072	1.20459843185475	-1.20386887779993	-0.00740375395365309
1	2000000000	114.536814	0.00082882702531547	1.18066370767346	-1.18187898833417	0.0276843852928436
1	2000000000	115.050432	0.000227565009346782	1.15361618909198	-1.15932516729605	0.0621995648696502
1	2000000000	115.56405	-0.000302284265945722	0.877676072052605	-0.874450144152549	-0.117820738453127
1	2000000000	116.077668	-0.000670279173995069	0.570082568259264	-0.558482525194712	-0.106432652010728
1	2000000000	116.591286	-0.000875956198315695	0.235629865964538	-0.242430706352126	-0.10572754658435
1	2000000000	117.104904	-0.000990704469643363	0.412177611765918	-0.377731658529775	0.0939900091911128
1	2000000000	117.618522	-0.00127981663897765	0.748238455104157	-0.748053515315914	0.101229202731267
1	2000000000	118.13214	-0.00175910334685147	1.1116418652899	-1.11822366372727	0.11747907833253
1	2000000000	118.645758	-0.00239509449134136	1.28632103722533	-1.2500149169132	-0.301114820919281
1	2000000000	119.159376	-0.00302318292882835	1.18503370012932	-1.19476242216614	0.0157397997809556
1	2000000000	119.672994	-0.00362139671367974	0.86697068195979	-1.13371360555609	0.323969254809773
1	2000000000	120.186612	-0.00400556482078631	0.492518850791807	-0.394638802379847	0.184778211859787
1	2000000000	120.70023	-0.00419213541906894	0.329382170231182	-0.332482737592462	-0.0120434103182458
1	2000000000	121.213848	-0.00434774302998759	0.346613144581688	-0.274077352379885	-0.210449395246892
1	2000000000	121.727466	-0.00458480200347996	0.637555298096263	-0.837056292409807	-0.278652163046748
1	2000000000	122.241084	-0.00505999585883158	0.996823989494802	-1.01254238289071	-0.0206602344084856
1	2000000000	122.754702	-0.00562407591356732	1.19446992326314	-1.18313332604327	0.248907537591215
1	2000000000	123.26832	-0.00625239800652674	1.20711270409236	-1.13884365250469	-0.000388312705716044
1	2000000000	123.781938	-0.00683614169644892	1.14557401975159	-1.13425072935417	-1.32348875256075E-05
1	2000000000	124.295556	-0.00741754767949743	1.1195552397859	-1.12974102822367	0.000298592844775714
1	2000000000	124.809174	-0.00799667369320272	1.12904226475936	-1.12697470441247	0.0329418219533006
1	2000000000	125.322792	-0.00858305372772133	1.15869042395679	-1.1564047575985	0.0275323417963343
1	2000000000	125.83641	-0.00918459284421077	1.18579097707363	-1.1859917687136	0.0257862265312399
1	2000000000	126.350028	-0.00980135541207936	1.20724797142407	-1.21567246778582	0.0277053164418285
1	2000000000	126.863646	-0.0103675802889818	0.972232212040794	-0.964758627164723	-0.14354075700144
1	2000000000	127.377264	-0.0107917972215801	0.704876558673876	-0.687138268140945	-0.143644745018865
1	2000000000	127.890882	-0.0110734606628702	0.492199378156644	-0.409719940371599	-0.160420117030178
1	2000000000	128.4045	-0.0112228193740071	0.383522750406771	-0.360399281092099	0.326132236225243
1	2000000000	128.918118	-0.0114711470363545	0.68109995521885	-0.607136523806077	0.152814406825145
1	2000000000	129.431736	-0.0118470294586711	1.25185220221343	-0.85702958653936	-0.00309144292529954
1	2000000000	129.945354	-0.0124626044661315	1.19908807852307	-1.27755689654185	-0.652299206693577
1	2000000000	130.458972	-0.0130391849710781	1.01426270465548	-0.966223733531782	-0.202223501412206
1	2000000000	130.97259	-0.0134537676891172	0.699538669343023	-0.646892171723373	0.204436062451228
1	2000000000	131.486208	-0.0136300729941177	0.347288990603931	-0.1733558589221	0.276808268050553
1	2000000000	131.999826	-0.0137937697320242	0.481063000519514	-0.464675155536894	0.0897706561729302
1	2000000000	132.513444	-0.0141079747230942	0.764070282093931	-0.759350761684594	-0.0758360672868655
1	2000000000	133.027062	-0.0145806545333925	1.03557746155925	-1.04814146475285	-0.0545727035212145
1	2000000000	133.54068	-0.0151231313508478	1.06355054960221	-1.06415621462093	-0.0209820390993079
1	2000000000	134.054298	-0.0156736931244519	1.0780578353927	-1.07962449214927	0.0122897996467098
1	2000000000	134.567916	-0.0162304278371494	1.07869097852781	-1.07533804311076	0.00211607615759329
1	2000000000	135.081534	-0.0167822652452715	1.07411608529938	-1.07351940724484	0.000609175238778762
1	2000000000	135.595152	-0.0173331977055475	1.07138917599285	-1.07181438837286	-0.000942972618751318
1	2000000000	136.10877	-0.017883261321376	1.07007245256966	-1.06884517503495	0.0104632857297243
1	2000000000	136.622388	-0.0184331865148315	1.06783988854169	-1.07260117348893	-0.00215614510829422
1	2000000000	137.136006	-0.0189851237300429	1.08619538306517	-1.0766801465393	-0.0148567127985642
1	2000000000	137.649624	-0.0195392394493459	1.14209091168869	-1.08108436996688	-0.0276347466391653
1	2000000000	138.163242	-0.0201323838839758	1.06531399760431	-1.08027081242951	-0.156175716926085
1	2000000000	138.67686	-0.0206374292658138	0.889896313671188	-0.885857245974647	0.00756232742059731
1	2000000000	139.190478	-0.0210418534830147	0.762543212919507	-0.688481286036377	0.164921015936918
1	2000000000	139.704096	-0.0212316058157848	0.475134508252789	-0.310745248884788	0.20146269796053
1	2000000000	140.217714	-0.0214259129751477	0.446589639401835	-0.446382266706483	0.0444143083967492
1	2000000000	140.731332	-0.0216906462447986	0.67050492253595	-0.584957102550836	-0.106325682543878
1	2000000000	141.24495	-0.0220176774474073	0.671266583684595	-0.611961251143408	0.399785288854605
1	2000000000	141.758568	-0.0222965046689339	0.50003985601558	-0.47451445875264	0.1682166116777
1	2000000000	142.272186	-0.0225058723599467	0.36705977995395	-0.341506077944918	-0.0672926933914639
1	2000000000	142.785804	-0.0226833047382054	0.44202531025032	-0.452593378477197	-0.0869591439708909
1	2000000000	143.299422	-0.0229790488395161	0.705842043730215	-0.69861544903952	0.0485284997517796
1	2000000000	143.81304	-0.0234004807837365	0.928746664980815	-0.941944605998491	0.204258349776075
1	2000000000	144.326658	-0.023933326999784	1.06488036981734	-1.05785574988921	-0.0590039694095428
1	2000000000	144.840276	-0.0244720852541324	1.04273776561902	-1.04000460256635	-0.0393759931609922
1	2000000000	145.353894	-0.0250016086583482	1.02242002225363	-1.02191109467779	-0.0245083462352227
1	2000000000	145.867512	-0.0255222240522477	1.00874684528976	-1.01111215573454	-0.000420772888053752
1	2000000000	146.38113	-0.0260414553192719	1.01012242200001	-1.01077024717454	0.000270243087555497
1	2000000000	146.894748	-0.0265605278452074	1.01100651079111	-1.01049349255518	0.00113121521966006
1	2000000000	147.408366	-0.0270794742573087	1.0113247344337	-1.01027862788109	0.00216351889345637
1	2000000000	147.921984	-0.027600119687893	1.00827117223853	-1.01349534979675	-0.000465339588487422
1	2000000000	148.435602	-0.0281205495723866	1.01951038768496	-1.01305672366231	-0.000491804890545512
1	2000000000	148.94922	-0.0286407748076388	1.04546891943935	-1.01269843101611	-0.000508549592794314
1	2000000000	149.462838	-0.0291762614059805	1.02214502412005	-1.01718576500517	-0.0406574414857335
1	2000000000	149.976456	-0.029679341616299	0.932855049459427	-0.941698529922408	-0.00658695113189594
1	2000000000	150.490074	-0.0301435069246411	0.792926918067799	-0.865661897951194	0.0252909465005679
1	2000000000	151.003692	-0.0305032745025803	0.591604703949173	-0.569790257685367	-0.101060374474769
1	2000000000	151.51731	-0.0307503811300221	0.391876788632096	-0.392053869476068	0.0212243986193894
1	2000000000	152.030928	-0.0309056259108439	0.280345295271551	-0.21211484114117	0.135736987371623
1	2000000000	152.544546	-0.0309886070180975	0.283359813338349	-0.171753219417148	0.2612530506081
1	2000000000	153.058164	-0.0310939651986566	0.268099254002022	-0.238948363774776	0.12267612636404
1	2000000000	153.571782	-0.0312345089943487	0.345996849725983	-0.308756304115388	-0.0140674544025531
1	2000000000	154.0854	-0.0314386339224642	0.470163948653481	-0.506031732981119	0.00445493832964226
1	2000000000	154.599018	-0.0317021868126068	0.516081189931704	-0.520246754899024	0.00316104999270204
1	2000000000	155.112636	-0.0319730570472847	0.543843668442831	-0.534523574540864	0.00222081768249969
1	2000000000	155.626254	-0.0322514546492071	0.547340805625965	-0.548332432285712	-0.0022162413610186
1	2000000000	156.139872	-0.0325324445418788	0.545622877840691	-0.545839315845614	-0.00166027795156466
1	2000000000	156.65349	-0.0328121624626725	0.543712297223075	-0.5433797849338	-0.0011990819041017
1	2000000000	157.167108	-0.0330906669005598	0.541789111045568	-0.541963637067981	0.000182472852076655
1	2000000000	157.680726	-0.0333690047780421	0.541774466683758	-0.541884230617707	-0.000209537266649598
1	2000000000	158.194344	-0.0336473148155687	0.542003857268154	-0.541855356498745	-0.000641849062405662
1	2000000000	158.707962	-0.0339256231592363	0.542500454925204	-0.541877759241891	-0.00111358572196666
1	2000000000	159.22158	-0.034204873666488	0.544053283082929	-0.54478660949187	0.00121018212735235
1	2000000000	159.735198	-0.0344852166545898	0.547753710209278	-0.546861703961623	0.00319609737385158
1	2000000000	160.248816	-0.0347666263529028	0.553806235999645	-0.548939125430504	0.00555234602533443
1	2000000000	160.762434	-0.0350528078422034	0.546600640565082	-0.549598911828218	-0.0273125894584342
1	2000000000	161.276052	-0.03532862633323	0.52439204535814	-0.524296285948164	0.0174278196679157
1	2000000000	161.78967	-0.0355912418884358	0.490021643962074	-0.498186384348015	0.0626870908380362
1	2000000000	162.303288	-0.0358221364462507	0.367442338026081	-0.370846992556116	-0.0497275982845971
1	2000000000	162.816906	-0.0359692161570592	0.208893185263903	-0.201840514498562	-0.0382704799210875
1	2000000000	163.330524	-0.0360294568620613	0.0680425064483406	-0.0327420522101944	-0.038404878842642
1	2000000000	163.844142	-0.0360343089484943	0.0699477690241034	-0.0415515673339397	0.0793368815809956
1	2000000000	164.35776	-0.0360677578653129	0.105408102782242	-0.0887816522547339	0.0532871149259964
1	2000000000	164.871378	-0.0361255867584789	0.138884232008871	-0.136472102891788	0.0311751116601224
1	2000000000	165.384996	-0.0362056973780998	0.164934408911158	-0.164215799391422	-0.0174321948026651
1	2000000000	165.898614	-0.036291693899662	0.171047146938591	-0.17061429640368	-0.00461998935122594
1	2000000000	166.412232	-0.0363809185884188	0.175167545513389	-0.17678662338198	0.00798209408593329
1	2000000000	166.92585	-0.0364724588361086	0.176684124972092	-0.174060155560239	0.000483882188862974
1	2000000000	167.439468	-0.0365618653764481	0.174557656243247	-0.174088613308532	0.000471451813957829
1	2000000000	167.953086	-0.0366512901684529	0.173717867661941	-0.174131318399318	0.000429651817444409
1	2000000000	168.466704	-0.0367407245153666	0.173886263854223	-0.173436534191947	0.000136527586719442
1	2000000000	168.980322	-0.0368298109181433	0.173589999190159	-0.173465537963082	0.00015025542554152
1	2000000000	169.49394	-0.036918915669115	0.173425618728622	-0.173507986927065	0.00016212036984464
1	2000000000	170.007558	-0.0370080456848017	0.173388124780883	-0.173563922155005	0.000172378199655813
1	2000000000	170.521176	-0.0370970516138123	0.173853992344471	-0.173646933217604	0.00052678634291136
1	2000000000	171.034794	-0.0371864639791544	0.174432386658047	-0.174524464411155	0.000534599382096556
1	2000000000	171.548412	-0.0372763305262121	0.175064955764569	-0.175415386031078	0.000570729187772808
1	2000000000	172.06203	-0.0373656794958366	0.179162066813442	-0.172401206146264	-6.5544510330541E-05
1	2000000000	172.575648	-0.0374535246727043	0.166755653037967	-0.169665747203333	0.000499116609251237
1	2000000000	173.089266	-0.0375399656311127	0.135123931617736	-0.166933507525288	0.00100813175151518
1	2000000000	173.602884	-0.0375914201145798	0.0621542743203529	-0.044612284090359	0.03427419249758
1	2000000000	174.116502	-0.0376054951110948	0.0206609725812429	-0.0102397418424526	0.0202319501443506
1	2000000000	174.63012	-0.0376015680449473	0.0301560197966193	0.0111376394475	0.0477527824937094
1	2000000000	175.143738	-0.0375949471402322	0.0262204445735559	0.0145576943860361	0.0202015766387609
1	2000000000	175.657356	-0.0375867044443768	0.0371730202145066	0.0174492003921733	-0.00846643018155328
1	2000000000	176.170974	-0.0375854502341991	0.0247828678640056	-0.0137954710468285	-0.0189333866225484
1	2000000000	176.684592	-0.0375947096178061	0.0223825950401423	-0.0222142240287429	-0.00411033814809517
1	2000000000	177.19821	-0.0376082220206669	0.0322056886687852	-0.0303567132037217	0.0105670955630417
1	2000000000	177.711828	-0.0376244150900625	0.0309020329790606	-0.029343132866948	-0.00134625002187981
1	2000000000	178.225446	-0.0376394196472355	0.0292426295428986	-0.0290820747824747	-0.000559105673025373
1	2000000000	178.739064	-0.0376542870577622	0.0285212462925064	-0.0288094061530461	0.000130152361307785
1	2000000000	179.252682	-0.0376689488243016	0.0283357549257939	-0.0280357004031013	0.000346572522213557
1	2000000000	179.7663	-0.0376833751365011	0.0282173180852322	-0.0281402037284352	0.00037977903099585
1	2000000000	180.279918	-0.0376978555034601	0.0281026324532579	-0.0282461284428617	0.00043094730596301
1	2000000000	180.793536	-0.0377123463488584	0.0280900895720696	-0.0272981429064159	0.000381696864726033
1	2000000000	181.307154	-0.0377265747938708	0.0285011869891092	-0.0281065347571111	0.000654329225721161
1	2000000000	181.820772	-0.0377412176358891	0.0284005002341734	-0.0289116904222516	0.000955642288997619
1	2000000000	182.33439	-0.0377562731139951	0.0280564582781019	-0.0297132257258859	0.00128563024322366
1	2000000000	182.848008	-0.0377691151225807	0.0309013448217882	-0.0271054668514553	0.00189891402297951
1	2000000000	183.361626	-0.0377843979818379	0.0294918722853098	-0.0324092901888623	0.000845987633861197
1	2000000000	183.875244	-0.0378024107066284	0.0226665155570501	-0.0377351224364438	-0.000142316443054991
1	2000000000	184.388862	-0.0378044338344892	0.022845077743134	0.0144957162853435	0.00821581861331568
1	2000000000	184.90248	-0.0377911497164738	0.0476832330399565	0.0373048721818074	0.0311038968075603
1	2000000000	185.416098	-0.037766037996245	0.0798977553231851	0.060552362749416	0.054365385656687
1	2000000000	185.929716	-0.0377070799173535	0.106547047125065	0.132694564700678	0.0979561650826569
1	2000000000	186.443334	-0.0376482463022707	0.10291170862448	0.096189312439305	0.0301306418946836
1	2000000000	186.956952	-0.0376084898345346	0.0643001469870788	0.0584088143185174	-0.0381641424398456
1	2000000000	187.47057	-0.0375836456265678	0.057502648306565	0.057160547980439	-0.00695713160690931
1	2000000000	187.984188	-0.0375449005076076	0.0944491096827942	0.0937003377518657	-0.0112968759683304
1	2000000000	188.497806	-0.037487408962065	0.125582052020043	0.130152846283895	-0.0169621672681152
1	2000000000	189.011424	-0.0374167493695819	0.139182676575197	0.128379154347243	0.000108446430512964
1	2000000000	189.525042	-0.037350369324779	0.131593371306529	0.130103339386064	-0.000275629217836155
1	2000000000	190.03866	-0.0372831029400636	0.128808222138925	0.131830454032708	-0.000665143264621214
1	2000000000	190.552278	-0.0372153977170889	0.129893001753477	0.128681233400735	-0.000363637360293079
1	2000000000	191.065896	-0.0371491514948478	0.129560993796027	0.129281300375134	-0.000370971094203969
1	2000000000	191.579514	-0.0370825945000645	0.129519988993314	0.129891332923587	-0.000385873958246134
1	2000000000	192.093132	-0.0370157396131141	0.129773649861909	0.129475611765556	-0.000229406085593976
1	2000000000	192.60675	-0.0369490138319643	0.130675712243811	0.130349550864672	-0.00175750863082924
1	2000000000	193.120368	-0.0368818444532656	0.130935880238797	0.131201977163461	-0.00359838421667302
1	2000000000	193.633986	-0.0368142439943333	0.130380778838814	0.132027164833029	-0.00575191498152189
1	2000000000	194.147604	-0.0367500037704221	0.119733063286792	0.115944069550436	0.0125618640169462
1	2000000000	194.661222	-0.036695253605851	0.0958096430176263	0.0972239317409014	0.00342238663014404
1	2000000000	195.17484	-0.0366501572926069	0.0936043185334539	0.0783600110523555	-0.00344099541272741
1	2000000000	195.688458	-0.0366338030309101	0.111344927157413	0.0698008366220512	-0.0458747474443826
1	2000000000	196.202076	-0.0365600204656102	0.222294299183043	0.217853832667242	0.0631570222322941
1	2000000000	196.715694	-0.0364096650165227	0.429623684686324	0.367960383964676	0.169956022379488
1	2000000000	197.229312	-0.0361687012078993	0.445882013975348	0.467884480248144	0.0794267061826622
1	2000000000	197.74293	-0.0359728000889199	0.314673416588813	0.295025208937737	0.103692630043257
1	2000000000	198.256548	-0.0358655450952245	0.168676929216846	0.122736703530848	0.137556604546502
1	2000000000	198.770166	-0.0358124367002977	0.184404016792245	0.170799664141371	-0.0705437156791693
1	2000000000	199.283784	-0.035689672211073	0.316815482710329	0.307253113903112	-0.0692674086033958
1	2000000000	199.797402	-0.0354968200233382	0.449314852088483	0.443693940617433	-0.0742313493534906
1	2000000000	200.31102	-0.0352340287283842	0.550606629559255	0.562377938544802	0.0796633186493136
1	2000000000	200.824638	-0.0349405053358914	0.580048437066083	0.580444179464721	0.029536918109274
1	2000000000	201.338256	-0.0346379321067689	0.595408691749429	0.597620243485599	-0.0196106515646603
1	2000000000	201.851874	-0.0343287766594346	0.594208352555196	0.584346921579974	-0.00973424544471343
1	2000000000	202.365492	-0.0340282305376616	0.587292653202774	0.585993229584376	-0.00507230683643299
1	2000000000	202.87911	-0.0337268046834797	0.588023457714332	0.587772030268619	-0.000571470631475172
1	2000000000	203.392728	-0.0334244317476059	0.59543009444636	0.589680614699416	0.00376665377362779
1	2000000000	203.906346	-0.0331171031817824	0.585702749089761	0.585945662134292	0.0149266291728172
1	2000000000	204.419964	-0.0328227572841377	0.557510751371493	0.560138263583467	-0.0161893675782759
1	2000000000	204.933582	-0.0325418054319997	0.517381337771228	0.533791637308875	-0.046863821326636
1	2000000000	205.4472	-0.0323331461678705	0.351711380112345	0.340971321620836	-0.0705875442217813
1	2000000000	205.960818	-0.0321829212450334	0.257630619801042	0.244313442701661	0.0284307402606395
1	2000000000	206.474436	-0.0320818450533922	0.312830553809762	0.149617611768594	0.135903099092527
1	2000000000	206.988054	-0.0318784910785755	0.573825426459616	0.611363196100417	0.138506408389331
1	2000000000	207.501672	-0.0314921438923925	0.901841130341508	0.892471366854188	-0.0545881647268533
1	2000000000	208.01529	-0.0309623738007383	1.17890556304634	1.16974689011025	-0.27610107068143
1	2000000000	208.528908	-0.0303033881411283	1.19322327703031	1.24590755156718	0.360875153425462
1	2000000000	209.042526	-0.0297399662275177	0.965013422181217	0.947426450922726	0.163482772861567
1	2000000000	209.556144	-0.0293307605761642	0.717881472496153	0.645459470897993	-0.0171379603508297
1	2000000000	210.069762	-0.029136253419765	0.417267884132879	0.147535399785622	-0.331823166676105
1	2000000000	210.58338	-0.0290065416339505	0.389701480160143	0.358066830226768	-0.173264490326573
1	2000000000	211.096998	-0.0287679440241541	0.602163881680662	0.571482821741328	-0.0282105252766055
1	2000000000	211.610616	-0.0284035342795429	0.820577612564604	0.891164275104752	0.0400059401437965
1	2000000000	212.124234	-0.0279364848639762	0.915863987879269	0.927440210896885	0.0128194034188001
1	2000000000	212.637852	-0.0274509162586449	0.974036817039871	0.96327673452497	-0.014246487476205
1	2000000000	213.15147	-0.0269477385329425	0.987935275611844	0.982336826068761	-0.00357215177475678
1	2000000000	213.665088	-0.0264438402845212	0.978894153317603	0.979850585970748	-0.000510270892695934
1	2000000000	214.178706	-0.0259411841912346	0.981538297060933	0.977500172722684	0.00262237525535481
1	2000000000	214.692324	-0.025439700267083	0.996039142820848	0.975286441640548	0.00582383530961099
1	2000000000	215.205942	-0.024940609193523	0.91522449950396	0.904410739735725	0.163860801093874
1	2000000000	215.71956	-0.0245133759909071	0.738798921571959	0.758527237817272	-0.0606899380901112
1	2000000000	216.233178	-0.024162129635147	0.467387277941135	0.608553781928053	-0.275880126945254
1	2000000000	216.746796	-0.0239683415239069	0.334557571901575	0.32958181620891	-0.122865875219899
1	2000000000	217.260414	-0.0237928729491344	0.362808057873248	0.354317587418481	0.0761435449131701
1	2000000000	217.774032	-0.0236037301927812	0.514793002523312	0.382825409017962	0.274416290939855
1	2000000000	218.28765	-0.0231733055587143	0.9056116810484	1.1226796507078	0.256961052964071
1	2000000000	218.801268	-0.0225693723492283	1.24294147556757	1.22808274989851	-0.0467688695374937
1	2000000000	219.314886	-0.0219127602001856	1.42668703513967	1.3277780314954	-0.359170048308068
1	2000000000	219.828504	-0.0211801168386544	1.38693397560502	1.42853361402393	0.174315506514667
1	2000000000	220.342122	-0.0205237661045297	1.13179628787948	1.12701939517057	0.0899684091282247
1	2000000000	220.85574	-0.0200226496523425	0.759198941291393	0.824099875095948	0.0154412591308973
1	2000000000	221.369358	-0.0197276416031596	0.432881933628859	0.297903238321877	-0.163485155951466
1	2000000000	221.882976	-0.0195605335480777	0.351749848601629	0.353157736517031	-0.0549150599612668
1	2000000000	222.396594	-0.019364516546944	0.500266335758484	0.410465199901689	0.0515908536237111
1	2000000000	222.910212	-0.0191114250148709	0.756204376341915	0.749258874105728	0.127580936509997
1	2000000000	223.42383	-0.0186885180110822	0.896650479029034	0.897200685611032	0.0182655623452389
1	2000000000	223.937448	-0.0181901446354477	1.03481109948358	1.04310474624293	-0.0955297574845771
1	2000000000	224.451066	-0.0176197504690187	1.1083021373456	1.08166939574637	0.0275511484666134
1	2000000000	224.964684	-0.0170662123901377	1.07883570291274	1.07368058564547	-0.0122474914902983
1	2000000000	225.478302	-0.016516953820647	1.06529879660657	1.06499432001561	-0.0555124958222501
1	2000000000	225.99192	-0.0159723501781236	1.05727274651357	1.055543699775	-0.102238328087063
1	2000000000	226.505538	-0.0154662692975153	0.850203622650122	0.85227798343628	0.143280654619651
1	2000000000	227.019156	-0.0151004174179238	0.583661382850224	0.572093924676981	0.0634589175907423
1	2000000000	227.532774	-0.0148788104541981	0.265449334454977	0.290681661636659	0.00923111909328741
1	2000000000	228.046392	-0.0147845940162032	0.365221792292013	0.300959238516992	-0.183390860753348
1	2000000000	228.56001	-0.0145321481914558	0.689280219879091	0.682435905069434	-0.0673518188449472
1	2000000000	229.073628	-0.0140832365724172	1.05697734179543	1.06588362552526	0.0192698160240901
1	2000000000	229.587246	-0.0134656399063288	1.25046243848999	1.25381525328283	0.0494230086139895
1	2000000000	230.100864	-0.0128119365289265	1.29246887128829	1.29150212426426	-0.0149280815554144
1	2000000000	230.614482	-0.012139165885362	1.33377465370133	1.32805241053769	-0.0820259984244121
1	2000000000	231.1281	-0.0114431768307539	1.32178137208335	1.34029530908562	0.220091893548986
1	2000000000	231.641718	-0.0107963802605917	1.18192065852982	1.17776184623923	0.0414401487701733
1	2000000000	232.155336	-0.0102339004568926	0.995370574495796	1.01198402593603	-0.134335429308552
1	2000000000	232.668954	-0.00980619698785232	0.823447418694326	0.533969724402375	-0.259607978412723
1	2000000000	233.182572	-0.00955921269727625	0.463787924664586	0.428610303541765	0.00389868404219887
1	2000000000	233.69619	-0.00936505201116682	0.384304821843626	0.328292544146201	0.271519855147946
1	2000000000	234.209808	-0.00919907528731505	0.638945502843441	0.547344400553679	-0.0681661636486967
1	2000000000	234.723426	-0.00885016596436219	0.831296597763963	0.811166800611627	-0.11546991795992
1	2000000000	235.237044	-0.0083659912432397	1.07269137773211	1.07401256474544	-0.177243674885092
1	2000000000	235.750662	-0.00774711082424538	1.288919507821	1.33565988579654	-0.253479185350794
1	2000000000	236.26428	-0.00713888412030133	1.24491202339563	1.19941640488158	-0.0135184608153806
1	2000000000	236.777898	-0.00651493596018868	1.19588205964159	1.23030085993087	0.00726994970385019
1	2000000000	237.291516	-0.00587499399685849	1.12672410950936	1.26170482499237	0.0311567674095609
1	2000000000	237.805134	-0.00552188710970752	0.626903263034881	0.508031771450882	-0.197423149151821
1	2000000000	238.318752	-0.00530732068228555	0.318717545610893	0.328257921531813	0.0481666422113911
1	2000000000	238.83237	-0.00518388685256738	0.391138752343264	0.153189041925443	0.299752274470282
1	2000000000	239.345988	-0.00494551364781461	0.66769095634798	0.700206330027548	0.138059612217413
1	2000000000	239.859606	-0.00451872585751705	0.970091730464995	0.961006254748412	-0.0859206394838315
1	2000000000	240.373224	-0.00395908140072524	1.19732762091126	1.21747090431277	-0.330471927304448
1	2000000000	240.886842	-0.00332260271845908	1.23472296898848	1.20491165181721	0.017239992163137
1	2000000000	241.40046	-0.00270908725723808	1.18584333415667	1.18412969470403	0.0220387218927544
1	2000000000	241.914078	-0.00210619196138371	1.15593344252399	1.16357110760477	0.0310233553428144
1	2000000000	242.427696	-0.00151715065349068	1.16958073338225	1.13908910979718	-0.0137860861514039
1	2000000000	242.941314	-0.000921812713608155	1.18880445121561	1.17916816837738	-0.00988716779748046
1	2000000000	243.454932	-0.000305847821782962	1.15297098948565	1.21940586450195	-0.00673903235298936
1	2000000000	243.96855	0.000281053005068921	0.96462020724493	0.83556966787174	0.0395372778855094
1	2000000000	244.482168	0.000637752620646238	0.562657627343137	0.553462072170129	0.0567812839495355
1	2000000000	244.995786	0.000849660095083226	0.320687997214356	0.271776866960845	0.0786156442004606
1	2000000000	245.509404	0.000935818495486525	0.357386656064421	0.377143046412653	-0.0884344301996693
1	2000000000	246.023022	0.00121653727564269	0.718995665147597	0.715940882207254	-0.102359318891041
1	2000000000	246.53664	0.00167119081029205	1.063450617469	1.05439324860607	-0.129155739790769
1	2000000000	247.050258	0.00229955561585235	1.35771825462492	1.39232326915106	-0.168820448788626
1	2000000000	247.563876	0.00297129633161586	1.20486104455131	1.18852581402308	0.212519084793689
1	2000000000	248.077494	0.00351898126630441	0.9217710584918	0.943268190577645	-0.069972343934097
1	2000000000	248.591112	0.00393937954814733	0.618187135848479	0.692947576450857	-0.33156235751463
1	2000000000	249.10473	0.00410560560535946	0.32917859476024	0.27908824275731	-0.156895742822068
1	2000000000	249.618348	0.00427466216550147	0.3982594076348	0.379966205709284	0.0809852207636569
1	2000000000	250.131966	0.00449668288371972	0.810080944642374	0.485308152455886	0.313391558066688
1	2000000000	250.645584	0.00499280352325074	1.10399264427575	1.19853327389291	0.0171935643655915
1	2000000000	251.159202	0.00560005280114136	1.17217092133832	1.16608455095474	0.0147217069427681
1	2000000000	251.67282	0.00619064862164463	1.16360088909875	1.13368941572286	0.0131478623522679
1	2000000000	252.186438	0.00677162328671845	1.1323056990747	1.13597498985922	0.00293727959029683
1	2000000000	252.700056	0.00735457336461439	1.13374917359739	1.1340315783327	0.00333055520763969
1	2000000000	253.213674	0.00793655017003437	1.13695072752933	1.13218522368142	0.00373878551683918
1	2000000000	253.727292	0.00852109021227235	1.14648022070957	1.1485740604777	0.0379235491436285
1	2000000000	254.24091	0.00910910188959071	1.14630847383685	1.14089754406063	-0.0395788573552578
1	2000000000	254.754528	0.00969280881089892	1.1147966851591	1.13179230538603	-0.123277375006444
1	2000000000	255.268146	0.0102623162249846	1.0190945614171	1.00989021195584	0.0969369518880676
1	2000000000	255.781764	0.0107154098216376	0.787201469483374	0.754719600386453	0.183929435375836
1	2000000000	256.295382	0.0110379113810661	0.553740808348343	0.50143417629156	0.289563023045947
1	2000000000	256.809	0.0112302176499182	0.326175969582973	0.24441728144905	-0.452599711133001
1	2000000000	257.322618	0.0114359476516499	0.617306661556478	0.557100768425383	-0.325951980446882
1	2000000000	257.836236	0.0118028590700313	0.920761789270993	0.87197539993253	-0.222757368218961
1	2000000000	258.349854	0.0123319796745978	1.22043222835057	1.18865966423777	-0.143033983039208
1	2000000000	258.863472	0.0129280877318147	0.96723731486586	0.991700189810418	0.110600428654996
1	2000000000	259.37709	0.0133442477562745	0.663770315053044	0.628762628218137	0.0918941935714608
1	2000000000	259.890708	0.0135739791404628	0.339634949044187	0.265891396459416	0.113844443897401
1	2000000000	260.404326	0.0137494899145385	0.453044613453376	0.46462192157864	0.00939101685687863
1	2000000000	260.917944	0.0140455284373188	0.693068619039759	0.688067702150401	-0.0185056493505132
1	2000000000	261.431562	0.0144561792265583	0.91224542491735	0.91084159209274	-0.0681747576187037
1	2000000000	261.94518	0.0149676309466576	1.0275696940725	1.03412451432215	0.055931640462755
1	2000000000	262.458798	0.0155084912778317	1.07222620975202	1.07180273715991	-0.00196309882271978
1	2000000000	262.972416	0.016068446509568	1.09939386355956	1.10847956999021	-0.0593339185436292
1	2000000000	263.486034	0.0166358795262044	1.09920759795239	1.08882700206712	0.000421282017717023
1	2000000000	263.999652	0.017194919614711	1.08865939439217	1.08808489192463	0.00422085229668451
1	2000000000	264.51327	0.0177536201878302	1.08794371536028	1.08750732650029	0.00877052087749861
1	2000000000	265.026888	0.0183143471483029	1.09064959468528	1.0998497916125	0.00870120505309962
1	2000000000	265.540506	0.0188766206865584	1.08717471869262	1.08964297502003	0.00936569300250928
1	2000000000	266.054124	0.0194336779675676	1.08827579591126	1.07953980516481	0.0105424832775265
1	2000000000	266.567742	0.0199921288122232	1.08013877123509	1.13290750440082	0.0796278145240085
1	2000000000	267.08136	0.0205207936627862	0.934170235327354	0.925640328628067	0.0591038134932641
1	2000000000	267.594978	0.0209429310949173	0.683761818479518	0.718112024048033	0.0431019849690099
1	2000000000	268.108596	0.0212555318165998	0.349578159837757	0.0306206491602843	0.398328521025324
1	2000000000	268.622214	0.0213475809487374	0.429847425351405	0.326889232496812	0.100237799424219
1	2000000000	269.135832	0.0215903564238812	0.557804351342251	0.61754000456663	-0.198607263383793
1	2000000000	269.64945	0.0219809848832876	0.717452755900896	0.902615873325504	-0.498160382803674
1	2000000000	270.163068	0.0222711279729471	0.511660412200772	0.470719836663954	-0.214677516314354
1	2000000000	270.676686	0.0224914944841182	0.388636483224646	0.388124915063674	0.0207879185283665
1	2000000000	271.190304	0.022670588529749	0.389968854998634	0.310015471610092	0.258384740569394
1	2000000000	271.703922	0.0229589356021225	0.648521381260086	0.725581804686092	0.168676849663028
1	2000000000	272.21754	0.0233731788677702	0.895030592184743	0.886777677736193	-0.0560721000141504
1	2000000000	272.731158	0.0238691295127885	1.03727243156284	1.04370652045014	-0.291868307746678
1	2000000000	273.244776	0.0244112436538346	1.05146309226521	1.03652787348731	-0.00751252341497171
1	2000000000	273.758394	0.0249418068467386	1.02980505761321	1.02951223224605	0.00180115177706785
1	2000000000	274.272012	0.0254688330891992	1.0171875861589	1.02275642079866	0.0114394642982735
1	2000000000	274.78563	0.0259909416275972	1.01332669136556	1.01081578270287	0.000255796432704525
1	2000000000	275.299248	0.0265105590909084	1.01280538361666	1.01257141948027	-0.000152701440042592
1	2000000000	275.812866	0.0270310968634482	1.0133969050449	1.01439943540515	-0.000539587001114095
1	2000000000	276.326484	0.0275522865515998	1.01567435648363	1.0154234854634	-0.0215422758760273
1	2000000000	276.840102	0.0280769944070242	1.02699613823578	1.02778990272696	-0.0207279868813321
1	2000000000	277.35372	0.0286080730296333	1.04898399195254	1.04021982453776	-0.0233617383087608
1	2000000000	277.867338	0.029148054149457	1.06440083056044	1.08562486644918	0.151427504799698
1	2000000000	278.380956	0.0296662547462593	0.935081302524956	0.932049275719023	0.090127217687106
1	2000000000	278.894574	0.0301053098829446	0.775486609368565	0.77745656615859	0.0348243962508697
1	2000000000	279.408192	0.030464718931573	0.632965169498652	0.621930069035577	-0.0144732734932138
1	2000000000	279.92181	0.0306847266724891	0.388454557398366	0.371078835182492	-0.11558935330048
1	2000000000	280.435428	0.0308483517739833	0.320008804504671	0.265974294419194	-0.147963184400311
1	2000000000	280.949046	0.0309578481975395	0.289608028711717	0.160321031630441	-0.175556048616279
1	2000000000	281.462664	0.0310484650908958	0.266618693867961	0.222836283272282	-0.194291222690994
1	2000000000	281.976282	0.0311889079533353	0.337602493711971	0.324519844556149	-0.0444870161325297
1	2000000000	282.4899	0.0313822954889033	0.466072637399215	0.42896870273788	0.0961584486686657
1	2000000000	283.003518	0.0316401229125923	0.529163970436661	0.533032516663355	0.0127499053148614
1	2000000000	283.517136	0.0319164954041027	0.543356551625898	0.543122978148822	0.000595132905622219
1	2000000000	284.030754	0.0321980026084665	0.550165404704987	0.5530261077245	-0.0116910802045259
1	2000000000	284.544372	0.0324813425074925	0.549628154468734	0.548152652570216	-0.00187488652451816
1	2000000000	285.05799	0.0327628564967272	0.548115783045693	0.548064176694842	-0.00110255755613905
1	2000000000	285.571608	0.0330443398033339	0.547628146353089	0.548033013621939	-0.000382421095373605
1	2000000000	286.085226	0.0333257351793742	0.54772810649875	0.547509644931508	0.000130071077116071
1	2000000000	286.598844	0.0336068333062469	0.547163269437126	0.547085242231633	8.59552867541422E-05
1	2000000000	287.112462	0.0338877243689002	0.546250204768072	0.546703442220903	6.86302216673669E-05
1	2000000000	287.62608	0.0341680340056633	0.54533274304565	0.543447686214673	-0.00777500765140742
1	2000000000	288.139698	0.0344485212135454	0.548379095132182	0.548784735035886	-0.00264152771610223
1	2000000000	288.653316	0.0347317852611713	0.556559006208263	0.554259891052371	0.00230935766221918
1	2000000000	289.166934	0.0350191054491046	0.569095149100845	0.59211096326748	0.0543908832270691
1	2000000000	289.680552	0.035312146195702	0.548389475258999	0.54887814920357	0.0196120803005211
1	2000000000	290.19417	0.0355828270566409	0.50089397935766	0.505046351134969	-0.014043837203703
1	2000000000	290.707788	0.0358308436371274	0.440276886676436	0.460628324343397	-0.0465721904830332
1	2000000000	291.221406	0.0359645449426905	0.213722014592714	0.189540638302723	-0.0837308964107878
1	2000000000	291.735024	0.0360322171456516	0.103878661907628	0.0741668612767112	-0.0221930767297227
1	2000000000	292.248642	0.0360409320727571	0.158216042582251	-0.0400278338770435	0.0412682877158627
1	2000000000	292.76226	0.0360643672302848	0.121015393746856	0.0906157653734329	-0.0360685277282274
1	2000000000	293.275878	0.0361213287121159	0.135024451089222	0.131206560831268	-0.0316881716172937
1	2000000000	293.789496	0.0361991574616918	0.17292349249978	0.171860503693902	-0.0305613612896522
1	2000000000	294.303114	0.0362917000408099	0.18091521305872	0.179946073372859	0.01229154205238
1	2000000000	294.816732	0.0363836067861777	0.178270745066587	0.177920927710076	0.00673078288080558
1	2000000000	295.33035	0.0364744516189685	0.175675220471213	0.175814157794754	0.00214032232795581
1	2000000000	295.843968	0.0365641450547781	0.174349110978632	0.17400303605755	-0.000450803140180246
1	2000000000	296.357586	0.0366535815401779	0.174274805484078	0.174263007142533	-0.000227907042100346
1	2000000000	296.871204	0.0367431561266444	0.174476422292446	0.174540715202556	-2.75102120969588E-05
1	2000000000	297.384822	0.0368328741394757	0.174686524478246	0.174735553270302	9.66176849514452E-05
1	2000000000	297.89844	0.0369225756856989	0.17454121260874	0.174561935104975	0.00010095517059934
1	2000000000	298.412058	0.0370121916303002	0.174499782539254	0.174402253960152	0.000113269262698996
1	2000000000	298.925676	0.0371017298760535	0.174002804032311	0.174320255317491	-0.00671979685278117
1	2000000000	299.439294	0.0371914020482362	0.17382033562588	0.174876011417853	-0.00253391822495154
1	2000000000	299.952912	0.037281383096932	0.178870625574626	0.175522282360264	0.00142516188926394
1	2000000000	300.46653	0.0373720037924871	0.188959748919982	0.199456433992974	0.0796098901059482
1	2000000000	300.980148	0.0374660931812668	0.170438405114837	0.16676629260524	0.0286150702697676
1	2000000000	301.493766	0.0375431530366478	0.125933245004364	0.133151132206067	-0.020184088176759
1	2000000000	302.007384	0.0376027171137175	0.0787358034602132	0.098645853171731	-0.0667800029439961
1	2000000000	302.521002	0.0376121196859875	0.0191001117026428	0.00212706862816531	-0.0478032498065392
1	2000000000	303.03462	0.0376103285791745	0.0561394114866555	-0.0090895381116213	-0.0439050896436114
1	2000000000	303.548238	0.0376027940065297	0.049338115301525	-0.0202392988243059	-0.0405933379630084
1	2000000000	304.061856	0.0375936248654741	0.0221020221077901	-0.0100731673491713	-0.00620958591858807
1	2000000000	304.575474	0.0375929128362531	0.00728745787546452	0.00730482517959612	-0.0049599844373836
1	2000000000	305.089092	0.0376011323414344	0.0246365539800746	0.0247042336905828	-0.00403066343517787
1	2000000000	305.60271	0.037615201019188	0.028036503483844	0.0270091280111799	-0.000167547035583481
1	2000000000	306.116328	0.0376293964764753	0.0282712364622751	0.0282663625295635	-0.000677254327406216
1	2000000000	306.629946	0.037644235754717	0.028225553212919	0.0295160288314567	-0.00120752550848251
1	2000000000	307.143564	0.0376589667217682	0.0277466009148772	0.0270911633832501	-0.00135025639183198
1	2000000000	307.657182	0.0376729034870178	0.0272276272104064	0.0271805488272731	-0.000714083188625168
1	2000000000	308.1708	0.0376868897505162	0.0272179156186031	0.0272838227629152	-0.000103757718433537
1	2000000000	308.684418	0.0377009412819406	0.0273683138071512	0.0274440580066083	-0.000153962702234139
1	2000000000	309.198036	0.037715035442787	0.027353655214473	0.0274394329596095	0.000126920461089502
1	2000000000	309.711654	0.0377291291415765	0.0278596085304938	0.0274422548138145	0.000406558918091294
1	2000000000	310.225272	0.0377433898743118	0.0287618948282817	0.0298787503354044	0.00368920573933143
1	2000000000	310.73889	0.037758410925903	0.0281065305040044	0.028607579254827	0.0019220294337005
1	2000000000	311.252508	0.0377727711682753	0.02828579163587	0.0273056927864961	0.000182905999779109
1	2000000000	311.766126	0.0377864549017017	0.0326385552402062	0.0259733724657245	-0.00152792195545581
1	2000000000	312.279744	0.0378000911390117	0.0162745776557026	0.0170026213148039	0.00959307392151109
1	2000000000	312.793362	0.0378037629847511	0.00694359004562478	-0.00274146545122559	-0.00214627617173501
1	2000000000	313.30698	0.0377972387423901	0.041519479563904	-0.022696292547814	-0.0126535451061684
1	2000000000	313.820598	0.0377603779880943	0.0822133590874811	-0.0878741810715357	-0.0508586264976697
1	2000000000	314.334216	0.0377114136860876	0.110023753774108	-0.102711537645984	-0.0249626200005713
1	2000000000	314.847834	0.0376549572400438	0.143073534445875	-0.11703704121766	0.0043687041738081
1	2000000000	315.361452	0.0376157854351457	0.0855275161055245	-0.059899951439387	0.0636780445012877
1	2000000000	315.87507	0.0375818933564082	0.0779158378025562	-0.0722096543038728	0.0211112238196696
1	2000000000	316.388688	0.0375414739399583	0.108742741305936	-0.0853113262087779	-0.019750503229668
1	2000000000	316.902306	0.0374862596790363	0.120273995294538	-0.125968686348498	-0.0211977661356075
1	2000000000	317.415924	0.0374200477433809	0.131900931838778	-0.131816290635146	-0.00711777720985069
1	2000000000	317.929542	0.0373508970598925	0.138562300033331	-0.137413306257713	0.00649719934403378
1	2000000000	318.44316	0.0372797235677875	0.138203857641785	-0.137693912432617	-0.00139368587063705
1	2000000000	318.956778	0.0372090424910683	0.137623157695928	-0.137535449796756	-0.000604995664930347
1	2000000000	319.470396	0.0371384436849287	0.137150005189155	-0.137373849345498	9.15414770427245E-05
1	2000000000	319.984014	0.0370680491214809	0.137042193418416	-0.136301868032904	0.000344491901175504
1	2000000000	320.497632	0.0369978383066341	0.137401557236487	-0.137096873595986	0.000959435212189793
1	2000000000	321.01125	0.0369272194479379	0.137137883350464	-0.137890593645803	0.00162573097555182
1	2000000000	321.524868	0.0368565353222293	0.136633350248796	-0.130400308102858	0.00195039544230419
1	2000000000	322.038486	0.0367899396622833	0.133274608030806	-0.128928206311817	0.00026000241847808
1	2000000000	322.552104	0.0367240891217481	0.121129152655534	-0.12749917826158	-0.00153237539574816
1	2000000000	323.065722	0.0366589611558837	0.102029919737816	-0.12611486143287	-0.00342626505236427
1	2000000000	323.57934	0.0366242357997667	0.0809304232745489	-0.0742116881483046	0.018062171193776
1	2000000000	324.092958	0.0365799349869972	0.105448215783818	-0.0984898214784638	-0.0437461937761149
1	2000000000	324.606576	0.0365228606827463	0.211492923665204	-0.123955160172702	-0.107002525096071
1	2000000000	325.120194	0.036369515702456	0.3176906023427	-0.348166746333928	-0.143585082414277
1	2000000000	325.633812	0.0361899548763623	0.354395864397145	-0.350503037423917	0.0281678678250045
1	2000000000	326.14743	0.0360100269243694	0.347409693892856	-0.349579174588201	0.205349098452269
1	2000000000	326.661048	0.035907694844495	0.224872657263698	-0.128901990642345	0.0602335583261176
1	2000000000	327.174666	0.035827990570836	0.180076936378373	-0.181620849224462	0.0114287832167201
1	2000000000	327.688284	0.0357209684724788	0.274332638805334	-0.235274695817542	-0.0374375913783482
1	2000000000	328.201902	0.0355331574644921	0.424808778188922	-0.499747970814258	0.00484538049844823
1	2000000000	328.71552	0.0352660194369674	0.537133798261837	-0.54048353868875	0.00619496359751632
1	2000000000	329.229138	0.0349779551799301	0.588988504642104	-0.581230522072351	0.0081150498634103
1	2000000000	329.742756	0.0346752012202259	0.585893432261756	-0.578891462531279	-0.00170869120475736
1	2000000000	330.256374	0.0343777674885022	0.580410818537201	-0.579309799745614	-0.00025310480262081
1	2000000000	330.769992	0.0340801139949651	0.576511043420017	-0.579747585175149	0.00107789952362641
1	2000000000	331.28361	0.033782985810653	0.575712572633278	-0.573226812725305	0.0132181343234502
1	2000000000	331.797228	0.0334857315291065	0.585057546336133	-0.584266810180868	0.0176073190497754
1	2000000000	332.310846	0.0331828207122516	0.59715187438357	-0.595244510587163	0.0246693183374993
1	2000000000	332.824464	0.0328738610793684	0.606235350491892	-0.627557509531505	-0.171553646146513
1	2000000000	333.338082	0.0325856562105006	0.49859914022321	-0.494436253428572	-0.0851147820253591
1	2000000000	333.8517	0.0323662130360164	0.359021034848021	-0.359837622694612	-0.00974484738985195
1	2000000000	334.365318	0.0322162437430406	0.215821166973786	-0.223944329842702	0.0545447398319278
1	2000000000	334.878936	0.032148835120115	0.277672845502646	-0.253598320871777	0.0938105739689002
1	2000000000	335.392554	0.031940494987484	0.591000246770932	-0.558538865276392	-0.179246046484084
1	2000000000	335.906172	0.031574203055869	1.15276061394542	-0.868632171413634	-0.447220508710822
1	2000000000	336.41979	0.0309257683671338	1.29680297257602	-1.32336545661144	-0.129926194929626
1	2000000000	336.933408	0.0302917580831787	1.1449984329335	-1.14518563956164	-0.041110804406272
1	2000000000	337.447026	0.0297496641399626	0.920632523741294	-0.965470165124378	0.0422812576798959
1	2000000000	337.960644	0.0293790202095075	0.646358429219405	-0.528128841181578	0.128370142273534
1	2000000000	338.474262	0.0291494499487658	0.37927716469701	-0.366534445782121	-0.101502196346262
1	2000000000	338.98788	0.0290017412967566	0.411388071770799	-0.209403114140771	-0.342239036795623
1	2000000000	339.501498	0.0288343957328445	0.658927643926772	-0.574855375225265	-0.0736957356351461
1	2000000000	340.015116	0.0284878602124161	0.78458937304527	-0.774114593832211	0.0677758017637608
1	2000000000	340.528734	0.0280396638574466	0.948899894844573	-0.970684605320357	0.217862098839465
1	2000000000	341.042352	0.0275175030576961	1.01327908142808	-0.959901908086705	-0.0114287717793959
1	2000000000	341.55597	0.0270233750957069	0.970220402524633	-0.96420074738235	-0.00191157180972997
1	2000000000	342.069588	0.0265270640347314	0.962591199116799	-0.968405953051531	0.00656920675580719
1	2000000000	342.583206	0.0260281751593353	0.970777456824187	-0.977229363671397	-0.0326086968298505
1	2000000000	343.096824	0.0255305541823179	0.960450513462181	-0.960417865236001	-0.00508344747071074
1	2000000000	343.610442	0.0250416813683214	0.941480572206619	-0.943164807580803	0.0223866300090305
1	2000000000	344.12406	0.0245617840217383	0.913808864596075	-0.925467957213814	0.0497984868628548
1	2000000000	344.637678	0.0241810912675494	0.609520923080303	-0.60796391234877	0.0155128743435077
1	2000000000	345.151296	0.0239365384445675	0.373571317615182	-0.344771703720255	-0.127589799937188
1	2000000000	345.664914	0.0238264384868321	0.232175777544263	-0.0844765482664253	-0.290383884850891
1	2000000000	346.178532	0.0236350535488115	0.592672415962206	-0.590195550380724	0.00343751636011375
1	2000000000	346.69215	0.023235236371953	0.979031283985585	-0.966213249002346	0.157352866902852
1	2000000000	347.205768	0.0226430621270103	1.30653473782487	-1.33911384820281	0.343540067107084
1	2000000000	347.719386	0.0219176576291971	1.37739340187409	-1.38777338761102	-0.20050813813541
1	2000000000	348.233004	0.0212289679591653	1.29425274187431	-1.29336526265626	-0.00497033763348787
1	2000000000	348.746622	0.0205896785475582	1.17005238130381	-1.19543479634566	0.184006643807824
1	2000000000	349.26024	0.0200655561578492	0.906755970699458	-0.814478725940171	-0.057411849950709
1	2000000000	349.773858	0.0197202807129013	0.554420713316578	-0.530267515724649	-0.138109925163231
1	2000000000	350.287476	0.0195205625914681	0.279715757196902	-0.247732433795539	-0.230731036232238
1	2000000000	350.801094	0.0194118002874622	0.369325169641756	-0.346709548710696	0.0776293281182614
1	2000000000	351.314712	0.0191576348591157	0.650895505538502	-0.64292935885526	0.106367156421668
1	2000000000	351.82833	0.0187514729904441	0.933965515561755	-0.938525123727872	0.148571829102884
1	2000000000	352.341948	0.0182103758239879	1.10870455383176	-1.06349375226887	0.0294887293489961
1	2000000000	352.855566	0.0176644971537379	1.06852032479377	-1.06222929368532	0.0060519993526986
1	2000000000	353.369184	0.0171191318832482	1.0610891332313	-1.06149675410835	-0.0180627416638992
1	2000000000	353.882802	0.0165710488938191	1.08788107201103	-1.11873539535974	-0.406824959283948
1	2000000000	354.39642	0.016020605403276	1.0580526563352	-1.02385514105081	-0.142104284162973
1	2000000000	354.910038	0.0155201377084242	0.8503354624411	-0.924162987759434	0.113027078825112
1	2000000000	355.423656	0.0150720757284691	0.517723918759976	-0.819820401873816	0.358530138509364
1	2000000000	355.937274	0.0149239181622784	0.30997914570241	-0.275573519345581	0.117966068437026
1	2000000000	356.450892	0.0147716872751115	0.328565119058041	-0.317789962311781	-0.0656431609602535
1	2000000000	356.96451	0.0145968790381769	0.540002069332067	-0.363485142679163	-0.248372761609969
1	2000000000	357.478128	0.0141124490496404	0.967328168282248	-1.12796643472052	-0.220276288232725
1	2000000000	357.991746	0.0135106951954765	1.24123153433657	-1.21429482827107	0.0877711001586041
1	2000000000	358.505364	0.012866082004456	1.2948130534133	-1.29482607770517	0.405366738968368
1	2000000000	359.018982	0.0122147471269768	1.26562467440806	-1.25255837545514	0.0249891355389475
1	2000000000	359.5326	0.0115660866058048	1.27357825359992	-1.27337312464047	0.00927633531286792
1	2000000000	360.046218	0.0109066357167781	1.2848689054292	-1.29456991534084	-0.00487321268050078
1	2000000000	360.559836	0.0102643546871391	1.09778060621512	-1.10543212083075	-0.137630061755528
1	2000000000	361.073454	0.00979470230706379	0.739418274811784	-0.723450524622602	-0.159822212244263
1	2000000000	361.587072	0.0095210955734753	0.395627407849389	-0.342104962712412	-0.19871388985096
1	2000000000	362.10069	0.00940604459931068	0.291936351016114	-0.285624841360383	0.169180471067441
1	2000000000	362.614308	0.00918573515722738	0.589788443551492	-0.572343128082526	0.145480764745645
1	2000000000	363.127926	0.00881805683346231	0.885485277840857	-0.859423478440359	0.134763057204598
1	2000000000	363.641544	0.00829827721877549	1.13583656011076	-1.16617667480427	-0.218338987415346
1	2000000000	364.155162	0.00769372992746262	1.18741016820914	-1.18743135369342	-0.0599470942938254
1	2000000000	364.66878	0.00707901159118838	1.19504418193182	-1.20577590528733	0.100364672218541
1	2000000000	365.182398	0.00645768940878962	1.14560205737854	-1.12977040244201	-0.155183926694193
1	2000000000	365.696016	0.00594503867302607	0.877943524937077	-0.866162626238826	-0.0532841043548603
1	2000000000	366.209634	0.0055682144548181	0.592981240786549	-0.600944017636347	0.0247126883964508
1	2000000000	366.723252	0.0053279419465129	0.294132300142667	-0.334514043459016	0.0787948096061212
1	2000000000	367.23687	0.00518924207656354	0.399630513750247	-0.376524973037474	0.0861143309925355
1	2000000000	367.750488	0.00493118999668504	0.635065535659155	-0.628768734506256	-0.05305262269092
1	2000000000	368.264106	0.00454292501131013	0.957031025137484	-0.883496308877462	-0.171220220084449
1	2000000000	368.777724	0.00400014573699614	1.11499427335372	-1.12555798040948	-0.0551794727349954
1	2000000000	369.291342	0.00340755189204589	1.18250803929931	-1.18178885487984	0.0124648893531034
1	2000000000	369.80496	0.0027863815806576	1.22133898946095	-1.23682791802156	0.0813188873640325
1	2000000000	370.318578	0.00215457159264447	1.21631386617976	-1.21454371626647	-0.0190472779856468
1	2000000000	370.832196	0.00153413640479527	1.20215029281594	-1.20128716104869	0.0258610261548055
1	2000000000	371.345814	0.000920706948856934	1.19362099051399	-1.18725671850004	0.0731396138388993
1	2000000000	371.859432	0.000308603147180296	1.116714948529	-1.14591681938165	-0.242345217532809
1	2000000000	372.37305	-0.000215419436785296	0.901219982180461	-0.894209448265089	-0.112547074443253
1	2000000000	372.886668	-0.000609566071719092	0.692589580191526	-0.640225978447498	0.007083021429195
1	2000000000	373.400286	-0.000819876629664283	0.484087376997514	-0.122307639402095	0.477568817464195
1	2000000000	373.913904	-0.000955178164131728	0.452043360650784	-0.405252409345406	0.258881785656881
1	2000000000	374.427522	-0.00123684090738795	0.745124876051299	-0.692165366383746	0.0588740885767177
1	2000000000	374.94114	-0.00167973578571581	1.04661624626808	-1.13155417543143	-0.0898798859693663
1	2000000000	375.454758	-0.00227537714822184	1.18042845321733	-1.18769180161575	-0.0322543008237517
1	2000000000	375.968376	-0.00289959862833138	1.22824415394128	-1.24284738464595	0.0240012712893138
1	2000000000	376.481994	-0.00355148932738907	1.171325618005	-0.765999965735933	0.504156283944925
1	2000000000	376.995612	-0.00389433661798808	0.649988099969207	-0.569898288201072	0.231390659866519
1	2000000000	377.50923	-0.0041378060134965	0.36778455671905	-0.37904256677259	-0.0465013854995917
1	2000000000	378.022848	-0.00428460643372428	0.326782608812852	-0.193492283486244	-0.329474017439981
1	2000000000	378.536466	-0.00453122538524913	0.625127628113796	-0.644969942042324	-0.0859598445828819
1	2000000000	379.050084	-0.00492988401814446	0.913067978020058	-0.906806767110168	0.105822836920307
1	2000000000	379.563702	-0.00546208813295218	1.13796899056953	-1.16492007947008	0.317674447504154
1	2000000000	380.07732	-0.00607109664313709	1.18301361732953	-1.17591037214409	-0.032313296658283
1	2000000000	380.590938	-0.00667318772796681	1.16925789220165	-1.16860072650062	-0.0230321363095849
1	2000000000	381.104556	-0.00727150939831046	1.15923153486503	-1.16124492177017	-0.017640700588733
1	2000000000	381.618174	-0.00786443908369362	1.15537427802696	-1.15320111194365	0.00473400249784944
1	2000000000	382.131792	-0.00845950080252466	1.1637504484332	-1.16397380477281	0.00265837240936384
1	2000000000	382.64541	-0.00906012897015246	1.18540699158853	-1.1748756158879	0.000775977160232733
1	2000000000	383.159028	-0.00967352096639311	1.18432481237067	-1.18340958687137	-0.152384867551255
1	2000000000	383.672646	-0.0102371113999385	1.02612379151807	-1.01093272637624	-0.0661292735002809
1	2000000000	384.186264	-0.0107117276365113	0.709937146719901	-0.836973976999576	0.0137179121853037
1	2000000000	384.699882	-0.0110297602906314	0.384495738556802	-0.194514448116806	0.240572560908927
1	2000000000	385.2135	-0.0111745512099249	0.368951077612856	-0.369723407137413	0.107891755266299
1	2000000000	385.727118	-0.0114099663114143	0.680275784450439	-0.547367253364806	-0.0154328298417209
1	2000000000	386.240736	-0.011764389904561	1.18606660904121	-1.21639737271631	-0.712452321382956
1	2000000000	386.754354	-0.012364937667899	1.13234918563803	-1.12064717438793	-0.24022605272737
1	2000000000	387.267972	-0.0129140773649333	0.982939111654268	-1.0162807863351	0.211957566756336
1	2000000000	387.78159	-0.0134074756561035	0.789621396715596	-0.903656159945581	0.644027372213744
1	2000000000	388.295208	-0.0135667480696757	0.367942551890169	-0.322622053984262	0.181656552554898
1	2000000000	388.808826	-0.0137547107037711	0.43679168012552	-0.410093840321987	-0.0697031624487815
1	2000000000	389.322444	-0.0139888161199878	0.81390004687904	-0.502278183075385	-0.314636856806116
1	2000000000	389.836062	-0.0144946173116691	1.01927314813537	-1.09020066826042	0.00496630701624484
1	2000000000	390.34968	-0.0150493154720846	1.08506009790863	-1.06982632679913	-0.00611267357590816
1	2000000000	390.863298	-0.0155936241875168	1.08958854830185	-1.04974552551941	-0.0172849548571101
1	2000000000	391.376916	-0.0161446751683216	1.07791043497709	-1.08423557820428	-0.0142901283203593
1	2000000000	391.890534	-0.0166995807415748	1.07700910714319	-1.07655111878621	-0.0100526059676139
1	2000000000	392.404152	-0.0172505417020383	1.07282308501628	-1.06887771174984	-0.00645498124293343
1	2000000000	392.91777	-0.0178003557207687	1.07327622616295	-1.07653559017867	0.00556426877489971
1	2000000000	393.431388	-0.0183559707902742	1.08699676418118	-1.08699637217474	0.0155416941489251
1	2000000000	393.945006	-0.0189169284272994	1.11007188622727	-1.09733099802448	0.0280475012759348
1	2000000000	394.458624	-0.019491629134202	1.11481514671225	-1.13127882199004	-0.172872846015711
1	2000000000	394.972242	-0.0200429853641439	1.02027872614935	-1.01528159265207	-0.0407866500811648
1	2000000000	395.48586	-0.0205341473102107	0.879004500813995	-0.896893583136186	0.0896608381333186
1	2000000000	395.999478	-0.020935026436815	0.781620730761614	-0.512443452176997	0.294043138285032
1	2000000000	396.513096	-0.0211813884737959	0.492085198794589	-0.447764808729356	0.0146659522365429
1	2000000000	397.026714	-0.0213958998128111	0.474714067664512	-0.388434660667019	-0.269561432230055
1	2000000000	397.540332	-0.0215940713596315	0.943816580556365	-0.750944849772586	-0.0778135399209597
1	2000000000	398.05395	-0.0219469773258641	0.632943513052608	-0.622951411910795	0.0223949248917942
1	2000000000	398.567568	-0.0222337057305864	0.497718185566474	-0.493316421487932	0.102433464283007
1	2000000000	399.081186	-0.0224535045114236	0.280402065186413	-0.362394954872836	0.16228939093822
1	2000000000	399.594804	-0.0226101811478675	0.46489916448859	-0.429599392004537	0.0753878624104023
1	2000000000	400.108422	-0.022903918343257	0.714629489397598	-0.714079681522784	0.118515593906306
1	2000000000	400.62204	-0.0233435376928231	0.95035903763594	-0.99757022983733	0.187560143363005
1	2000000000	401.135658	-0.0238620022339616	1.01445691298138	-1.00654720295852	-0.0541459082719509
1	2000000000	401.649276	-0.0243815885617304	1.01585317327278	-1.01658352294083	-0.0106336915180386
1	2000000000	402.162894	-0.0249061435026165	1.01823040201258	-1.02590157480652	0.030616550739798
1	2000000000	402.676512	-0.025429300091464	1.01572449112048	-1.01262521701199	0.00102630949261417
1	2000000000	403.19013	-0.0259492514834477	1.01200701742548	-1.01206606242716	0.000215353684742078
1	2000000000	403.703748	-0.0264689402998065	1.01106474318244	-1.01160313905622	-0.000710775191569874
1	2000000000	404.217366	-0.0269886171167902	1.0115893224454	-1.01162575957786	-0.00208578670725571
1	2000000000	404.730984	-0.0275076108172186	1.00949037181076	-1.00932457424812	0.000809203561579238
1	2000000000	405.244602	-0.0280254290447752	1.00492142082239	-1.00704863915355	0.00369061657571904
1	2000000000	405.75822	-0.0285396121266968	1.00821583425122	-0.992975249695021	0.00879680340580095
1	2000000000	406.271838	-0.0290549616118353	1.02001543790369	-1.0137872826124	0.0110635167291128
1	2000000000	406.785456	-0.0295810091072179	1.01062623615307	-1.03463038143339	0.0139224725721614
1	2000000000	407.299074	-0.0301000080322638	0.933955894699732	-0.823582362876122	-0.0211892390172071
1	2000000000	407.812692	-0.0304667279060548	0.626147386683322	-0.604449173463667	-0.0316301587042074
1	2000000000	408.32631	-0.0307209695466117	0.384034753437286	-0.385615727191525	-0.0468126877298991
1	2000000000	408.839928	-0.0308632031798388	0.313467502132803	-0.212534394563807	0.325245936147155
1	2000000000	409.353546	-0.0309716580432439	0.253964221932919	-0.21017192874439	0.20313158154632
1	2000000000	409.867164	-0.0310794962031341	0.256262723576418	-0.210135771586428	0.0801202592666188
1	2000000000	410.380782	-0.0311879167910235	0.322506725149377	-0.212442645617176	-0.0437676138794856
1	2000000000	410.8944	-0.0314029437147948	0.426440373785172	-0.468178642874059	-0.076188389889652
1	2000000000	411.408018	-0.031653248218774	0.517030762847408	-0.506148268950491	0.0379232208318704
1	2000000000	411.921636	-0.0319225033060994	0.542852304628671	-0.541951186908597	0.158134293153982
1	2000000000	412.435254	-0.0322033292857648	0.544861519690568	-0.547174717803533	-0.000574127708785955
1	2000000000	412.948872	-0.03248469469578	0.548483194865183	-0.548457341387808	0.00063834142369011
1	2000000000	413.46249	-0.0327667240205036	0.547024024202581	-0.549759680601628	0.00192907536617218
1	2000000000	413.976108	-0.0330466279035056	0.54369450261393	-0.541436667019857	9.05706673792307E-05
1	2000000000	414.489726	-0.0333250619442353	0.542787121823975	-0.542783861764307	0.000283674369933658
1	2000000000	415.003344	-0.0336041979716216	0.543212597620607	-0.544170059813089	0.000496902302892358
1	2000000000	415.516962	-0.0338836866385412	0.543506939191054	-0.543755138733054	0.0032360965290962
1	2000000000	416.03058	-0.0341632104324702	0.544457296475399	-0.54471647990378	0.00100960965664574
1	2000000000	416.544198	-0.0344432494635572	0.548712874716174	-0.545760749716295	-0.00100497822064909
1	2000000000	417.057816	-0.034725432610524	0.554611847064736	-0.557604467901889	-0.0156414905686929
1	2000000000	417.571434	-0.0350103806466999	0.552921451243898	-0.551901743675976	0.00989027669045422
1	2000000000	418.085052	-0.0352922831189202	0.544164746963306	-0.545737173082427	0.0380158868700446
1	2000000000	418.59867	-0.0355709020809834	0.514308946407607	-0.530710980633858	-0.148017272848159
1	2000000000	419.112288	-0.0358040402834625	0.379261228656014	-0.376887502484869	-0.0727930464511569
1	2000000000	419.625906	-0.0359578342014021	0.225208272220454	-0.221782367802764	-0.00798793968678931
1	2000000000	420.139524	-0.0360316687243331	0.0502695750923071	-0.0655621727395119	0.0463879623197714
1	2000000000	420.653142	-0.0360402560378581	0.0569752584286238	-0.034956835596495	0.0778684073399745
1	2000000000	421.16676	-0.0360688667976882	0.093748934078852	-0.076601373177459	0.030826514086909
1	2000000000	421.680378	-0.0361190928429779	0.139006092583451	-0.119117370089803	-0.013773455126242
1	2000000000	422.193996	-0.0361981471463778	0.162063980168392	-0.164247956173808	-0.0115344027940159
1	2000000000	422.707614	-0.0362846519571287	0.172860205852383	-0.172566396023582	-0.000332681207786436
1	2000000000	423.221232	-0.0363753785751071	0.177726467171503	-0.180687087653235	0.0109217762850558
1	2000000000	423.73485	-0.0364667402485641	0.176519163376761	-0.175687137599217	0.000997645327882052
1	2000000000	424.248468	-0.0365568669460484	0.17521165969806	-0.175267608514663	0.000444287876662299
1	2000000000	424.762086	-0.0366467843668513	0.174602712441486	-0.174872188777537	-9.3642157122176E-05
1	2000000000	425.275704	-0.0367364249212368	0.174421048883332	-0.174298055016059	0.000516037305319207
1	2000000000	425.789322	-0.036825952423496	0.174320942019494	-0.174323273520203	1.49860822452194E-05
1	2000000000	426.30294	-0.0369154988399906	0.174439496747774	-0.174371712043484	-0.000488332437365271
1	2000000000	426.816558	-0.0370051563896388	0.174848387810215	-0.17498729329762	0.000287716181221483
1	2000000000	427.330176	-0.0370952229547666	0.175675499113226	-0.175731209460085	0.000410246134270074
1	2000000000	427.843794	-0.0371856745132677	0.17682684586363	-0.176486293153065	0.000572393569056551
1	2000000000	428.357412	-0.0372769242048837	0.177606586460333	-0.179943610161454	-0.00875219506489786
1	2000000000	428.87103	-0.0373674221406892	0.172786432090393	-0.172433146036103	-0.00187028608570831
1	2000000000	429.384648	-0.0374540330690103	0.16297597437702	-0.164808447193532	0.00484808148868714
1	2000000000	429.898266	-0.0375352387901589	0.144961808168855	-0.115729059422485	0.0657110177279308
1	2000000000	430.411884	-0.0375826229775919	0.0778440513744174	-0.0688445665171659	0.0462725475004667
1	2000000000	430.925502	-0.0376060234748696	0.0458877072439362	-0.0223396898196629	0.0262828111103218
1	2000000000	431.43912	-0.0376056356087584	0.0377075920491078	0.0237842134573419	0.00574506691180338
1	2000000000	431.952738	-0.0375952133025678	0.0289877550124104	0.0163922490732931	0.0435023407261534
1	2000000000	432.466356	-0.0375888222379451	0.0218201102333225	0.00838687315698525	0.00924764491368485
1	2000000000	432.979974	-0.0375867090500201	0.0266443985731777	-0.000266321244940816	-0.0252858241416605
1	2000000000	433.493592	-0.0375963423071528	0.0215248889307167	-0.0247283899553776	-0.0104507605582477
1	2000000000	434.00721	-0.0376095720752667	0.0282991729877451	-0.0267663118588374	-0.00344383490387394
1	2000000000	434.520828	-0.0376238158724536	0.0295168236898082	-0.0286782004823374	0.00315345192598273
1	2000000000	435.034446	-0.037638861080661	0.029025365507712	-0.0292918540643947	-0.000537467884366635
1	2000000000	435.548064	-0.0376537707343816	0.0287833899268526	-0.0287654138670933	-0.000265884718097631
1	2000000000	436.061682	-0.0376684093212548	0.0282592407841473	-0.0282364644923677	-3.05699060028869E-05
1	2000000000	436.5753	-0.0376827537442755	0.0280983961599313	-0.0278268533966923	0.000152636775180117
1	2000000000	437.088918	-0.037697139272734	0.0282409202993971	-0.0281902910433749	0.000171917044626714
1	2000000000	437.602536	-0.0377117119381278	0.0279200747634508	-0.0285555223874852	0.000197901339641053
1	2000000000	438.116154	-0.03772603784249	0.0279822083684461	-0.0266079166566094	-0.00025725254113912
1	2000000000	438.629772	-0.0377402680495118	0.0291854989892773	-0.0288026135340048	0.00035248671886609
1	2000000000	439.14339	-0.0377556230966849	0.0295336557019375	-0.0309878804224951	0.000978059382293067
1	2000000000	439.657008	-0.0377717222847463	0.0292627950763462	-0.0285014480396325	-0.0144214499841554
1	2000000000	440.170626	-0.0377855009787028	0.0278468021398772	-0.0251135317379849	-0.0019751507805488
1	2000000000	440.684244	-0.0377974801776627	0.0171620237663114	-0.0214949355898651	0.0102880314601362
1	2000000000	441.197862	-0.0378071342712875	0.0323281206633684	0.0139934238450387	-0.00730387623144605
1	2000000000	441.71148	-0.0377929339756689	0.0392100905256073	0.0413895755990854	0.0202096556396551
1	2000000000	442.225098	-0.0377645290233807	0.0897882359418456	0.0693056802775108	0.0477147712650418
1	2000000000	442.738716	-0.0377216509519417	0.137240766286587	0.0977468872555625	0.075206903984424
1	2000000000	443.252334	-0.0376563582806386	0.102559298382048	0.11107936910569	0.0125247068656757
1	2000000000	443.765952	-0.0376110039505919	0.0739755631688953	0.0655298228477529	0.0125810343650864
1	2000000000	444.27957	-0.0375890430141794	0.0688539044308573	0.0199891338002019	0.0130872615121344
1	2000000000	444.793188	-0.0375513491379712	0.0952385476999322	0.102766290724156	0.000465390035026388
1	2000000000	445.306806	-0.0374936792005771	0.122540849720133	0.121784984097462	-0.00451373284121766
1	2000000000	445.820424	-0.0374262629755398	0.136433998226465	0.140716010878156	-0.00989427338666041
1	2000000000	446.334042	-0.0373552466976885	0.135342959593651	0.133370867897789	-0.00274038502911425
1	2000000000	446.84766	-0.0372868985854992	0.132769071110988	0.132781663179329	-0.00106648728738396
1	2000000000	447.361278	-0.0372188423529553	0.131997744579002	0.13223424120776	0.000581917803454059
1	2000000000	447.874896	-0.0371509395639659	0.132385893020668	0.1324230970992	-0.000286388765440049
1	2000000000	448.388514	-0.0370828556207663	0.132682556917888	0.132695486941368	-0.000299517882872396
1	2000000000	448.902132	-0.0370146292026201	0.133143072683361	0.132977770500822	-0.000347207396383228
1	2000000000	449.41575	-0.0369460826967262	0.13358596964412	0.134261349637305	0.00416077009738791
1	2000000000	449.929368	-0.0368774564483725	0.133003996189444	0.132952650574677	-0.00103159812241704
1	2000000000	450.442986	-0.0368095251956579	0.131348468283775	0.131554333165927	-0.00646840896780469
1	2000000000	450.956604	-0.0367424549638755	0.126046744660193	0.126721320937385	0.00582322913979927
1	2000000000	451.470222	-0.0366839163100829	0.103222743827926	0.101241842085889	0.0104825848475812
1	2000000000	451.98384	-0.0366384348480205	0.0760933335209404	0.0758865511758002	0.0180178924100563
1	2000000000	452.497458	-0.0366059340545975	0.0443557205221547	0.0507047361253134	0.0284278380146473
1	2000000000	453.011076	-0.0365531966298324	0.221456595203734	0.181697922010343	-0.0439579795640957
1	2000000000	453.524694	-0.0364191406246079	0.329940800916589	0.34016528175334	-0.0921464411611069
1	2000000000	454.038312	-0.0362039446699824	0.45738420486709	0.49759657394144	-0.157542140374631
1	2000000000	454.55193	-0.0360176558304348	0.35997880605939	0.288815853164727	0.0257390944970185
1	2000000000	455.065548	-0.0358959342634214	0.206740330218261	0.185520358997194	0.138611573668043
1	2000000000	455.579166	-0.0358267033962053	0.196276483154957	0.0844515761202892	0.26081715741379
1	2000000000	456.092784	-0.0357343270600716	0.307976521713033	0.27537200793039	-0.0664863007386459
1	2000000000	456.606402	-0.0355602381447493	0.410115506026939	0.402504870264072	-0.0753048482805018
1	2000000000	457.12002	-0.0353208958793431	0.526480338928659	0.529439632407567	-0.0910420028771167
1	2000000000	457.633638	-0.0350254314350355	0.582295745375672	0.588309745428641	0.0600352164335916
1	2000000000	458.147256	-0.0347244824151016	0.584714245900661	0.583479301070509	0.026555094513619
1	2000000000	458.660874	-0.0344261596303905	0.577358469254416	0.57809325748313	-0.00381780091425403
1	2000000000	459.174492	-0.034133506477553	0.567900465042236	0.560546031643153	-0.00878453791119349
1	2000000000	459.68811	-0.0338438193073261	0.568401491306502	0.567501584055956	-0.00667026873645385
1	2000000000	460.201728	-0.0335505385117836	0.571612273320321	0.574538039674704	-0.00493461468579194
1	2000000000	460.715346	-0.0332555336912322	0.583170486021558	0.565814448472124	-0.00646936169775999
1	2000000000	461.228964	-0.0329627295109428	0.587006172226952	0.574375695784633	-0.00281169898725662
1	2000000000	461.742582	-0.0326654988874744	0.544986226133093	0.583050515626552	0.000810082271085716
1	2000000000	462.2562	-0.032379299004742	0.441819111799671	0.227739778668563	-0.196833842040443
1	2000000000	462.769818	-0.0322625043924875	0.257557705512183	0.227546912217138	-0.0411695412757914
1	2000000000	463.283436	-0.0321450437911152	0.242896512760981	0.23034689281532	0.118897409273497
1	2000000000	463.797054	-0.0320253586496266	0.506128554179042	0.236222942745085	0.283340475136013
1	2000000000	464.310672	-0.0316447433847656	0.860878441491678	0.902890356804668	0.148735967851113
1	2000000000	464.82429	-0.0311126357631455	1.18213169265725	1.16815825191181	-0.162988642207818
1	2000000000	465.337908	-0.0304457959139677	1.38704928350772	1.42746174070354	-0.49518786300446
1	2000000000	465.851526	-0.0297902837339692	1.0822372945917	1.06275284401607	0.127675708272261
1	2000000000	466.365144	-0.0293520026616107	0.661734354098633	0.643963874388923	0.1467256021804
1	2000000000	466.878762	-0.0291286953119626	0.252155215116407	0.225714269920953	0.180586986547387
1	2000000000	467.39238	-0.0290272027754252	0.276227207855223	0.299941100692667	-0.0155451923853995
1	2000000000	467.905998	-0.0288128718764744	0.53764699521264	0.534553296939282	-0.0523436519846291
1	2000000000	468.419616	-0.0284782124550583	0.798860484071614	0.768471797971438	-0.0938131015748611
1	2000000000	468.933234	-0.0280184681214001	0.950943722482648	0.968263937918912	1.12731446209144E-05
1	2000000000	469.446852	-0.0275184267442088	0.978296893011658	0.978888773465232	-0.00216668303392316
1	2000000000	469.96047	-0.0270129193528744	0.990524235752183	0.989547116256888	-0.00461946579842852
1	2000000000	470.474088	-0.0265041063457641	0.985993515164408	0.984097405713136	-0.00304842122899915
1	2000000000	470.987706	-0.0260013072540318	0.974723105953026	0.973779213499429	-0.00967594329256955
1	2000000000	471.501324	-0.0255038229470501	0.96212974384638	0.963396631780008	-0.0180656092877353
1	2000000000	472.014942	-0.0250107896570457	0.929319761182968	0.947513585639058	0.245226791412869
1	2000000000	472.52856	-0.0245680269576611	0.785123173617352	0.776052934882782	0.0719331444947318
1	2000000000	473.042178	-0.0242141258370676	0.577457778295608	0.601542918717322	-0.0857120353243209
1	2000000000	473.555796	-0.0239559776912441	0.375188578423964	0.148929279274731	-0.307571400468858
1	2000000000	474.069414	-0.0238324238940911	0.347361087660325	0.333033741528677	-0.0400745526859315
1	2000000000	474.583032	-0.023613020139942	0.583419331394601	0.522149550023736	0.222715818790466
1	2000000000	475.09665	-0.0232952055761103	1.09917544839163	0.716224057576443	0.480756440848423
1	2000000000	475.610268	-0.0226573934519942	1.2843210910078	1.32010536364143	-0.00563649145253622
1	2000000000	476.123886	-0.0219717486494408	1.36128424267852	1.34970053057245	-0.035167961961162
1	2000000000	476.637504	-0.0212710272515939	1.38142764038288	1.37879493785024	-0.0701978277220088
1	2000000000	477.151122	-0.0205991662583378	1.16535086841995	1.16384747093773	0.180972528191502
1	2000000000	477.66474	-0.020083419607032	0.865784378588131	0.844426601303249	0.169839301632316
1	2000000000	478.178358	-0.0197317447096118	0.611830779220334	0.525026216409923	0.176714835840552
1	2000000000	478.691976	-0.0195658441250255	0.354811233860118	0.27468237213997	-0.393419812829395
1	2000000000	479.205594	-0.0193833155519309	0.474367878863994	0.436799936063462	-0.166623278040199
1	2000000000	479.719212	-0.0191164320062852	0.730679933837333	0.603113503642187	0.0482012638581182
1	2000000000	480.23283	-0.0187199930107871	0.901827564188548	0.941844914235541	0.19487101285625
1	2000000000	480.746448	-0.0182187079784447	1.00703186329878	1.00973790720216	0.0607226164196996
1	2000000000	481.260066	-0.0176831759986094	1.08183367505247	1.07520754552218	-0.0706616933891902
1	2000000000	481.773684	-0.0171187770209427	1.08930422806415	1.09566908322582	0.0689105812617177
1	2000000000	482.287302	-0.0165663370342837	1.05580149123163	1.05539250156642	0.0255205109522757
1	2000000000	482.80092	-0.016034768888763	1.01238564895205	1.01440276092288	-0.0157543525215031
1	2000000000	483.314538	-0.0155291065260445	0.917586479677832	0.891600160417108	-0.116632066456091
1	2000000000	483.828156	-0.0151418159510993	0.614444309058365	0.616835727390874	-0.00955237347235761
1	2000000000	484.341774	-0.0148950816944489	0.382006027043285	0.34435009086885	0.118598040664822
1	2000000000	484.855392	-0.0147876439203254	0.26177130057269	0.0744873148850107	0.267798394739842
1	2000000000	485.36901	-0.0145483395523766	0.624161727058029	0.626631906326522	0.00689909113181664
1	2000000000	485.882628	-0.014145341041978	0.947135779653819	0.94226310975546	-0.11453649287641
1	2000000000	486.396246	-0.013580838865526	1.21677205450779	1.25542509916817	-0.26463025118683
1	2000000000	486.909864	-0.0129282556488422	1.2773215616165	1.27931205017583	0.0649828023682001
1	2000000000	487.423482	-0.0122649239901449	1.30662975201105	1.30351953125627	0.00774794948943908
1	2000000000	487.9371	-0.0115894044475024	1.3465561647712	1.32677975305756	-0.0465388775104399
1	2000000000	488.450718	-0.0108903149530236	1.25726097663264	1.28741970976112	0.189603559571165
1	2000000000	488.964336	-0.0102942350821	1.0389739281397	1.0332870755122	0.0558765987006102
1	2000000000	489.477954	-0.00982929639665865	0.795444766684063	0.776799291890464	-0.0686394382163544
1	2000000000	489.991572	-0.00957611649218054	0.512105119873766	0.317740593280819	-0.144558002914249
1	2000000000	490.50519	-0.00939942245647243	0.370680090851267	0.370663069931359	-0.0311555946494162
1	2000000000	491.018808	-0.00919499359960428	0.502847837418087	0.425729410100276	0.0798821447334589
1	2000000000	491.532426	-0.00887590449741421	0.77347812821998	0.925305478914509	0.0315510951195557
1	2000000000	492.046044	-0.00836241860633371	1.05999338465727	1.07401701856354	-0.0304184237511832
1	2000000000	492.559662	-0.00777283845012541	1.23628200966151	1.22159127769651	-0.09780572165458
1	2000000000	493.07328	-0.00711741279259465	1.28148388193604	1.25842183766219	0.40821353147915
1	2000000000	493.586898	-0.00650292048069154	1.16859112383694	1.13349739017571	0.119378435926304
1	2000000000	494.100516	-0.00595395014527862	0.888529204851877	1.00331587143201	-0.15973396907557
1	2000000000	494.614134	-0.00550153999297594	0.479412742957969	0.294012695884066	-0.318301522335853
1	2000000000	495.127752	-0.00534342917343204	0.342481853943171	0.322297964843837	-0.118704741436507
1	2000000000	495.64137	-0.00516981900159667	0.359999373199006	0.354365064517903	0.0805386038330616
1	2000000000	496.154988	-0.00497876730861838	0.506819521016255	0.390213158210963	0.279395455665637
1	2000000000	496.668606	-0.00453961791453285	0.883893678789407	0.954874040125155	0.152451161184682
1	2000000000	497.182224	-0.00401030499480525	1.12554243819012	1.10538246564728	-0.130070832697571
1	2000000000	497.695842	-0.00340504706039769	1.2234779460773	1.25056588751755	-0.42262782242291
1	2000000000	498.20946	-0.00278229377382329	1.1963190248034	1.19804356293306	-0.0234683793562618
1	2000000000	498.723078	-0.0021675095907483	1.20238672915182	1.19600559944	0.00261056340540826
1	2000000000	499.236696	-0.00155362328611318	1.25937875570063	1.19454424838632	0.0277147677812994
1	2000000000	499.750314	-0.000909176985968605	1.229646858156	1.23666316012138	0.0865712835917655
1	2000000000	500.263932	-0.000314665830087569	1.07749529997202	1.07819463602662	0.0348441000375886
1	2000000000	500.77755	0.000198229774140832	0.869114656508557	0.918874649224785	-0.012676421608858
1	2000000000	501.291168	0.000578559765275694	0.641241556667182	0.559735564582601	-0.0803621000426866
1	2000000000	501.804786	0.000824083044379289	0.418245076726443	0.396937931501809	0.114406354946359
1	2000000000	502.318404	0.000986960870161013	0.424970986391787	0.237963404992203	0.321900941925292
1	2000000000	502.832022	0.00116299762718082	0.814563297624978	0.68934304841133	0.115717774298289
1	2000000000	503.34564	0.00159752584865872	1.03590490771482	1.0019619091267	-0.125152990628288
1	2000000000	503.859258	0.00219144427755636	1.27490911320394	1.30993224372	-0.385167568566323
1	2000000000	504.372876	0.00292043546458941	1.35190762273285	1.33361392538761	0.351391170586759
1	2000000000	504.886494	0.00351392376857514	1.00130570091777	0.976852875877408	0.172146344181704
1	2000000000	505.400112	0.00392338059725492	0.611466719052582	0.617112461204172	0.0253865484248826
1	2000000000	505.91373	0.00414160607222651	0.229143052235289	0.0414575070022108	-0.342929119455311
1	2000000000	506.427348	0.00424547495562077	0.405267114959557	0.363580464444955	-0.163236119814447
1	2000000000	506.940966	0.00451562471615237	0.689586571054594	0.688870246599785	-0.00780662168783545
1	2000000000	507.454584	0.00495358107140391	1.04424866559362	1.01693243320854	0.123334166358844
1	2000000000	507.968202	0.00551793725961742	1.11453302235785	1.11539935548202	0.0298780765477609
1	2000000000	508.48182	0.00609605330230957	1.13479405084395	1.13567420003294	-0.00461738067955625
1	2000000000	508.995438	0.00668443921919708	1.14355833292772	1.15538932952666	-0.0391130959021655
1	2000000000	509.509056	0.00727081530677933	1.13714354736239	1.13603141767528	-0.00393673694104389
1	2000000000	510.022674	0.00785414468337954	1.13604365374123	1.13546526082484	0.000619831321646871
1	2000000000	510.536292	0.00843722803963318	1.14486972888193	1.13507287633341	0.00499690346758139
1	2000000000	511.04991	0.00903144480884341	1.15080511681076	1.15701667380568	0.072692724937875
1	2000000000	511.563528	0.00961305580906306	1.10862857265754	1.10740878052907	-0.0432796048238139
1	2000000000	512.077146	0.0101686451098829	1.02922172288938	1.05568530276726	-0.161087386741548
1	2000000000	512.590764	0.0106564888166373	0.862035168926338	0.789000049737767	0.0449177765908765
1	2000000000	513.104382	0.0110051287440464	0.597346529262154	0.568879935499954	0.135500148654119
1	2000000000	513.618	0.0112411786420186	0.367230148517288	0.350622792604221	0.237533862982455
