"Time [s]"	"Tro [mNewtonMeter]"
0	0
0.001	-1.76688980727635
0.002	-10.283469894936
0.003	-28.4916737584833
0.004	-52.8582364170406
0.005	-73.7565311154514
0.006	-78.0495059861587
0.007	-57.5072271831619
0.008	-19.6826359867348
0.009	14.0879971843358
0.01	23.6703402108024
0.011	8.23707702387845
0.012	-16.4785153737013
0.013	-37.5352479230895
0.014	-50.3636672750618
0.015	-56.2924037149044
0.016	-58.7407650589154
0.017	-60.0651980165049
0.018	-62.9485025930702
0.019	-69.3741864389139
0.02	-78.9007994077502
0.021	-92.9124149843298
0.022	-113.547936713001
0.023	-143.4692292381
0.024	-174.94033757322
0.025	-176.27980496204
0.026	-147.598019427178
0.027	-123.776153313589
0.028	-120.342829075728
0.029	-135.127173902567
0.03	-136.503385857417
0.031	-100.246141833002
0.032	-43.1688787464825
0.033	10.6330169179172
0.034	42.2659825293328
0.035	49.9563204140893
0.036	53.820023336996
0.037	72.0593336204841
0.038	90.4573781492011
0.039	87.5096850698055
0.04	80.5041185631757
0.041	88.090097094447
0.042	82.7914470937797
0.043	51.4834918620618
0.044	22.877192906972
0.045	13.9428452697483
0.046	27.6339646327643
0.047	59.9667486452634
0.048	71.6688054434573
0.049	44.2494901142962
0.05	15.5590417792518
0.051	8.20567768186237
0.052	23.0994632990356
0.053	61.7566919444606
0.054	105.276897007882
0.055	122.9439532216
0.056	135.86999177839
0.057	159.016353450063
0.058	168.890796884564
0.059	181.742581200593
0.06	187.467712620486
0.061	189.977396425658
0.062	188.900701315995
0.063	176.659912227593
0.064	179.190944393099
0.065	161.536625567217
0.066	144.669287747867
0.067	147.362324326204
0.068	120.360516998623
0.069	92.7827080853313
0.07	109.308357766423
0.071	116.977046522703
0.0720000000000001	91.533975281651
0.0730000000000001	83.7322176271811
0.0740000000000001	110.765762331419
0.0750000000000001	129.496466883247
0.0760000000000001	130.844817439414
0.0770000000000001	152.557980787016
0.0780000000000001	170.947503433302
0.0790000000000001	185.205610155524
0.0800000000000001	201.23065481544
0.0810000000000001	211.868668300554
0.0820000000000001	223.37643860347
0.0830000000000001	231.722870580142
0.0840000000000001	238.114103628618
0.0850000000000001	242.181420941877
0.0860000000000001	242.76635958828
0.0870000000000001	243.668897620034
0.0880000000000001	242.871488714312
0.0890000000000001	239.418741808103
0.0900000000000001	236.770718950665
0.0910000000000001	231.518430744129
0.0920000000000001	233.903124575393
0.0930000000000001	232.899258999372
0.0940000000000001	237.838959385683
0.0950000000000001	244.396681001713
0.0960000000000001	249.855202401938
0.0970000000000001	260.903585692518
0.0980000000000001	263.816779269958
0.0990000000000001	274.645202604154
0.1	278.023478452804
0.101	288.892508432487
0.102	307.86333296718
0.103	311.935870478958
0.104	332.187475438761
0.105	350.072761207504
0.106	350.373376369445
0.107	371.317298543295
0.108	402.903996963929
0.109	409.036421110999
0.11	402.303683597341
0.111	417.964626998079
0.112	457.566660735787
0.113	496.556072468386
0.114	527.648114325753
0.115	555.41824657027
0.116	586.336569875639
0.117	623.657570397784
0.118	651.966869949906
0.119	652.414575381898
0.12	641.842285376379
0.121	646.99069988314
0.122	671.505832295902
0.123	687.924204011939
0.124	682.595380557153
0.125	683.835514566145
0.126	704.448844477676
0.127	711.255795885717
0.128	703.599411690974
0.129	715.250254459705
0.13	725.355205075771
0.131	718.792058177086
0.132	721.990840572926
0.133	731.286244819235
0.134	725.010786804904
0.135	721.024425120387
0.136	728.0705079106
0.137	721.763366406468
0.138	711.954492919441
0.139	716.514892593293
0.14	711.190829585093
0.141	696.057391748428
0.142	694.089792061522
0.143	692.853238278789
0.144	678.938612555431
0.145	665.740552627238
0.146	664.200202171521
0.147	664.473668372638
0.148	653.553483868932
0.149	637.07626930732
0.15	627.3108179807
0.151	626.149825990899
0.152	629.275806524659
0.153	627.707006880924
0.154	617.39844866066
0.155	604.125920714532
0.156	594.31489705711
0.157	590.028894020044
0.158	590.470739568223
0.159	594.097135476875
0.16	597.986514344708
0.161	599.648704524614
0.162	598.83508194279
0.163	597.579273819126
0.164	598.421831361401
0.165	602.859226139164
0.166	611.194975187334
0.167	621.278151906985
0.168	628.893291323139
0.169	632.191368367398
0.17	634.824340411919
0.171	641.050406921385
0.172	651.133968606983
0.173	660.589731196372
0.174	664.794524256509
0.175	667.084338093363
0.176	672.543305792437
0.177	679.513861105894
0.178	683.239132092698
0.179	683.979410028359
0.18	685.601695253032
0.181	688.290989900491
0.182	689.315539235089
0.183	687.865660429836
0.184	686.241059690142
0.185	685.865464555163
0.186	684.787951269311
0.187	680.841275608637
0.188	675.987813346977
0.189	673.186702357716
0.19	670.98174385671
0.191	666.015764902253
0.192	659.059839952071
0.193	653.69125509973
0.194	650.860175015152
0.195	647.76911342838
0.196	642.004138301727
0.197	635.127973182196
0.198	629.885432766792
0.199	627.156706581539
0.2	625.627624892682
0.201	623.551957077035
0.202	620.787302130146
0.203	618.468589080083
0.204	617.575359839538
0.205	618.110095952346
0.206	619.190737598754
0.207	620.039051649274
0.208	620.969605381681
0.209	622.970859157379
0.21	626.48446293915
0.211	630.698794070834
0.212	634.285332117762
0.213	636.917722406416
0.214	639.777962049384
0.215	644.061167624541
0.216	649.374016364
0.217	653.935717224658
0.218	656.82198455593
0.219	659.369797182947
0.22	662.850853412674
0.221	666.546843177626
0.222	669.102805218471
0.223	670.449074833024
0.224	671.503982960886
0.225	672.749427318222
0.226	673.768336026281
0.227	673.855155829674
0.228	672.975073102262
0.229	671.644953885769
0.23	670.568612513261
0.231	669.553187098756
0.232	667.499145853415
0.233	664.222138603684
0.234	661.022615938014
0.235	658.826411064667
0.236	656.587665839408
0.237	653.04422748162
0.238	648.804900600995
0.239	645.484690186696
0.24	643.411504395506
0.241	641.495753955462
0.242	638.868753931659
0.243	635.832135749508
0.244	633.434471610992
0.245	632.210465312141
0.246	631.5947481839
0.247	630.88414494249
0.248	630.244766605337
0.249	630.153109369641
0.25	630.769343202851
0.251	631.800343574603
0.252	632.77614180615
0.253	633.867522335148
0.254	635.580153464731
0.255	638.113034624667
0.256	640.909248956263
0.257	643.096555134163
0.258	644.895149596607
0.259	647.20245711768
0.26	650.245841073549
0.261	653.21158277307
0.262	655.321332269215
0.263	656.86784107805
0.264	658.550066854952
0.265	660.536242224257
0.266	662.397223475845
0.267	663.547744203912
0.268	664.020416808945
0.269	664.36847123474
0.27	664.711236897411
0.271	664.843246906551
0.272	664.556551571866
0.273	663.628518551276
0.274	662.257970151297
0.275	661.1235592224
0.276	660.202929260611
0.277	658.713781810548
0.278	656.439995687605
0.279	654.152093965266
0.28	652.493455261614
0.281	651.123968931366
0.282	649.38237294753
0.283	647.061164254355
0.284	644.752067993138
0.285	643.226143369952
0.286	642.244783474077
0.287	641.031345965225
0.288	639.55660722301
0.289	638.363962642687
0.29	637.861994204817
0.291	637.770466997829
0.292	637.723816990631
0.293	637.763994422601
0.294	638.08131491945
0.295	638.860538942018
0.296	639.844010520142
0.297	640.672112355362
0.298	641.460521823965
0.299	642.689136020127
0.3	644.414186712182
0.301	646.138475706582
0.302	647.470084548303
0.303	648.630446695224
0.304	650.052783602146
0.305	651.803824398382
0.306	653.563427289106
0.307	654.794347984145
0.308	655.565939281236
0.309	656.431105566722
0.31	657.501052276381
0.311	658.385679687536
0.312	658.821232213787
0.313	658.908188945611
0.314	658.800723217512
0.315	658.753535639588
0.316	658.751731411393
0.317	658.38473838859
0.318	657.461604584575
0.319	656.299468078308
0.32	655.479361314915
0.321	654.882073988201
0.322	653.921627109763
0.323	652.468108261844
0.324	650.915560087072
0.325	649.820024551796
0.326	649.056002058926
0.327	648.002567545591
0.328	646.560037821579
0.329	645.202156133129
0.33	644.423538662095
0.331	644.013568311954
0.332	643.508849666086
0.333	642.835104561779
0.334	642.166741182952
0.335	641.970598916828
0.336	642.169888724051
0.337	642.28011877053
0.338	642.349618189813
0.339	642.66597078936
0.34	643.341282644352
0.341	644.132505577802
0.342	644.757998965594
0.343	645.363113384006
0.344	646.269609045617
0.345	647.514179165546
0.346	648.764852847508
0.347	649.66550448797
0.348	650.299291872812
0.349	651.108869067007
0.35	652.21635894449
0.351	653.235698017881
0.352	653.868883775276
0.353	654.251067905246
0.354	654.692250070084
0.355	655.277846692021
0.356	655.787280169703
0.357	655.927260359715
0.358	655.71943072357
0.359	655.386657519522
0.36	655.172881111969
0.361	655.047952924185
0.362	654.728042157501
0.363	654.050634819547
0.364	653.118640873598
0.365	652.449116766644
0.366	652.058411797009
0.367	651.411773142843
0.368	650.365014362843
0.369	649.214863136881
0.37	648.477781612511
0.371	648.073601950177
0.372	647.545864694732
0.373	646.753333022952
0.374	645.854910178049
0.375	645.38533023163
0.376	645.293056322096
0.377	645.098884082489
0.378	644.750978337156
0.379	644.468239826322
0.38	644.560785307211
0.381	644.901358099351
0.382	645.142617516861
0.383	645.313827306325
0.384	645.666984118675
0.385	646.338082999142
0.386	647.078333864402
0.387	647.584342758742
0.388	647.927760018123
0.389	648.464888520989
0.39	649.298885369965
0.391	650.104418800541
0.392	650.639454158932
0.393	651.006877569984
0.394	651.493673903224
0.395	652.194352136927
0.396	652.845172361578
0.397	653.159599878366
0.398	653.218927258148
0.399	653.27727464078
0.4	653.459608458988
0.401	653.674149298996
0.402	653.706753420855
0.403	653.464414889555
0.404	653.050081994658
0.405	652.826137585445
0.406	652.762784874926
0.407	652.446647938964
0.408	651.804474901567
0.409	651.003485256257
0.41	650.46598923704
0.411	650.205210005124
0.412	649.854647869931
0.413	649.23346166014
0.414	648.408500295214
0.415	647.926955625143
0.416	647.795104065412
0.417	647.525370893756
0.418	647.024476869042
0.419	646.503270873243
0.42	646.349371808018
0.421	646.457309994713
0.422	646.472063736142
0.423	646.388348751462
0.424	646.381241970835
0.425	646.644549109866
0.426	647.04154380159
0.427	647.258251057601
0.428	647.3276781456
0.429	647.565020615201
0.43	648.061365949735
0.431	648.61123831852
0.432	648.996904339021
0.433	649.245291321833
0.434	649.603687004721
0.435	650.199145082375
0.436	650.809274974511
0.437	651.131851494663
0.438	651.237949379339
0.439	651.403847546749
0.44	651.728888749719
0.441	652.091946552969
0.442	652.27030049702
0.443	652.207269172113
0.444	652.091194589639
0.445	652.170063589601
0.446	652.348922603382
0.447	652.264021160562
0.448	651.896436828712
0.449	651.436507571444
0.45	651.148605351765
0.451	651.048854340659
0.452	650.867660839813
0.453	650.449843109505
0.454	649.826525001468
0.455	649.466207391281
0.456	649.402855619761
0.457	649.175696933622
0.458	648.68774433446
0.459	648.137469234446
0.46	647.916761979168
0.461	647.945540094668
0.462	647.870617301681
0.463	647.647629286872
0.464	647.434737084622
0.465	647.48227098727
0.466	647.693109713363
0.467	647.73161877096
0.468	647.597001988798
0.469	647.569999964623
0.47	647.79396326421
0.471	648.145468217669
0.472	648.391027501747
0.473	648.501182548978
0.474	648.675859312719
0.475	649.096885999473
0.476	649.605991839045
0.477	649.867796960172
0.478	649.93057521678
0.479	650.075453200995
0.48	650.404164625005
0.481	650.796755556991
0.482	651.019993451325
0.483	651.023962863237
0.484	651.04115963176
0.485	651.283541047145
0.486	651.592538021623
0.487	651.632805288711
0.488	651.420810066094
0.489	651.168709321568
0.49	651.068691060742
0.491	651.119075856473
0.492	651.072338121015
0.493	650.805829284148
0.494	650.392766581411
0.495	650.208940430234
0.496	650.261627624063
0.497	650.114981914219
0.498	649.701148543016
0.499	649.220111869556
0.5	649.025518712792
0.501	649.056348422478
0.502	648.96932728293
0.503	648.704379988336
0.504	648.415151255416
0.505	648.370644039188
0.506	648.495566951731
0.507	648.446815195238
0.508	648.195465430061
0.509	647.995149973702
0.51	648.04295360544
0.511	648.26108025824
0.512	648.397698975361
0.513	648.39254787222
0.514	648.400153270834
0.515	648.656450438868
0.516	649.061463951919
0.517	649.243534477819
0.518	649.227689919029
0.519	649.291956618001
0.52	649.557287623419
0.521	649.918973235753
0.522	650.131574326241
0.523	650.140551220219
0.524	650.189161553842
0.525	650.481703989935
0.526	650.840540376622
0.527	650.936996722556
0.528	650.798064019007
0.529	650.668410844816
0.53	650.694529667898
0.531	650.84089969931
0.532	650.879242554539
0.533	650.709770735958
0.534	650.454945618264
0.535	650.417973429999
0.536	650.570326491107
0.537	650.503919751283
0.538	650.171422052522
0.539	649.785474935846
0.54	649.652792818532
0.541	649.720755863713
0.542	649.659833990863
0.543	649.406641761414
0.544	649.118257014026
0.545	649.056589962421
0.546	649.157647152016
0.547	649.078565119554
0.548	648.777291797659
0.549	648.49543268338
0.55	648.455020494325
0.551	648.600405427831
0.552	648.670416385111
0.553	648.588809626566
0.554	648.482761305802
0.555	648.622686541998
0.556	648.947795314951
0.557	649.063289365774
0.558	648.974204799653
0.559	648.951383548699
0.56	649.140007527719
0.561	649.452787283252
0.562	649.63315760258
0.563	649.61635249793
0.564	649.642533115571
0.565	649.924635203688
0.566	650.286195763509
0.567	650.396157505367
0.568	650.280635969701
0.569	650.198380818837
0.57	650.280869815215
0.571	650.473856770712
0.572	650.555059839013
0.573	650.433909354778
0.574	650.273031100727
0.575	650.331895709564
0.576	650.547161906556
0.577	650.540164729807
0.578	650.274413478271
0.579	649.969880808844
0.58	649.897273581872
0.581	650.011063996513
0.582	649.990072633785
0.583	649.769355883278
0.584	649.516447442245
0.585	649.476120749827
0.586	649.587888501913
0.587	649.512085956865
0.588	649.204819530267
0.589	648.906503924391
0.59	648.839603335742
0.591	648.957160216259
0.592	648.999264314794
0.593	648.87829575967
0.594	648.711746355189
0.595	648.787422650901
0.596	649.063780529865
0.597	649.136545470193
0.598	648.995712029694
0.599	648.905543003376
0.6	649.030481000806
0.601	649.29774416632
0.602	649.443676645055
0.603	649.392481558479
0.604	649.376795347644
0.605	649.62245485748
0.606	649.963479945153
0.607	650.063056972366
0.608	649.941046608689
0.609	649.859724214728
0.61	649.950403844019
0.611	650.154854061146
0.612	650.249698269631
0.613	650.144754666093
0.614	650.026357392408
0.615	650.13375208934
0.616	650.382039324622
0.617	650.410489890607
0.618	650.187040647124
0.619	649.935089703802
0.62	649.904831940339
0.621	650.05443661054
0.622	650.070507461798
0.623	649.884611525466
0.624	649.671686649937
0.625	649.665291172635
0.626	649.802093881698
0.627	649.746223825213
0.628	649.455446156162
0.629	649.174586176364
0.63	649.115729283217
0.631	649.232550778519
0.632	649.271879844663
0.633	649.137636209833
0.634	648.949882333938
0.635	649.001035511827
0.636	649.254296225426
0.637	649.305562777073
0.638	649.135664347904
0.639	649.004251691384
0.64	649.086623638337
0.641	649.321187538455
0.642	649.440491708091
0.643	649.358922048848
0.644	649.303193459304
0.645	649.510485313569
0.646	649.825767686966
0.647	649.90708091474
0.648	649.766599867221
0.649	649.665769397803
0.65	649.741015750451
0.651	649.93772778551
0.652	650.030060304473
0.653	649.923465893405
0.654	649.815083216178
0.655	649.937356253495
0.656	650.196693478211
0.657	650.241281224502
0.658	650.038500221938
0.659	649.814577470599
0.66	649.808199594413
0.661	649.977839617237
0.662	650.016121808531
0.663	649.852805853846
0.664	649.670441825531
0.665	649.695722625008
0.666	649.858606549845
0.667	649.826784048227
0.668	649.560383706102
0.669	649.309247500542
0.67	649.273224967283
0.671	649.402278968455
0.672	649.450915044208
0.673	649.318122903707
0.674	649.133080823647
0.675	649.184566055574
0.676	649.431998458455
0.677	649.477094768596
0.678	649.296255977121
0.679	649.146582910623
0.68	649.206586781693
0.681	649.422417864483
0.682	649.525506819006
0.683	649.422020458359
0.684	649.33688933227
0.685	649.51503600513
0.686	649.808516480631
0.687	649.872711201472
0.688000000000001	649.712643254837
0.689000000000001	649.587631474816
0.690000000000001	649.640330751499
0.691000000000001	649.8219916085
0.692000000000001	649.90435579218
0.693000000000001	649.786823930043
0.694000000000001	649.671330041963
0.695000000000001	649.789827728594
0.696000000000001	650.047002001098
0.697000000000001	650.095209913194
0.698000000000001	649.898396910039
0.699000000000001	649.684131300857
0.700000000000001	649.686110017317
0.701000000000001	649.863274065963
0.702000000000001	649.911947294064
0.703000000000001	649.759461737062
0.704000000000001	649.594793448242
0.705000000000001	649.644360668613
0.706000000000001	649.829618553273
0.707000000000001	649.818949056367
0.708000000000001	649.575402214832
0.709000000000001	649.351486048804
0.710000000000001	649.338795857328
0.711000000000001	649.483321267154
0.712000000000001	649.544120703335
0.713000000000001	649.418592953549
0.714000000000001	649.247125787971
0.715000000000001	649.310859982104
0.716000000000001	649.561626926255
0.717000000000001	649.609794892386
0.718000000000001	649.42972961391
0.719000000000001	649.276636326476
0.720000000000001	649.328288917556
0.721000000000001	649.535849938985
0.722000000000001	649.631289622795
0.723000000000001	649.514210082056
0.724000000000001	649.411437839485
0.725000000000001	649.57193384976
0.726000000000001	649.850410777957
0.727000000000001	649.90227299085
0.728000000000001	649.726665853978
0.729000000000001	649.580963249293
0.730000000000001	649.613252524861
0.731000000000001	649.779856663377
0.732000000000001	649.851034326857
0.733000000000001	649.719766546499
0.734000000000001	649.591072961356
0.735000000000001	649.698662851424
0.736000000000001	649.947810791592
0.737000000000001	649.993465483832
0.738000000000001	649.794732613989
0.739000000000001	649.579167603179
0.740000000000001	649.580065234224
0.741000000000001	649.757467205189
0.742000000000001	649.808915975796
0.743000000000001	649.659140802828
0.744000000000001	649.501768723798
0.745000000000001	649.565345964371
0.746000000000001	649.765476559873
0.747000000000001	649.770489841136
0.748000000000001	649.54438444633
0.749000000000001	649.341523191874
0.750000000000001	649.348262851388
0.751000000000001	649.506896633815
0.752000000000001	649.578565695816
0.753000000000001	649.460798938044
0.754000000000001	649.305258966238
0.755000000000001	649.384737545145
0.756000000000001	649.642561015814
0.757000000000001	649.697710621986
0.758000000000001	649.523654606402
0.759000000000001	649.374925485911
0.760000000000001	649.426393757913
0.761000000000001	649.631768428388
0.762000000000001	649.724942794221
0.763000000000001	649.601028257258
0.764000000000001	649.490269429567
0.765000000000001	649.642250158611
0.766000000000001	649.911688841039
0.767000000000001	649.956074114629
0.768000000000001	649.769907621937
0.769000000000001	649.609320533719
0.770000000000001	649.626456146957
0.771000000000001	649.780819356431
0.772000000000001	649.842260666901
0.773000000000001	649.6982431089
0.774000000000001	649.556548323644
0.775000000000001	649.652252977546
0.776000000000001	649.891760250355
0.777000000000001	649.932692371508
0.778000000000001	649.728396753745
0.779000000000001	649.506063981809
0.780000000000001	649.501497485712
0.781000000000001	649.675527410797
0.782000000000001	649.725436112995
0.783000000000001	649.573521530168
0.784000000000001	649.416924930733
0.785000000000001	649.48714214294
0.786000000000001	649.696113892067
0.787000000000001	649.712400459869
0.788000000000001	649.498863219105
0.789000000000001	649.310802595512
0.790000000000001	649.331918424787
0.791000000000001	649.501065049082
0.792000000000001	649.580437876954
0.793000000000001	649.468724400026
0.794000000000001	649.32738571839
0.795000000000001	649.421203929318
0.796000000000001	649.685513557759
0.797000000000001	649.748026899513
0.798000000000001	649.581399258
0.799000000000001	649.439390912009
0.800000000000001	649.493999303584
0.801000000000001	649.700082503468
0.802000000000001	649.793821162072
0.803000000000001	649.667216833477
0.804000000000001	649.554572173675
0.805000000000001	649.704236014456
0.806000000000001	649.96908959494
0.807000000000001	650.010575988413
0.808000000000001	649.818966606849
0.809000000000001	649.64903973952
0.810000000000001	649.656554232631
0.811000000000001	649.802354444844
0.812000000000001	649.856482821084
0.813000000000001	649.701926393118
0.814000000000001	649.54996677784
0.815000000000001	649.635905636678
0.816000000000001	649.866487831541
0.817000000000001	649.902891347283
0.818000000000001	649.691889321578
0.819000000000001	649.460750606051
0.820000000000001	649.448831196972
0.821000000000001	649.617425865267
0.822000000000001	649.663638407364
0.823000000000001	649.507027519914
0.824000000000001	649.347731214073
0.825000000000001	649.420300020558
0.826000000000001	649.63388839674
0.827000000000001	649.657809327449
0.828000000000001	649.450344020458
0.829000000000001	649.26965487811
0.830000000000001	649.301202787684
0.831000000000001	649.478016137073
0.832000000000001	649.562899830623
0.833000000000001	649.455991094303
0.834000000000001	649.327174335207
0.835000000000001	649.43380125929
0.836000000000001	649.703234693929
0.837000000000001	649.772533322877
0.838000000000001	649.613702860072
0.839000000000001	649.479100780549
0.840000000000001	649.538886286236
0.841000000000001	649.747586866858
0.842000000000001	649.843457924084
0.843000000000001	649.716947944955
0.844000000000001	649.606104175743
0.845000000000001	649.757135660762
0.846000000000001	650.020356989611
0.847000000000001	650.061761588723
0.848000000000001	649.868042733931
0.849000000000001	649.692670494401
0.850000000000001	649.694582687157
0.851000000000001	649.835132170611
0.852000000000001	649.884255939741
0.853000000000001	649.720916441967
0.854000000000001	649.560958136985
0.855000000000001	649.638988904745
0.856000000000001	649.861439868199
0.857000000000001	649.893790263936
0.858000000000001	649.676228317356
0.859000000000001	649.435886815262
0.860000000000001	649.415708215337
0.861000000000001	649.577678907955
0.862000000000001	649.618833619001
0.863000000000001	649.455909697551
0.864000000000001	649.291545985317
0.865000000000001	649.363448548684
0.866000000000001	649.578564825595
0.867000000000001	649.607504277498
0.868000000000001	649.404019217948
0.869000000000001	649.227598767163
0.870000000000001	649.266511932251
0.871000000000001	649.448788044018
0.872000000000001	649.537386796617
0.873000000000001	649.434039409305
0.874000000000001	649.314769086766
0.875000000000001	649.431212783009
0.876000000000001	649.704603906194
0.877000000000001	649.780155025923
0.878000000000001	649.627610647541
0.879000000000001	649.498893811829
0.880000000000001	649.564562838224
0.881000000000001	649.776721334706
0.882000000000001	649.87544342335
0.883000000000001	649.750829281679
0.884000000000001	649.643423902151
0.885000000000001	649.797537526218
0.886000000000001	650.061274114208
0.887000000000001	650.104665622931
0.888000000000001	649.911410330736
0.889000000000001	649.733656570422
0.890000000000001	649.733325178718
0.891000000000001	649.871549654508
0.892000000000001	649.917687899357
0.893000000000001	649.74740848659
0.894000000000001	649.581980753155
0.895000000000001	649.654435928316
0.896000000000001	649.870103907607
0.897000000000001	649.899378245823
0.898000000000001	649.67600930368
0.899000000000001	649.426955105589
0.900000000000001	649.398610086868
0.901000000000001	649.553551073719
0.902000000000001	649.589113554657
0.903000000000001	649.419198651687
0.904000000000001	649.248524076081
0.905000000000001	649.317973336664
0.906000000000001	649.533294075421
0.907000000000001	649.566046806647
0.908000000000001	649.364929871431
0.909000000000001	649.190284445618
0.910000000000001	649.233913594033
0.911000000000001	649.419728404555
0.912000000000001	649.510527741982
0.913000000000001	649.409505862734
0.914000000000001	649.297928223066
0.915000000000001	649.422331108746
0.916000000000001	649.698369365196
0.917000000000001	649.779163550705
0.918000000000001	649.63146088039
0.919000000000001	649.506882514544
0.920000000000001	649.577592570668
0.921000000000001	649.792751542861
0.922000000000001	649.893990421962
0.923000000000001	649.771793248477
0.924000000000001	649.668156614182
0.925000000000001	649.825687343378
0.926000000000001	650.090921509984
0.927000000000001	650.13728549484
0.928000000000001	649.945879998945
0.929000000000001	649.767455445141
0.930000000000001	649.76698193468
0.931000000000001	649.904879186582
0.932000000000001	649.949532996253
0.933000000000001	649.773924687631
0.934000000000001	649.604995398993
0.935000000000001	649.673948931115
0.936000000000001	649.884293679536
0.937000000000001	649.91156078908
0.938000000000001	649.683409767279
0.939000000000001	649.426720707075
0.940000000000001	649.391030387628
0.941000000000001	649.539158698939
0.942000000000001	649.569204304651
0.943000000000001	649.392399808305
0.944000000000001	649.215305412495
0.945000000000001	649.281828091336
0.946000000000001	649.496971009545
0.947000000000001	649.533149721372
0.948000000000001	649.333768999306
0.949000000000001	649.159547892593
0.950000000000001	649.206410749293
0.951000000000001	649.394670171798
0.952000000000001	649.486738687502
0.953000000000001	649.387330072005
0.954000000000001	649.282039233211
0.955000000000001	649.414248455076
0.956000000000001	649.693343995161
0.957000000000001	649.778476059745
0.958000000000001	649.634560551383
0.959000000000001	649.512618215854
0.960000000000001	649.5869664339
0.961000000000001	649.804098687445
0.962000000000001	649.907125013819
0.963000000000001	649.787208684023
0.964000000000001	649.686628668384
0.965000000000001	649.846687640663
0.966000000000001	650.113211422288
0.967000000000001	650.162342009481
0.968000000000001	649.972770206293
0.969000000000001	649.793682607831
0.970000000000001	649.793471473703
0.971000000000001	649.931806319723
0.972000000000001	649.975239408145
0.973000000000001	649.794787565087
0.974000000000001	649.623161196852
0.975000000000001	649.68943026209
0.976000000000001	649.895292428486
0.977000000000001	649.921312777786
0.978000000000001	649.689238737847
0.979000000000001	649.426819895745
0.980000000000001	649.38553993745
0.981000000000001	649.527372128717
0.982000000000001	649.552382327416
0.983000000000001	649.369659724581
0.984000000000001	649.187177892316
0.985000000000001	649.251273242627
0.986000000000001	649.466714559865
0.987000000000001	649.505732145195
0.988000000000001	649.307353307641
0.989000000000001	649.133456116416
0.990000000000001	649.183415002716
0.991000000000001	649.374028086128
0.992000000000001	649.467203707188
0.993000000000001	649.369114154952
0.994000000000001	649.269416354267
0.995000000000001	649.409423109713
0.996000000000001	649.691831015405
0.997000000000001	649.78091968132
0.998000000000001	649.640159175993
0.999000000000001	649.520704669146
1	649.59852474878
1.001	649.816871451815
1.002	649.920949930715
1.003	649.802875673416
1.004	649.704352607928
1.005	649.865750812552
1.006	650.133174050009
1.007	650.184650808953
1.008	649.9965095583
1.009	649.816164830646
1.01	649.815584530444
1.011	649.954196573555
1.012	649.996864229166
1.013	649.812212621547
1.014	649.637724256582
1.015	649.70110512403
1.016	649.902681417784
1.017	649.927966143592
1.018	649.692552085386
1.019	649.424852096008
1.02	649.378319600139
1.021	649.514167580166
1.022	649.534580891578
1.023	649.346544016173
1.024	649.159318431934
1.025	649.223364187798
1.026	649.441662039638
1.027	649.484159952571
1.028	649.28715730011
1.029	649.114309290949
1.03	649.167944698966
1.031	649.360710844801
1.032	649.454798125789
1.033	649.355975117666
1.034	649.259315730836
1.035	649.405931874862
1.036	649.690919018449
1.037	649.783410479542
1.038	649.6449681335
1.039	649.527214067064
1.04	649.607751613337
1.041	649.82735825123
1.042	649.932579811608
1.043	649.81381785536
1.044	649.71447203543
1.045	649.876582196357
1.046	650.145037718305
1.047	650.199024656091
1.048	650.012628416063
1.049	649.83141942325
1.05	649.830372580638
1.051	649.969455642379
1.05199999999999	650.012695555387
1.05299999999999	649.825402325551
1.05399999999999	649.649137751998
1.05499999999999	649.710657779713
1.05599999999999	649.908981870788
1.05699999999999	649.934463030919
1.05799999999999	649.696641135266
1.05899999999999	649.4248666067
1.05999999999999	649.374099387077
1.06099999999999	649.505137146523
1.06199999999999	649.522096693248
1.06299999999999	649.329440436425
1.06399999999999	649.138131270157
1.06499999999999	649.202466114585
1.06599999999999	649.424333967737
1.06699999999999	649.471070816886
1.06799999999999	649.275552180026
1.06899999999999	649.10302229643
1.06999999999999	649.159403450956
1.07099999999999	649.353825049828
1.07199999999999	649.448462933548
1.07299999999999	649.348591723566
1.07399999999999	649.253953387648
1.07499999999999	649.405521373491
1.07599999999999	649.692077512261
1.07699999999999	649.78733899014
1.07799999999999	649.650257685733
1.07899999999999	649.532953373844
1.07999999999999	649.614921213485
1.08099999999999	649.835243968388
1.08199999999999	649.941247970911
1.08299999999999	649.821191033592
1.08399999999999	649.719890177104
1.08499999999999	649.881566459263
1.08599999999999	650.150730139919
1.08699999999999	650.206960217515
1.08799999999999	650.022111490972
1.08899999999999	649.839830977202
1.08999999999999	649.838335343096
1.09099999999999	649.978306451321
1.09199999999999	650.022353314744
1.09299999999999	649.832905170073
1.09399999999999	649.656025516566
1.09499999999999	649.716790500858
1.09599999999999	649.912610180838
1.09699999999999	649.938957809089
1.09799999999999	649.699413098635
1.09899999999999	649.424523785974
1.09999999999999	649.370324772032
1.10099999999999	649.497228081892
1.10199999999999	649.511491978291
1.10299999999999	649.315067949097
1.10399999999999	649.120527357621
1.10499999999999	649.185721671592
1.10599999999999	649.411653211292
1.10699999999999	649.463127848601
1.10799999999999	649.269445035666
1.10899999999999	649.096895085921
1.10999999999999	649.155692007257
1.11099999999999	649.351852227385
1.11199999999999	649.447067328551
1.11299999999999	649.346336957877
1.11399999999999	649.252868195238
1.11499999999999	649.407842925133
1.11599999999999	649.695473653625
1.11699999999999	649.793339449023
1.11799999999999	649.657104865985
1.11899999999999	649.539475794074
1.11999999999999	649.622025863588
1.12099999999999	649.842454969054
1.12199999999999	649.948862518004
1.12299999999999	649.827443791749
1.12399999999999	649.723482372622
1.12499999999999	649.883697506193
1.12599999999999	650.153272382929
1.12699999999999	650.211523031257
1.12799999999999	650.027959602035
1.12899999999999	649.844203545466
1.12999999999999	649.842008871485
1.13099999999999	649.983011193284
1.13199999999999	650.02789991517
1.13299999999999	649.836527514377
1.13399999999999	649.659716113556
1.13499999999999	649.720357789291
1.13599999999999	649.914128957178
1.13699999999999	649.941684296236
1.13799999999999	649.700796068072
1.13899999999999	649.423346204275
1.13999999999999	649.366078532114
1.14099999999999	649.489145940963
1.14199999999999	649.501200869558
1.14299999999998	649.301768369055
1.14399999999998	649.104666803391
1.14499999999998	649.170977449515
1.14599999999998	649.399927684541
1.14699999999998	649.455250730702
1.14799999999998	649.263755335968
1.14899999999998	649.090972969612
1.14999999999998	649.152860279091
1.15099999999998	649.351916732172
1.15199999999998	649.44802217567
1.15299999999998	649.346931856979
1.15399999999998	649.254111647381
1.15499999999998	649.411365083842
1.15599999999998	649.700073617569
1.15699999999998	649.800807234237
1.15799999999998	649.66514741779
1.15899999999998	649.546772595331
1.15999999999998	649.629628341976
1.16099999999998	649.849885696428
1.16199999999998	649.956240223003
1.16299999999998	649.833404532735
1.16399999999998	649.726490287106
1.16499999999998	649.884586487024
1.16599999999998	650.154543051195
1.16699999999998	650.214862872549
1.16799999999998	650.032504088805
1.16899999999998	649.847011909363
1.16999999999998	649.843967490398
1.17099999999998	649.986162140656
1.17199999999998	650.031912227813
1.17299999999998	649.838765063792
1.17399999999998	649.662010570689
1.17499999999998	649.722485684893
1.17599999999998	649.913684542016
1.17699999999998	649.941770849015
1.17799999999998	649.70128273705
1.17899999999998	649.423116177717
1.17999999999998	649.362879115894
1.18099999999998	649.482208795972
1.18199999999998	649.493346691995
1.18299999999998	649.29247088386
1.18399999999998	649.093184757242
1.18499999999998	649.160456154929
1.18599999999998	649.391325934223
1.18699999999998	649.449528297363
1.18799999999998	649.259920778208
1.18899999999998	649.085975812393
1.18999999999998	649.150192300571
1.19099999999998	649.352027981602
1.19199999999998	649.44810769464
1.19299999999998	649.345883864806
1.19399999999998	649.253260112062
1.19499999999998	649.411852380004
1.19599999999998	649.701960723067
1.19699999999998	649.806201879245
1.19799999999998	649.670987990502
1.19899999999998	649.551691567973
1.19999999999998	649.634758477415
1.20099999999998	649.854783436547
1.20199999999998	649.960963968227
1.20299999999998	649.837031931864
1.20399999999998	649.727273665567
1.20499999999998	649.883074726285
1.20599999999998	650.153859994816
1.20699999999998	650.216724325734
1.20799999999998	650.035897107854
1.20899999999998	649.849707254925
1.20999999999998	649.84692845135
1.21099999999998	649.990786072864
1.21199999999998	650.037652699288
1.21299999999998	649.843064320195
1.21399999999998	649.666522905012
1.21499999999998	649.726884776725
1.21599999999998	649.915295222054
1.21699999999998	649.943472327403
1.21799999999998	649.703309963113
1.21899999999998	649.424343752344
1.21999999999998	649.361041168708
1.22099999999998	649.476614103074
1.22199999999998	649.487166748466
1.22299999999998	649.285446191282
1.22399999999998	649.085966282983
1.22499999999998	649.155621294507
1.22599999999998	649.388351123068
1.22699999999998	649.449436136375
1.22799999999998	649.26090036862
1.22899999999998	649.084366787565
1.22999999999998	649.149655853276
1.23099999999998	649.353679730885
1.23199999999998	649.449331943044
1.23299999999998	649.345420512362
1.23399999999997	649.251778287119
1.23499999999997	649.410187248469
1.23599999999997	649.701565447731
1.23699999999997	649.809514428378
1.23799999999997	649.674253736701
1.23899999999997	649.55341698406
1.23999999999997	649.635914997149
1.24099999999997	649.855220478637
1.24199999999997	649.960988826646
1.24299999999997	649.836055744026
1.24399999999997	649.723248541558
1.24499999999997	649.876321018281
1.24599999999997	650.148230648382
1.24699999999997	650.214027105656
1.24799999999997	650.034963828672
1.24899999999997	649.848401292909
1.24999999999997	649.846411677943
1.25099999999997	649.992509053338
1.25199999999997	650.040882803972
1.25299999999997	649.845531897656
1.25399999999997	649.669907334869
1.25499999999997	649.730815930682
1.25599999999997	649.917376294424
1.25699999999997	649.946405199829
1.25799999999997	649.707092224239
1.25899999999997	649.427831011293
1.25999999999997	649.362095741292
1.26099999999997	649.474467458092
1.26199999999997	649.48495904424
1.26299999999997	649.283176862674
1.26399999999997	649.083989296008
1.26499999999997	649.155844114786
1.26599999999997	649.390556514539
1.26699999999997	649.454750023495
1.26799999999997	649.266962419482
1.26899999999997	649.08701762598
1.26999999999997	649.152456442128
1.27099999999997	649.35828653022
1.27199999999997	649.453258812427
1.27299999999997	649.347697068681
1.27399999999997	649.252407883973
1.27499999999997	649.409170987083
1.27599999999997	649.701234051631
1.27699999999997	649.81259372642
1.27799999999997	649.676725911921
1.27899999999997	649.55358843641
1.27999999999997	649.634808954701
1.28099999999997	649.852953079898
1.28199999999997	649.957875890564
1.28299999999997	649.831812489528
1.28399999999997	649.716064577693
1.28499999999997	649.86627427893
1.28599999999997	650.139322225639
1.28699999999997	650.208165196857
1.28799999999997	650.030710780109
1.28899999999997	649.843532754288
1.28999999999997	649.84221294786
1.29099999999997	649.990667071972
1.29199999999997	650.040634850875
1.29299999999997	649.845624344797
1.29399999999997	649.671867803355
1.29499999999997	649.733542552028
1.29599999999997	649.919002955333
1.29699999999997	649.949301932417
1.29799999999997	649.710957870025
1.29899999999997	649.431669233859
1.29999999999997	649.36383379571
1.30099999999997	649.473364444884
1.30199999999997	649.484295828247
1.30299999999997	649.28324060896
1.30399999999997	649.084949563594
1.30499999999997	649.159253844994
1.30599999999997	649.39648450702
1.30699999999997	649.464139380865
1.30799999999997	649.276917744951
1.30899999999997	649.093335492372
1.30999999999997	649.158606830559
1.31099999999997	649.366056885382
1.31199999999997	649.460250924228
1.31299999999997	649.352832737863
1.31399999999997	649.255095873814
1.31499999999997	649.409019005714
1.31599999999997	649.701340037006
1.31699999999997	649.816255892211
1.31799999999997	649.679715828494
1.31899999999997	649.553676079192
1.31999999999997	649.63280178491
1.32099999999997	649.849229351862
1.32199999999997	649.952972508062
1.32299999999997	649.825627522562
1.32399999999996	649.706577085619
1.32499999999996	649.853340678689
1.32599999999996	650.127417272035
1.32699999999996	650.199290892015
1.32799999999996	650.023219247583
1.32899999999996	649.835102882115
1.32999999999996	649.834113990961
1.33099999999996	649.984835622493
1.33199999999996	650.036448089216
1.33299999999996	649.842182596129
1.33399999999996	649.670522693965
1.33499999999996	649.732638613763
1.33599999999996	649.917306639168
1.33699999999996	649.950608236837
1.33799999999996	649.714666807966
1.33899999999996	649.435746552289
1.33999999999996	649.366297152089
1.34099999999996	649.473760531253
1.34199999999996	649.485997429146
1.34299999999996	649.28653595193
1.34399999999996	649.08984043263
1.34499999999996	649.165839834171
1.34599999999996	649.405088730434
1.34699999999996	649.476600370258
1.34799999999996	649.289834696159
1.34899999999996	649.103225086017
1.34999999999996	649.168842106127
1.35099999999996	649.378216319309
1.35199999999996	649.471974736225
1.35299999999996	649.36248478978
1.35399999999996	649.261506142452
1.35499999999996	649.411881568933
1.35599999999996	649.704375678807
1.35699999999996	649.822885457427
1.35799999999996	649.685546865927
1.35899999999996	649.55577471881
1.35999999999996	649.631668738449
1.36099999999996	649.845811717907
1.36199999999996	649.948108497421
1.36299999999996	649.819030466267
1.36399999999996	649.695924559342
1.36499999999996	649.838282482093
1.36599999999996	650.11290176292
1.36699999999996	650.187457366124
1.36799999999996	650.010641976914
1.36899999999996	649.819368356607
1.36999999999996	649.817730853506
1.37099999999996	649.970100732863
1.37199999999996	650.023381543225
1.37299999999996	649.830290495199
1.37399999999996	649.661056792232
1.37499999999996	649.724364552409
1.37599999999996	649.90970015319
1.37699999999996	649.947521043138
1.37799999999996	649.715222511344
1.37899999999996	649.437583298948
1.37999999999996	649.36758597271
1.38099999999996	649.474551249335
1.38199999999996	649.489715733841
1.38299999999996	649.2930381193
1.38399999999996	649.099062346196
1.38499999999996	649.177455943381
1.38599999999996	649.419601935311
1.38699999999996	649.496146156563
1.38799999999996	649.310384166163
1.38899999999996	649.120652856794
1.38999999999996	649.186388464658
1.39099999999996	649.398570377669
1.39199999999996	649.492711068421
1.39299999999996	649.380885501711
1.39399999999996	649.27575670943
1.39499999999996	649.421567012135
1.39599999999996	649.713674799715
1.39699999999996	649.834891798684
1.39799999999996	649.695756983374
1.39899999999996	649.561430123428
1.39999999999996	649.632930242249
1.40099999999996	649.843710866584
1.40199999999996	649.943856408622
1.40299999999996	649.812124633545
1.40399999999996	649.683687316001
1.40499999999996	649.820224147298
1.40599999999996	650.094420776296
1.40699999999996	650.170910953322
1.40799999999996	649.991856365712
1.40899999999996	649.795831080098
1.40999999999996	649.792551701323
1.41099999999996	649.94595665342
1.41199999999996	650.000690278479
1.41299999999996	649.808935887352
1.41399999999996	649.642075862066
1.41499999999995	649.706661557249
1.41599999999995	649.893547545906
1.41699999999995	649.936719126578
1.41799999999995	649.708731462992
1.41899999999995	649.434098059562
1.41999999999995	649.36553945938
1.42099999999995	649.473237712535
1.42199999999995	649.492605892532
1.42299999999995	649.30233036054
1.42399999999995	649.114704739022
1.42499999999995	649.196518855015
1.42599999999995	649.442631032186
1.42699999999995	649.525247271834
1.42799999999995	649.340899142349
1.42899999999995	649.148023929896
1.42999999999995	649.213616912146
1.43099999999995	649.428536702136
1.43199999999995	649.522757294679
1.43299999999995	649.40804605044
1.43399999999995	649.297827011288
1.43499999999995	649.437780408412
1.43599999999995	649.728536752778
1.43699999999995	649.851413052231
1.43799999999995	649.70940917136
1.43899999999995	649.569384572864
1.43999999999995	649.635083784394
1.44099999999995	649.841262846496
1.44199999999995	649.938366850304
1.44299999999995	649.803086147969
1.44399999999995	649.668150153078
1.44499999999995	649.798000684184
1.44599999999995	650.071271341999
1.44699999999995	650.149036220909
1.44799999999995	649.967192212983
1.44899999999995	649.765819383793
1.44999999999995	649.760094348328
1.45099999999995	649.914032442034
1.45199999999995	649.969737284874
1.45299999999995	649.779149108555
1.45399999999995	649.614594595734
1.45499999999995	649.680606850154
1.45599999999995	649.870310225527
1.45699999999995	649.919935377226
1.45799999999995	649.696821027939
1.45899999999995	649.426159162286
1.45999999999995	649.360314966885
1.46099999999995	649.469963164283
1.46199999999995	649.494738158597
1.46299999999995	649.312396376993
1.46399999999995	649.132323525164
1.46499999999995	649.218154743196
1.46599999999995	649.469341801855
1.46699999999995	649.558973184024
1.46799999999995	649.376434749433
1.46899999999995	649.180811316732
1.46999999999995	649.24656577587
1.47099999999995	649.46469356903
1.47199999999995	649.5595353353
1.47299999999995	649.442268577007
1.47399999999995	649.326714434819
1.47499999999995	649.460267775856
1.47599999999995	649.749332613401
1.47699999999995	649.873400736152
1.47799999999995	649.727979725659
1.47899999999995	649.581410314663
1.47999999999995	649.640161095416
1.48099999999995	649.840895856911
1.48199999999995	649.934391524225
1.48299999999995	649.795328645395
1.48399999999995	649.653398743883
1.48499999999995	649.775564107793
1.48599999999995	650.047143755296
1.48699999999995	650.125538920032
1.48799999999995	649.940317633191
1.48899999999995	649.73289319611
1.48999999999995	649.723702765712
1.49099999999995	649.877401976032
1.49199999999995	649.933719115811
1.49299999999995	649.744093262008
1.49399999999995	649.581242538328
1.49499999999995	649.648319280497
1.49599999999995	649.839893024509
1.49699999999995	649.89490138886
1.49799999999995	649.67683511981
1.49899999999995	649.41044281341
1.49999999999995	649.34814390939
1.50099999999995	649.460978574048
1.50199999999995	649.492297637943
1.50299999999995	649.319321989979
1.50399999999995	649.1479817488
1.50499999999995	649.238461787485
1.50599999999994	649.495922093315
1.50699999999994	649.593673483021
1.50799999999994	649.413579725051
1.50899999999994	649.216008656194
1.50999999999994	649.28273670295
1.51099999999994	649.505044414842
1.51199999999994	649.600816234087
1.51299999999994	649.481130159273
1.51399999999994	649.360604647172
1.51499999999994	649.487879019492
1.51599999999994	649.775469527189
1.51699999999994	649.900778498093
1.51799999999994	649.751915682495
1.51899999999994	649.598621755506
1.51999999999994	649.649994025458
1.52099999999994	649.844944355925
1.52199999999994	649.934609702864
1.52299999999994	649.791408126798
1.52399999999994	649.641864803582
1.52499999999994	649.755587338423
1.52599999999994	650.024879373021
1.52699999999994	650.103372964904
1.52799999999994	649.914224793043
1.52899999999994	649.700812829342
1.52999999999994	649.687846870017
1.53099999999994	649.840389084261
1.53199999999994	649.896877102765
1.53299999999994	649.707774891885
1.53399999999994	649.545627154909
1.53499999999994	649.612992732919
1.53599999999994	649.806228257381
1.53699999999994	649.866233838647
1.53799999999994	649.652771105404
1.53899999999994	649.390091917831
1.53999999999994	649.331950643779
1.54099999999994	649.449179909997
1.54199999999994	649.48745335634
1.54299999999994	649.324201725454
1.54399999999994	649.160395190982
1.54499999999994	649.253995268471
1.54599999999994	649.517806043617
1.54699999999994	649.623825299993
1.54799999999994	649.446436019765
1.54899999999994	649.247498269164
1.54999999999994	649.31460579809
1.55099999999994	649.540788809588
1.55199999999994	649.637926470038
1.55299999999994	649.516241950756
1.55399999999994	649.391614135237
1.55499999999994	649.513414651008
1.55599999999994	649.800400031359
1.55699999999994	649.92769048033
1.55799999999994	649.776114013575
1.55899999999994	649.616961504499
1.55999999999994	649.66169790537
1.56099999999994	649.851528713557
1.56199999999994	649.938012461703
1.56299999999994	649.791317641472
1.56399999999994	649.634682062722
1.56499999999994	649.740300917731
1.56599999999994	650.007788249326
1.56699999999994	650.087932654665
1.56799999999994	649.896120118992
1.56899999999994	649.677431785981
1.56999999999994	649.660981310318
1.57099999999994	649.811731015454
1.57199999999994	649.868022296788
1.57299999999994	649.678854042445
1.57399999999994	649.515939394006
1.57499999999994	649.582360890822
1.57599999999994	649.776945171009
1.57699999999994	649.841238957053
1.57799999999994	649.631360622215
1.57899999999994	649.370940624258
1.57999999999994	649.315442642925
1.58099999999994	649.436306702308
1.58199999999994	649.480398362212
1.58299999999994	649.325467106686
1.58399999999994	649.16769133984
1.58499999999994	649.262743706889
1.58599999999994	649.531773435505
1.58699999999994	649.645182714776
1.58799999999994	649.470096459903
1.58899999999994	649.26979554865
1.58999999999994	649.336025622671
1.59099999999994	649.5652165853
1.59199999999994	649.664275003056
1.59299999999994	649.541286372179
1.59399999999994	649.413912143644
1.59499999999994	649.531673422207
1.59599999999994	649.819305960593
1.59699999999993	649.949726773096
1.59799999999993	649.796514296645
1.59899999999993	649.632891124674
1.59999999999993	649.671708200383
1.60099999999993	649.85707953004
1.60199999999993	649.94163614298
1.60299999999993	649.792791815891
1.60399999999993	649.630399022103
1.60499999999993	649.729079878812
1.60599999999993	649.996114614734
1.60699999999993	650.078900740024
1.60799999999993	649.884954348811
1.60899999999993	649.661381774702
1.60999999999993	649.641562714787
1.61099999999993	649.790659838837
1.61199999999993	649.847020081437
1.61299999999993	649.657810850827
1.61399999999993	649.493412799491
1.61499999999993	649.557958180154
1.61599999999993	649.753713880551
1.61699999999993	649.822096106583
1.61799999999993	649.61513481683
1.61899999999993	649.35590113161
1.61999999999993	649.301985190278
1.62099999999993	649.425979549009
1.62199999999993	649.475342293605
1.62299999999993	649.327898699521
1.62399999999993	649.174740428192
1.62499999999993	649.269523137804
1.62599999999993	649.542790628649
1.62699999999993	649.662835452518
1.62799999999993	649.489384995575
1.62899999999993	649.287301948786
1.62999999999993	649.351950147866
1.63099999999993	649.583746688568
1.63199999999993	649.68472329003
1.63299999999993	649.560470455759
1.63399999999993	649.430347338551
1.63499999999993	649.544121079628
1.63599999999993	649.832715283004
1.63699999999993	649.966529839729
1.63799999999993	649.813517590323
1.63899999999993	649.647368661115
1.63999999999993	649.68054139674
1.64099999999993	649.861924822191
1.64199999999993	649.945205602537
1.64299999999993	649.794871092019
1.64399999999993	649.627395404709
1.64499999999993	649.719695636115
1.64599999999993	649.986939282492
1.64699999999993	650.072854934006
1.64799999999993	649.87696773859
1.64899999999993	649.64851357574
1.64999999999993	649.625059019178
1.65099999999993	649.772696579521
1.65199999999993	649.829572569648
1.65299999999993	649.640325272398
1.65399999999993	649.473782032314
1.65499999999993	649.53613773902
1.65599999999993	649.733570892379
1.65699999999993	649.806121847746
1.65799999999993	649.601700116679
1.65899999999993	649.342988045319
1.65999999999993	649.290089120535
1.66099999999993	649.417118479407
1.66199999999993	649.471728606332
1.66299999999993	649.331313858646
1.66399999999993	649.181671395083
1.66499999999993	649.27495893644
1.66599999999993	649.55186694983
1.66699999999993	649.67814188046
1.66799999999993	649.505994501469
1.66899999999993	649.302056396861
1.66999999999993	649.364735729602
1.67099999999993	649.598881049723
1.67199999999993	649.701860361022
1.67299999999993	649.576468223308
1.67399999999993	649.443593312895
1.67499999999993	649.553417597861
1.67599999999993	649.843225653467
1.67699999999993	649.980553007788
1.67799999999993	649.82808040542
1.67899999999993	649.659783928837
1.67999999999993	649.687373304541
1.68099999999993	649.865124003683
1.68199999999993	649.94794816555
1.68299999999993	649.796916363376
1.68399999999993	649.625225709515
1.68499999999993	649.711910478493
1.68599999999993	649.979916993914
1.68699999999993	650.069353303751
1.68799999999992	649.871652963709
1.68899999999992	649.638264942197
1.68999999999992	649.61083966303
1.69099999999992	649.757175284684
1.69199999999992	649.81501382542
1.69299999999992	649.625742844744
1.69399999999992	649.456438834647
1.69499999999992	649.516188797355
1.69599999999992	649.71567481174
1.69699999999992	649.792536167663
1.69799999999992	649.59035295573
1.69899999999992	649.332899335269
1.69999999999992	649.281819994579
1.70099999999992	649.411781975533
1.70199999999992	649.471584412235
1.70299999999992	649.335601975711
1.70399999999992	649.186296329659
1.70499999999992	649.276903151121
1.70599999999992	649.556844458675
1.70699999999992	649.689539515246
1.70799999999992	649.519026801754
1.70899999999992	649.313315973658
1.70999999999992	649.373798295692
1.71099999999992	649.610281261778
1.71199999999992	649.715619605123
1.71299999999992	649.589365118178
1.71399999999992	649.453881981779
1.71499999999992	649.560394158577
1.71599999999992	649.85223103504
1.71699999999992	649.993253072837
1.71799999999992	649.841684096934
1.71899999999992	649.671631102942
1.71999999999992	649.693679581291
1.72099999999992	649.868121467231
1.72199999999992	649.95132509972
1.72299999999992	649.800337181473
1.72399999999992	649.624721471291
1.72499999999992	649.705999026329
1.72599999999992	649.975604427896
1.72699999999992	650.069208189663
1.72799999999992	649.869971817994
1.72899999999992	649.631708413652
1.72999999999992	649.5997636341
1.73099999999992	649.744663617547
1.73199999999992	649.803640705809
1.73299999999992	649.614182429744
1.73399999999992	649.441324222642
1.73499999999992	649.497584829251
1.73599999999992	649.698985268834
1.73699999999992	649.780141767241
1.73799999999992	649.579793599439
1.73899999999992	649.323601613369
1.73999999999992	649.274428951714
1.74099999999992	649.407286017328
1.74199999999992	649.472356240204
1.74299999999992	649.340152112234
1.74399999999992	649.189997468544
1.74499999999992	649.276687766555
1.74599999999992	649.558899268223
1.74699999999992	649.697763438571
1.74799999999992	649.528821792924
1.74899999999992	649.321685504713
1.74999999999992	649.379986323723
1.75099999999992	649.618565584946
1.75199999999992	649.726422839469
1.75299999999992	649.599520879903
1.75399999999992	649.461452551828
1.75499999999992	649.565343539398
1.75599999999992	649.860062759532
1.75699999999992	650.004874162559
1.75799999999992	649.854285668981
1.75899999999992	649.682563106732
1.75999999999992	649.699030234975
1.76099999999992	649.870446813473
1.76199999999992	649.954612537475
1.76299999999992	649.804122861155
1.76399999999992	649.624836300503
1.76499999999992	649.70092599628
1.76599999999992	649.97151832506
1.76699999999992	650.068568737674
1.76799999999992	649.868802244024
1.76899999999992	649.626495705893
1.76999999999992	649.58976645948
1.77099999999992	649.733404832857
1.77199999999992	649.793979637951
1.77299999999992	649.604460303795
1.77399999999992	649.427628416602
1.77499999999992	649.479923066638
1.77599999999992	649.683448477845
1.77699999999992	649.76917698433
1.77799999999991	649.570549182592
1.77899999999991	649.31537019119
1.77999999999991	649.267951400987
1.78099999999991	649.403924823716
1.78199999999991	649.474562919745
1.78299999999991	649.34631175487
1.78399999999991	649.194972391596
1.78499999999991	649.276846760817
1.78599999999991	649.560790082355
1.78699999999991	649.705642140152
1.78799999999991	649.538228082791
1.78899999999991	649.329860096485
1.78999999999991	649.385761652388
1.79099999999991	649.625994283008
1.79199999999991	649.736377606996
1.79299999999991	649.608788427553
1.79399999999991	649.467777807901
1.79499999999991	649.568891911746
1.79599999999991	649.866511607795
1.79699999999991	650.0156323321
1.79799999999991	649.866508875193
1.79899999999991	649.694703840128
1.79999999999991	649.707043850536
1.80099999999991	649.87536158845
1.80199999999991	649.960721347224
1.80299999999991	649.810720482961
1.80399999999991	649.627468901287
1.80499999999991	649.698042033215
1.80599999999991	649.969460342156
1.80699999999991	650.069706697329
1.80799999999991	649.869064820138
1.80899999999991	649.622168634866
1.80999999999991	649.580093858268
1.81099999999991	649.722383673423
1.81199999999991	649.784540541951
1.81299999999991	649.594663065952
1.81399999999991	649.413056705329
1.81499999999991	649.460522982487
1.81599999999991	649.665942492084
1.81699999999991	649.756192279963
1.81799999999991	649.559007431124
1.81899999999991	649.30452674341
1.81999999999991	649.258681777084
1.82099999999991	649.398011468147
1.82199999999991	649.474625147278
1.82299999999991	649.350677822434
1.82399999999991	649.198121564832
1.82499999999991	649.274670071876
1.82599999999991	649.560170071126
1.82699999999991	649.711182960902
1.82799999999991	649.545656565138
1.82899999999991	649.336643268004
1.82999999999991	649.39036546007
1.83099999999991	649.63228902873
1.83199999999991	649.745616683143
1.83299999999991	649.61793840916
1.83399999999991	649.474298256936
1.83499999999991	649.572904563728
1.83599999999991	649.873801288861
1.83699999999991	650.028986550995
1.83799999999991	649.883016396976
1.83899999999991	649.711446071834
1.83999999999991	649.719729845108
1.84099999999991	649.884876930596
1.84199999999991	649.971619320518
1.84299999999991	649.8220169107
1.84399999999991	649.634402783369
1.84499999999991	649.698983179839
1.84599999999991	649.970849771167
1.84699999999991	650.073978156582
1.84799999999991	649.87207247962
1.84899999999991	649.619844321092
1.84999999999991	649.571684521274
1.85099999999991	649.712290484828
1.85199999999991	649.775689713885
1.85299999999991	649.584879686036
1.85399999999991	649.399512774442
1.85499999999991	649.443060863316
1.85599999999991	649.649690568507
1.85699999999991	649.743929519918
1.85799999999991	649.547521194355
1.85899999999991	649.292934211171
1.85999999999991	649.247851105139
1.86099999999991	649.390002792331
1.86199999999991	649.471904872516
1.86299999999991	649.351693432742
1.86399999999991	649.197510696464
1.86499999999991	649.268030861102
1.86599999999991	649.554560497558
1.86699999999991	649.711521774137
1.86799999999991	649.548034763048
1.8689999999999	649.338784213565
1.8699999999999	649.389875900345
1.8709999999999	649.632890318827
1.8719999999999	649.749615023536
1.8729999999999	649.622603589309
1.8739999999999	649.476856037321
1.8749999999999	649.573567867723
1.8759999999999	649.878515159359
1.8769999999999	650.040165743397
1.8779999999999	649.897786495783
1.8789999999999	649.727064466073
1.8799999999999	649.731748337873
1.8809999999999	649.894317272613
1.8819999999999	649.983303964529
1.8829999999999	649.83510830444
1.8839999999999	649.64398199497
1.8849999999999	649.703160310925
1.8859999999999	649.976172912182
1.8869999999999	650.082579324267
1.8879999999999	649.879581817931
1.8889999999999	649.622116321432
1.8899999999999	649.567701435324
1.8909999999999	649.706717904317
1.8919999999999	649.771561723265
1.8929999999999	649.579708596841
1.8939999999999	649.391317786679
1.8949999999999	649.431516815549
1.8959999999999	649.638910688852
1.8969999999999	649.736739345769
1.8979999999999	649.540282333049
1.8989999999999	649.284539939042
1.8999999999999	649.239256446985
1.9009999999999	649.383449268926
1.9019999999999	649.468283784258
1.9029999999999	649.349532517823
1.9039999999999	649.193053932305
1.9049999999999	649.256681116639
1.9059999999999	649.543500025445
1.9069999999999	649.705961681844
1.9079999999999	649.544446695651
1.9089999999999	649.335080362525
1.9099999999999	649.382032014389
1.9109999999999	649.624567003797
1.9119999999999	649.74510008923
1.9129999999999	649.619539523286
1.9139999999999	649.472794133048
1.9149999999999	649.568894920947
1.9159999999999	649.878846229867
1.9169999999999	650.047485410041
1.9179999999999	649.909213941844
1.9189999999999	649.740144522071
1.9199999999999	649.74192262853
1.9209999999999	649.902798625007
1.9219999999999	649.995229390459
1.9229999999999	649.849602106002
1.9239999999999	649.65595655458
1.9249999999999	649.710210819053
1.9259999999999	649.984991305921
1.9269999999999	650.095846008296
1.9279999999999	649.892661309577
1.9289999999999	649.630278732868
1.9299999999999	649.569617348228
1.9309999999999	649.70730855821
1.9319999999999	649.773963356491
1.9329999999999	649.581066668565
1.9339999999999	649.388965611807
1.9349999999999	649.424935987094
1.9359999999999	649.632887975967
1.9369999999999	649.734186948054
1.9379999999999	649.537171871478
1.9389999999999	649.279576032243
1.9399999999999	649.232894873209
1.9409999999999	649.37810695514
1.9419999999999	649.465459265374
1.9429999999999	649.347711389419
1.9439999999999	649.188168218358
1.9449999999999	649.243956165957
1.9459999999999	649.530194966394
1.9469999999999	649.697530349356
1.9479999999999	649.53745684509
1.9489999999999	649.327520305409
1.9499999999999	649.369633194566
1.9509999999999	649.610879948931
1.9519999999999	649.735171548281
1.9529999999999	649.611364685078
1.9539999999999	649.46384437573
1.9549999999999	649.559653984259
1.9559999999999	649.874840900057
1.9569999999999	650.050320965774
1.9579999999999	649.915809175515
1.9589999999999	649.748303577075
1.95999999999989	649.747377694974
1.96099999999989	649.907140698768
1.96199999999989	650.003984574273
1.96299999999989	649.861832887114
1.96399999999989	649.666431043374
1.96499999999989	649.715223607008
1.96599999999989	649.991476263538
1.96699999999989	650.108054866143
1.96799999999989	649.905836829254
1.96899999999989	649.639199932033
1.96999999999989	649.572730815262
1.97099999999989	649.709914407096
1.97199999999989	649.779345975844
1.97299999999989	649.586001452752
1.97399999999989	649.390197233762
1.97499999999989	649.421834050129
1.97599999999989	649.630865817058
1.97699999999989	649.73617753863
1.97799999999989	649.538804996213
1.97899999999989	649.279535279682
1.97999999999989	649.231385163788
1.98099999999989	649.377518062765
1.98199999999989	649.467451702052
1.98299999999989	649.350639895485
1.98399999999989	649.187619069252
1.98499999999989	649.234877390697
1.98599999999989	649.519824657022
1.98699999999989	649.691474463223
1.98799999999989	649.532430541437
1.98899999999989	649.321405961078
1.98999999999989	649.357639628693
1.99099999999989	649.596412350692
1.99199999999989	649.723999496651
1.99299999999989	649.6017506138
1.99399999999989	649.452605239563
1.99499999999989	649.547278270229
1.99599999999989	649.866789336177
1.99699999999989	650.047939180467
1.99799999999989	649.915499343328
1.99899999999989	649.748095977909
2	649.744185214253
