"Time [s]"	"RingSolidLoss(EndConnection) [kW]"
0	0
0.001	0.238225465407263
0.002	1.24166303709282
0.003	2.82214184218996
0.004	4.65567747279294
0.005	6.57295457418572
0.006	8.1912526314695
0.007	9.35174428723309
0.008	9.89812998946416
0.009	9.94155262060458
0.01	9.43063611161597
0.011	8.55637539441425
0.012	7.54792452143243
0.013	6.55633478240786
0.014	5.52198249347911
0.015	4.62643877069745
0.016	3.7331343395404
0.017	3.06878036583332
0.018	2.55523315942661
0.019	2.22780726684445
0.02	2.13265701255769
0.021	2.19059079696274
0.022	2.34075542865694
0.023	2.56245994448678
0.024	2.82015583240706
0.025	3.231799775225
0.026	3.97757605076194
0.027	4.82112665902774
0.028	5.38612209930239
0.029	5.81014682516702
0.03	6.78775119530855
0.031	7.20348143936546
0.032	7.14960565099467
0.033	6.73715988905813
0.034	6.02904215200133
0.035	5.11251200362275
0.036	4.32794828947372
0.037	3.83950282567768
0.038	3.49147746575035
0.039	3.23689353179207
0.04	3.13392895447294
0.041	3.34798006829294
0.042	3.59228229988194
0.043	3.8218815262296
0.044	4.12231929391847
0.045	4.26519722257168
0.046	4.28026856095618
0.047	4.25777561557098
0.048	4.25023227952353
0.049	4.12946410880847
0.05	4.15986278958693
0.051	4.15583080990462
0.052	4.05648694046304
0.053	3.80957948950627
0.054	3.56161046722913
0.055	3.30477146882
0.056	3.29510621458593
0.057	3.33786194155464
0.058	3.3219602364666
0.059	3.78069632548273
0.06	4.18074863392459
0.061	4.55798615596967
0.062	5.3500955356646
0.063	5.5751761621943
0.064	6.32603778955946
0.065	6.32491721879022
0.066	6.34218337116224
0.067	6.45665964382452
0.068	5.88833145600934
0.069	5.46997233798862
0.07	4.64813537707224
0.071	4.09217391726646
0.0720000000000001	3.58676790656873
0.0730000000000001	3.17952809457331
0.0740000000000001	2.58772051678578
0.0750000000000001	2.25764004338405
0.0760000000000001	2.28819418881085
0.0770000000000001	2.20994116065011
0.0780000000000001	2.36787013875199
0.0790000000000001	2.69976032581605
0.0800000000000001	3.12124366719024
0.0810000000000001	3.58102661469302
0.0820000000000001	4.30241077294358
0.0830000000000001	4.75184612352399
0.0840000000000001	5.63039727069355
0.0850000000000001	5.82655814797848
0.0860000000000001	6.60935052957685
0.0870000000000001	6.50446037444478
0.0880000000000001	6.94698985444436
0.0890000000000001	6.51194052290812
0.0900000000000001	6.47728306663051
0.0910000000000001	5.8729041587957
0.0920000000000001	5.38448448639572
0.0930000000000001	4.74346562545842
0.0940000000000001	4.0325699074182
0.0950000000000001	3.58126364859874
0.0960000000000001	2.85191459883639
0.0970000000000001	2.60482251347705
0.0980000000000001	2.08628908704744
0.0990000000000001	2.1048380930877
0.1	1.8923992783429
0.101	2.02430329782455
0.102	2.25894056453016
0.103	2.46413063361945
0.104	2.87719199629353
0.105	3.17702868918099
0.106	3.60060156672576
0.107	3.96590205706055
0.108	4.19491475128475
0.109	4.29093612028627
0.11	4.59392027329506
0.111	4.61917871982938
0.112	4.47760500573675
0.113	4.28443138871916
0.114	4.08399595842
0.115	3.77984832265655
0.116	3.41182991565403
0.117	3.01084593635713
0.118	2.66696376746044
0.119	2.36861577441382
0.12	2.25462555605367
0.121	2.11064060898822
0.122	1.78190625306631
0.123	1.56925955919474
0.124	1.61597214088434
0.125	1.61825616027148
0.126	1.34414062426603
0.127	1.25645387650859
0.128	1.4267113978915
0.129	1.27462278217276
0.13	1.01609904212469
0.131	1.20941439774192
0.132	1.1318879104246
0.133	0.804801067562129
0.134	0.989448923257405
0.135	0.957806870821968
0.136	0.635968958997856
0.137	0.792972373837208
0.138	0.811001167646195
0.139	0.556127604500218
0.14	0.601921056297742
0.141	0.703598447657681
0.142	0.572049360182877
0.143	0.41996106958524
0.144	0.566806526786655
0.145	0.604526081393141
0.146	0.492878225158426
0.147	0.35113328339216
0.148	0.449047007929651
0.149	0.532737597897887
0.15	0.510250756793568
0.151	0.411342717202827
0.152	0.284997508562826
0.153	0.245779516902494
0.154	0.298934547957084
0.155	0.331313284643676
0.156	0.315998350188653
0.157	0.26466903559129
0.158	0.204454669857425
0.159	0.141863116275532
0.16	0.0919525440807062
0.161	0.0804444232346841
0.162	0.102175771404555
0.163	0.135750612186853
0.164	0.160417209468316
0.165	0.166379756099761
0.166	0.149788172437264
0.167	0.117296195310539
0.168	0.107490070513027
0.169	0.139224010067831
0.17	0.185386506460246
0.171	0.194229009352123
0.172	0.15076941218881
0.173	0.0945679667033135
0.174	0.105607561423241
0.175	0.139099580217833
0.176	0.122377520650326
0.177	0.0619037319894142
0.178	0.0466835279438379
0.179	0.0745003650870878
0.18	0.0711539538337015
0.181	0.0365914381637954
0.182	0.0235744970353316
0.183	0.0463309887343949
0.184	0.0579636657357321
0.185	0.0402065558559716
0.186	0.0247713025335737
0.187	0.0499305393212336
0.188	0.0729813905874551
0.189	0.0607726119039119
0.19	0.0381486519208295
0.191	0.0520932411375956
0.192	0.0838549828785361
0.193	0.0808844323896467
0.194	0.0554070072666384
0.195	0.0365961583656648
0.196	0.0505212504111667
0.197	0.0655312643670897
0.198	0.0568419867487197
0.199	0.0376422125299337
0.2	0.0182440663909202
0.201	0.0114437095061653
0.202	0.0170651695572845
0.203	0.0208184186172958
0.204	0.0160774823277827
0.205	0.00717351235979481
0.206	0.00338326276456048
0.207	0.0096033717118324
0.208	0.0204321755170981
0.209	0.0254075676370992
0.21	0.0213414123755629
0.211	0.0138579111269639
0.212	0.0173752417956123
0.213	0.0325023953845523
0.214	0.0429693702580438
0.215	0.0382884111645063
0.216	0.0239866228815207
0.217	0.0167876774048425
0.218	0.025744155332746
0.219	0.0335483460841392
0.22	0.0232143257883493
0.221	0.00834682238677571
0.222	0.00634703510868403
0.223	0.0125366337348806
0.224	0.0115579988442547
0.225	0.00501604549437376
0.226	0.00125610456842856
0.227	0.0010476194318693
0.228	0.00446221985599154
0.229	0.00967675666193283
0.23	0.010932680165381
0.231	0.00502606714278983
0.232	0.00534526224144152
0.233	0.0162761114206303
0.234	0.023158909288574
0.235	0.017009457568928
0.236	0.00850724037327141
0.237	0.0126529976398739
0.238	0.0209283570441396
0.239	0.0226041592024074
0.24	0.0150264141475824
0.241	0.00564236318930402
0.242	0.00531296212009372
0.243	0.00976161660772096
0.244	0.0106302912716797
0.245	0.0057481129673131
0.246	0.000697152316835557
0.247	0.000508964305676286
0.248	0.00207027079039424
0.249	0.00208209238863478
0.25	0.000713353272979331
0.251	0.000444317714672612
0.252	0.00504065200865688
0.253	0.010465020714462
0.254	0.00995657925209014
0.255	0.00534682619696875
0.256	0.00400776746076488
0.257	0.00853150437585054
0.258	0.015832778534117
0.259	0.0165571951286451
0.26	0.00900690386752355
0.261	0.00371634699638485
0.262	0.00726018850622748
0.263	0.0125009705303688
0.264	0.00984687908782509
0.265	0.00282342507829796
0.266	0.000604391112272869
0.267	0.00219574927338091
0.268	0.00368122218189771
0.269	0.00202171992042079
0.27	0.0015339727873153
0.271	0.000865874724199302
0.272	4.87074289657005E-05
0.273	0.0012247451445721
0.274	0.00486250038403686
0.275	0.00668560259517608
0.276	0.00323558831955694
0.277	0.00137568616284776
0.278	0.00461887536258926
0.279	0.0102967474612684
0.28	0.010586620993117
0.281	0.00449673076672954
0.282	0.00159930737038998
0.283	0.00531192744117585
0.284	0.00908973583664095
0.285	0.0073931164350668
0.286	0.00220815782173594
0.287	0.000288564800774101
0.288	0.00112529060544691
0.289	0.00266607565985523
0.29	0.00252752881351918
0.291	0.000700671807510579
0.292	0.000895323461314037
0.293	0.0019692665582553
0.294	0.00103235547693276
0.295	5.10833290070424E-05
0.296	0.000548990960097137
0.297	0.003353298034182
0.298	0.00605510492109595
0.299	0.00483933795745749
0.3	0.00140654513640074
0.301	0.00113482319651631
0.302	0.00529194436372734
0.303	0.00866047282536725
0.304	0.00611215736851683
0.305	0.00148930758050413
0.306	0.000908178125246338
0.307	0.00336977961771648
0.308	0.00528976308588863
0.309	0.00303320146722228
0.31	0.000345162227973942
0.311	0.000188273400909718
0.312	0.00139721056656855
0.313	0.0017359492958635
0.314	0.000853721252277633
0.315	0.00144317342130134
0.316	0.000988717799156545
0.317	7.92816694558371E-05
0.318	0.000358172292690931
0.319	0.00267160850297052
0.32	0.00486598983524196
0.321	0.00260972281255443
0.322	0.000210866488712321
0.323	0.00137464389779879
0.324	0.00481840206341411
0.325	0.00552985754801434
0.326	0.00222859162935043
0.327	0.00020747346972246
0.328	0.000876596429602664
0.329	0.00315514831557428
0.33	0.00393498426953676
0.331	0.00160185852124271
0.332	0.000185643803462315
0.333	0.000534486683243195
0.334	0.000945998276294746
0.335	0.00105907555535625
0.336	0.000502813059921733
0.337	0.00105616744086988
0.338	0.0018236246394813
0.339	0.00094462714718576
0.34	0.000120863984468191
0.341	0.000420435965252983
0.342	0.00294551228391546
0.343	0.00457816498920905
0.344	0.00254302593249774
0.345	0.000251111687238373
0.346	0.000563946051162736
0.347	0.00284686283564356
0.348	0.00448864360846278
0.349	0.00261743897086234
0.35	0.000247729694390336
0.351	0.000297396400040904
0.352	0.00226661437285593
0.353	0.0030269639403356
0.354	0.00110620428487752
0.355	0.000253173689206858
0.356	0.000369032798449104
0.357	0.000675948030453274
0.358	0.00077058591153316
0.359	0.000679096310038146
0.36	0.00192063484689995
0.361	0.0013167284342221
0.362	0.000263663657568492
0.363	0.000427963054933857
0.364	0.00191230089729917
0.365	0.00318818025317674
0.366	0.00160395724404221
0.367	8.76690710082087E-05
0.368	0.000326597984777424
0.369	0.00219217824114952
0.37	0.00360921968010751
0.371	0.00177021836183173
0.372	0.000176717048994499
0.373	0.000421623402877673
0.374	0.00142074817516151
0.375	0.00195766514738075
0.376	0.000867691149576385
0.377	0.000401759313234367
0.378	0.000621761081621876
0.379	0.000482235257677429
0.38	0.000755791808743361
0.381	0.000565959455402576
0.382	0.00153387751499369
0.383	0.00222179658793933
0.384	0.000882559351425572
0.385	6.68535414090597E-05
0.386	0.000367962375958186
0.387	0.0018593341170783
0.388	0.00289672785676917
0.389	0.00147650104866196
0.39	0.000139311204890109
0.391	0.000346279058538265
0.392	0.00217457619110918
0.393	0.00298682897030119
0.394	0.0011677519661203
0.395	0.000114114270249845
0.396	0.000311446417185999
0.397	0.0011145937751837
0.398	0.00147948219575523
0.399	0.000592025140252044
0.4	0.000864436317152255
0.401	0.000756628772240282
0.402	0.000725824650624212
0.403	0.000775620697414028
0.404	0.000812034485152011
0.405	0.00166802804799101
0.406	0.00102089355765524
0.407	0.000208140587316112
0.408	0.000233424620636524
0.409	0.00117985499144517
0.41	0.00262542661243434
0.411	0.00150098423810595
0.412	0.000284891451815919
0.413	0.000411949239822329
0.414	0.00127061567323896
0.415	0.0020358844834289
0.416	0.00100465492587023
0.417	0.000280415604324795
0.418	0.000376536936273142
0.419	0.000634515758829929
0.42	0.0013704796732215
0.421	0.000831793809194705
0.422	0.000925741442536956
0.423	0.00124923447040905
0.424	0.000529880868163274
0.425	0.000434622491964186
0.426	0.000429680771086147
0.427	0.00116470749277969
0.428	0.00176244251844245
0.429	0.000780242996026868
0.43	0.000283329565784453
0.431	0.000421218825937317
0.432	0.00176818752916257
0.433	0.00241550809275382
0.434	0.000911731610690552
0.435	0.000150481302612056
0.436	0.000335578431395419
0.437	0.00119391953723751
0.438	0.00168376810782352
0.439	0.000677525007198008
0.44	0.000564570466264134
0.441	0.000579114437737559
0.442	0.00106379627900214
0.443	0.00124204527851915
0.444	0.000582179918689293
0.445	0.000937598200001793
0.446	0.000695580895275823
0.447	0.000435920645273858
0.448	0.000480795726305616
0.449	0.000667250375320808
0.45	0.00180342494684794
0.451	0.00117927859198971
0.452	0.000462995714107829
0.453	0.000522768712191601
0.454	0.000945551566696982
0.455	0.00172441207029513
0.456	0.000955546718262802
0.457	0.000303039758641311
0.458	0.000365249389623268
0.459	0.000679387138693278
0.46	0.00160455348999565
0.461	0.000981228140945774
0.462	0.000704427652680064
0.463	0.000890562810557391
0.464	0.000561650278585464
0.465	0.000816049966297334
0.466	0.00056340387430723
0.467	0.000781653926173634
0.468	0.00112204366253982
0.469	0.000519243344741634
0.47	0.000582080528604312
0.471	0.000547948288113801
0.472	0.00137757105130076
0.473	0.00184216620355867
0.474	0.000678951883236739
0.475	0.000277313793884707
0.476	0.00038052784489203
0.477	0.00108634121707763
0.478	0.00156869252054175
0.479	0.000654730794470989
0.48	0.000520882183042374
0.481	0.000544146372089632
0.482	0.00120521584185348
0.483	0.00149329232841992
0.484	0.000583203855312654
0.485	0.000632989541871266
0.486	0.000549267964040855
0.487	0.000631078269224153
0.488	0.000781150538657102
0.489	0.000511144244985691
0.49	0.00127316943906147
0.491	0.000938742512681449
0.492	0.000661570097693227
0.493	0.000740246336000826
0.494	0.000703576819471929
0.495	0.00134129437592476
0.496	0.000833859110390114
0.497	0.000378464612449872
0.498	0.000445165907786921
0.499	0.000619454147624243
0.5	0.00156297781411381
0.501	0.00100886020697521
0.502	0.000657585261387944
0.503	0.000793617059722325
0.504	0.000613412591430139
0.505	0.00102998106359934
0.506	0.000663923252436205
0.507	0.00060169613528857
0.508	0.000816943986512572
0.509	0.000475842663520394
0.51	0.00087290794013665
0.511	0.000681619292759335
0.512	0.00109764104968757
0.513	0.00142954280395793
0.514	0.000568276900481492
0.515	0.000459380536115153
0.516	0.000444841316426347
0.517	0.000926242860344058
0.518	0.0013398377262974
0.519	0.000583066120739925
0.52	0.000588310119709965
0.521	0.000569818192258028
0.522	0.00120237932095096
0.523	0.00153239973753958
0.524	0.000593825019605911
0.525	0.000534052308606377
0.526	0.000496768493079332
0.527	0.000740553910410369
0.528	0.000980608256210844
0.529	0.000496637437969142
0.53	0.000992949379848384
0.531	0.000798205259803435
0.532	0.000824367559205067
0.533	0.000963594314430209
0.534	0.000592459610316906
0.535	0.00104360830738156
0.536	0.000721044817143724
0.537	0.000468555330146914
0.538	0.000569311396080184
0.539	0.000549573878893223
0.54	0.00140616566458463
0.541	0.000966890686026816
0.542	0.000686441095539737
0.543	0.000811631345280542
0.544	0.000616504431044639
0.545	0.00108099286329545
0.546	0.000706538281459416
0.547	0.000535641783409039
0.548	0.000701679062881946
0.549	0.000488449154484197
0.55	0.00105772376570226
0.551	0.000778314732628067
0.552	0.000938468018059165
0.553	0.00119349336157784
0.554	0.000542984997799136
0.555	0.000625521889554616
0.556	0.000510981901852383
0.557	0.000793288806717952
0.558	0.00113663376719414
0.559	0.000529446185910949
0.56	0.000696374818201762
0.561	0.000618760069800656
0.562	0.00113505013668661
0.563	0.001458627773837
0.564	0.000584294069915476
0.565	0.000533202399546416
0.566	0.000490957024954943
0.567	0.000770806913201098
0.568	0.00105832471302212
0.569	0.000508391476053895
0.57	0.000872803533546608
0.571	0.000734102284479279
0.572	0.000920314322114897
0.573	0.00111596563252003
0.574	0.000561650871553178
0.575	0.000862803042798315
0.576	0.000645509179214067
0.577	0.0005459874659492
0.578	0.000694819522879468
0.579	0.000509624692764572
0.58	0.00124185109910259
0.581	0.000904417183066286
0.582	0.000742146101548688
0.583	0.000880026711364336
0.584	0.00059460011496687
0.585	0.00103537157692927
0.586	0.000705052152795228
0.587	0.00052825814092861
0.588	0.000685561142190665
0.589	0.000496128437377219
0.59	0.00112803057318185
0.591	0.000825968804422855
0.592	0.000867063638128249
0.593	0.00108477158438429
0.594	0.000546673816632261
0.595	0.000734606151408502
0.596	0.000561399453394376
0.597	0.000705621512487322
0.598	0.000999640851386995
0.599	0.000504382254895353
0.6	0.000802301599455465
0.601	0.000671511722034546
0.602	0.00105574706546946
0.603	0.00135462261687388
0.604	0.000570284096558265
0.605	0.000577744342107515
0.606	0.000508093833767229
0.607	0.000752097944367106
0.608	0.00105058247913674
0.609	0.00051152867682953
0.61	0.000846542698142739
0.611	0.000718401489921103
0.612	0.000955059246232835
0.613	0.00118461439129655
0.614	0.000557494868235312
0.615	0.000774156459651488
0.616	0.00060653198099179
0.617	0.000595510701506607
0.618	0.00078726430281253
0.619	0.000496245843217572
0.62	0.00112045134309864
0.621	0.000853135017185424
0.622	0.000796010435811957
0.623	0.000957432147755862
0.624	0.000574220706314015
0.625	0.000958660782950002
0.626	0.000682343217834603
0.627	0.000546507915836244
0.628	0.000716559281690525
0.629	0.000494981398191488
0.63	0.00112277972179432
0.631	0.000836472639185371
0.632	0.000847539194739573
0.633	0.00105261522196397
0.634	0.000551821934491686
0.635	0.000783844926389924
0.636	0.000590221766981978
0.637	0.000657815295994103
0.638	0.000925042980435971
0.639	0.00049685001419118
0.64	0.000880516769363751
0.641	0.000715141791049984
0.642	0.000991525161280868
0.643	0.00126613664677579
0.644	0.000562148395467732
0.645	0.000632927723768553
0.646	0.00053335252740169
0.647	0.000715959007568132
0.648	0.0010068573182775
0.649	0.000508086036161613
0.65	0.000866498319447994
0.651	0.000728759308123428
0.652	0.000951112571456727
0.653	0.00119405761944114
0.654	0.000557826233874557
0.655	0.000743889046010627
0.656	0.000593335377808422
0.657	0.000617491008627624
0.658	0.000838089194447128
0.659	0.000494774485808346
0.66	0.00104772877226628
0.661	0.000822736752756784
0.662	0.000834659833278627
0.663	0.00102024439118715
0.664	0.00056321061351091
0.665	0.000887985133418959
0.666	0.000656985804957825
0.667	0.000571407731001005
0.668	0.000764765327362136
0.669	0.000492832369199142
0.67	0.00108312706212984
0.671	0.000827057447977637
0.672	0.000854088363886639
0.673	0.00106169691610495
0.674	0.000553494075597649
0.675	0.000789258803028472
0.676	0.000600505451904206
0.677	0.000637600921381385
0.678	0.000896063572275822
0.679	0.00049677621789131
0.68	0.000924092584024202
0.681	0.000744287987032069
0.682	0.00094909795162858
0.683	0.00120668483667906
0.684	0.000560119357997755
0.685	0.000679415747903108
0.686	0.000557813923186998
0.687	0.000680547876945721
0.688000000000001	0.000958773361889086
0.689000000000001	0.000504281603154093
0.690000000000001	0.000903430726402116
0.691000000000001	0.000750717156944068
0.692000000000001	0.00092942851053417
0.693000000000001	0.00117265977777742
0.694000000000001	0.000557903106456705
0.695000000000001	0.000745871188828907
0.696000000000001	0.000595679663776865
0.697000000000001	0.000619847566824984
0.698000000000001	0.000855613611723224
0.699000000000001	0.000495995107030465
0.700000000000001	0.00101326349935571
0.701000000000001	0.000809881642330446
0.702000000000001	0.000855550422056043
0.703000000000001	0.00105935636175611
0.704000000000001	0.000559220845800168
0.705000000000001	0.000836528348909985
0.706000000000001	0.000637510739619154
0.707000000000001	0.000592486644271218
0.708000000000001	0.000810392457232839
0.709000000000001	0.000494253672539308
0.710000000000001	0.00103776049965772
0.711000000000001	0.000811709014107652
0.712000000000001	0.000869336057016887
0.713000000000001	0.0010875066566116
0.714000000000001	0.000554125922648972
0.715000000000001	0.000771421320821491
0.716000000000001	0.000599518829440101
0.717000000000001	0.000632252208753787
0.718000000000001	0.000894068874440273
0.719000000000001	0.000499567516396256
0.720000000000001	0.000940046459395838
0.721000000000001	0.00076039649695961
0.722000000000001	0.000924836758780237
0.723000000000001	0.00117354124092996
0.724000000000001	0.000561274705580127
0.725000000000001	0.000710019694851115
0.726000000000001	0.000577121866227006
0.727000000000001	0.000653114460914546
0.728000000000001	0.000920671109629422
0.729000000000001	0.00050255798994249
0.730000000000001	0.00093974990604722
0.731000000000001	0.000774834312600601
0.732000000000001	0.000904297029522299
0.733000000000001	0.00114221060712692
0.734000000000001	0.000557968394315238
0.735000000000001	0.000761459656116867
0.736000000000001	0.000605848101008195
0.737000000000001	0.000612083076195343
0.738000000000001	0.000853827299806061
0.739000000000001	0.000497170406904357
0.740000000000001	0.00100390451924956
0.741000000000001	0.000809120372142609
0.742000000000001	0.00086264016065832
0.743000000000001	0.00107823528365034
0.744000000000001	0.000558631602092193
0.745000000000001	0.000804632813567841
0.746000000000001	0.000625725841033473
0.747000000000001	0.000605821436109975
0.748000000000001	0.000845516837468489
0.749000000000001	0.000498132070469615
0.750000000000001	0.000999775874426464
0.751000000000001	0.000797677898207593
0.752000000000001	0.000884128324413933
0.753000000000001	0.0011156248380352
0.754000000000001	0.000555554406198846
0.755000000000001	0.00074600838391612
0.756000000000001	0.000593964774904497
0.757000000000001	0.000633570146704018
0.758000000000001	0.000904773067370138
0.759000000000001	0.000503762891698224
0.760000000000001	0.000939433458764562
0.761000000000001	0.000767805011740265
0.762000000000001	0.000912310802021037
0.763000000000001	0.00115983193806936
0.764000000000001	0.000563592676718731
0.765000000000001	0.00072615269359296
0.766000000000001	0.00059076290784494
0.767000000000001	0.000633966853542905
0.768000000000001	0.000894779865475938
0.769000000000001	0.000502710780790147
0.770000000000001	0.000968489309933757
0.771000000000001	0.000796718826498059
0.772000000000001	0.000881952943165013
0.773000000000001	0.00111352951263137
0.774000000000001	0.000558365328788394
0.775000000000001	0.000780277459757802
0.776000000000001	0.000618906904644188
0.777000000000001	0.000600709991395372
0.778000000000001	0.000843552696048133
0.779000000000001	0.000497982843376984
0.780000000000001	0.0010085688763528
0.781000000000001	0.000815458030172254
0.782000000000001	0.000861280715695802
0.783000000000001	0.00108350289102932
0.784000000000001	0.000559283909699468
0.785000000000001	0.00078691546616685
0.786000000000001	0.000620254797036015
0.787000000000001	0.000612671847616548
0.788000000000001	0.000869247684058319
0.789000000000001	0.00050278304238447
0.790000000000001	0.000972339586620767
0.791000000000001	0.000788017281964742
0.792000000000001	0.000894853707617896
0.793000000000001	0.00113928220691512
0.794000000000001	0.000557945504195484
0.795000000000001	0.000721805028633471
0.796000000000001	0.000587541292008464
0.797000000000001	0.000636611260345273
0.798000000000001	0.000919421633616474
0.799000000000001	0.000508881670876794
0.800000000000001	0.00093096806003198
0.801000000000001	0.000770417428306584
0.802000000000001	0.000906351966811401
0.803000000000001	0.0011572047494547
0.804000000000001	0.000566389105877406
0.805000000000001	0.000731445612618755
0.806000000000001	0.000599491942561503
0.807000000000001	0.000621374859703736
0.808000000000001	0.000879776122536623
0.809000000000001	0.000504164607829239
0.810000000000001	0.0009875065786308
0.811000000000001	0.000814491309853463
0.812000000000001	0.000864629083076353
0.813000000000001	0.00109099863812199
0.814000000000001	0.000559027184125323
0.815000000000001	0.00079652379587605
0.816000000000001	0.000631759117872068
0.817000000000001	0.000589563197676476
0.818000000000001	0.000831546723810965
0.819000000000001	0.000498759050120435
0.820000000000001	0.00101757676519001
0.821000000000001	0.000824954692710098
0.822000000000001	0.000855929734124351
0.823000000000001	0.00108158180718883
0.824000000000001	0.000560446932341097
0.825000000000001	0.000777528219377262
0.826000000000001	0.000619006770787556
0.827000000000001	0.000615122911492764
0.828000000000001	0.00088477785806513
0.829000000000001	0.000507591305256844
0.830000000000001	0.000952692619061984
0.831000000000001	0.000781797027997656
0.832000000000001	0.000901962274529422
0.833000000000001	0.00115869876389562
0.834000000000001	0.000561434503596231
0.835000000000001	0.000699853373399879
0.836000000000001	0.000581610967031148
0.837000000000001	0.000640089540705294
0.838000000000001	0.000935546429075721
0.839000000000001	0.000514976771633669
0.840000000000001	0.000918436279905286
0.841000000000001	0.000770157839686373
0.842000000000001	0.000904083140842246
0.843000000000001	0.00116129651480711
0.844000000000001	0.000569579405965097
0.845000000000001	0.000729591958739263
0.846000000000001	0.000604754165504363
0.847000000000001	0.000613163628820883
0.848000000000001	0.00087218496653061
0.849000000000001	0.000506470668579114
0.850000000000001	0.000999057856578537
0.851000000000001	0.000828419551986119
0.852000000000001	0.000851089377311799
0.853000000000001	0.00107333441910065
0.854000000000001	0.000559830014866607
0.855000000000001	0.000810053329717055
0.856000000000001	0.000644098499613931
0.857000000000001	0.000579187845334335
0.858000000000001	0.000819375037441538
0.859000000000001	0.000499511866848234
0.860000000000001	0.00102872315458256
0.861000000000001	0.000836390493780787
0.862000000000001	0.000848419276101506
0.863000000000001	0.00107515954875316
0.864000000000001	0.000561776769658816
0.865000000000001	0.00077350295511672
0.866000000000001	0.00062090504414926
0.867000000000001	0.000614600833055278
0.868000000000001	0.000894313612644639
0.869000000000001	0.000512161398619102
0.870000000000001	0.000938906255081527
0.871000000000001	0.000778517853257445
0.872000000000001	0.000905919830626129
0.873000000000001	0.00117371218221758
0.874000000000001	0.000565961279188189
0.875000000000001	0.000680783903503473
0.876000000000001	0.000576499775268621
0.877000000000001	0.000643061346013834
0.878000000000001	0.000951055419167111
0.879000000000001	0.000521819115369414
0.880000000000001	0.000904393452675568
0.881000000000001	0.000768399519525858
0.882000000000001	0.00090387069987892
0.883000000000001	0.00116934060538459
0.884000000000001	0.000573939073038698
0.885000000000001	0.000722922557550822
0.886000000000001	0.000607421421033565
0.887000000000001	0.000608161682520273
0.888000000000001	0.000870330338245717
0.889000000000001	0.000509477232630021
0.890000000000001	0.00100395861966817
0.891000000000001	0.000838766081904109
0.892000000000001	0.000841044823865484
0.893000000000001	0.00106057491069986
0.894000000000001	0.000560699450585789
0.895000000000001	0.000819422209479194
0.896000000000001	0.000655236261348226
0.897000000000001	0.000570317722583284
0.898000000000001	0.00080866332914113
0.899000000000001	0.000500318532594337
0.900000000000001	0.00103975862934144
0.901000000000001	0.00084852855448569
0.902000000000001	0.000840072472724312
0.903000000000001	0.00106656671591061
0.904000000000001	0.000563223593058153
0.905000000000001	0.000772646987154438
0.906000000000001	0.000624595847444485
0.907000000000001	0.000612007642561316
0.908000000000001	0.000899243530121663
0.909000000000001	0.000516333084406052
0.910000000000001	0.000929982472502667
0.911000000000001	0.00077795889821893
0.912000000000001	0.000907004747293256
0.913000000000001	0.00118408815219775
0.914000000000001	0.000570597076893963
0.915000000000001	0.000665499012704061
0.916000000000001	0.000572903986247528
0.917000000000001	0.000644690930820488
0.918000000000001	0.000964003483472986
0.919000000000001	0.000528853148283195
0.920000000000001	0.000891340045897144
0.921000000000001	0.000766752424796169
0.922000000000001	0.000904106031242682
0.923000000000001	0.00117803344276812
0.924000000000001	0.000578825167147622
0.925000000000001	0.000714494594648378
0.926000000000001	0.000608910140726822
0.927000000000001	0.000604854195718766
0.928000000000001	0.000871660940997149
0.929000000000001	0.000512960813254948
0.930000000000001	0.00100441378219344
0.931000000000001	0.000846704967775413
0.932000000000001	0.00083356162709932
0.933000000000001	0.00105163650343494
0.934000000000001	0.000561590247013594
0.935000000000001	0.00082446897403467
0.936000000000001	0.000665015714617037
0.937000000000001	0.000563151235476047
0.938000000000001	0.000800217716991673
0.939000000000001	0.000501320650459102
0.940000000000001	0.00104892960651434
0.941000000000001	0.000860197947222262
0.942000000000001	0.00083214915478004
0.943000000000001	0.00105810444596217
0.944000000000001	0.000564816429781531
0.945000000000001	0.000772494351218199
0.946000000000001	0.000628875579881183
0.947000000000001	0.000608670379565737
0.948000000000001	0.000901973338782848
0.949000000000001	0.000520347119065953
0.950000000000001	0.00092369544143097
0.951000000000001	0.000778872184703951
0.952000000000001	0.00090621506578214
0.953000000000001	0.00119125640474974
0.954000000000001	0.000575289408844441
0.955000000000001	0.000653691732186226
0.956000000000001	0.000570675930272015
0.957000000000001	0.000644985197393663
0.958000000000001	0.000974064588067442
0.959000000000001	0.000535744211199303
0.960000000000001	0.000880531412764042
0.961000000000001	0.000766265204342865
0.962000000000001	0.000903173468359606
0.963000000000001	0.00118500841070126
0.964000000000001	0.000583585094941002
0.965000000000001	0.000707030829143411
0.966000000000001	0.000610566133008327
0.967000000000001	0.000601717761453905
0.968000000000001	0.000873326455911852
0.969000000000001	0.000516530081252581
0.970000000000001	0.00100361331647413
0.971000000000001	0.000853903278240048
0.972000000000001	0.000827232114214225
0.973000000000001	0.00104426137036474
0.974000000000001	0.000562453643373935
0.975000000000001	0.000827283837445173
0.976000000000001	0.000673809170298543
0.977000000000001	0.000557389842130042
0.978000000000001	0.000793851381085326
0.979000000000001	0.000502727849372507
0.980000000000001	0.00105539793192077
0.981000000000001	0.000870665796948358
0.982000000000001	0.000825524238561971
0.983000000000001	0.0010513310807058
0.984000000000001	0.000566547368542014
0.985000000000001	0.000771116521041852
0.986000000000001	0.000632672890676525
0.987000000000001	0.000605400462692882
0.988000000000001	0.00090478596271948
0.989000000000001	0.000524609817741358
0.990000000000001	0.000917530926042902
0.991000000000001	0.000779831196006249
0.992000000000001	0.000904932484714295
0.993000000000001	0.00119764856489564
0.994000000000001	0.000580283188426445
0.995000000000001	0.000643431237846297
0.996000000000001	0.000569011460511693
0.997000000000001	0.00064465373938962
0.998000000000001	0.000982542546870403
0.999000000000001	0.000542640456350769
1	0.000871219834621149
1.001	0.00076670224739338
1.002	0.000901244521950354
1.003	0.0011899848978508
1.004	0.000588089181168414
1.005	0.000701087347488973
1.006	0.000612980636050468
1.007	0.000598283939752086
1.008	0.000874001944797637
1.009	0.000519966526046509
1.01	0.00100335878345114
1.011	0.000861376612643877
1.012	0.000821065675489246
1.013	0.00103674718687513
1.014	0.000563270225388834
1.015	0.000829674581307837
1.016	0.000682497736998648
1.017	0.000552181813087458
1.018	0.000788047719948414
1.019	0.00050411279754545
1.02	0.00106058480114326
1.021	0.00088044748983497
1.022	0.000819684241348165
1.023	0.00104555975766076
1.024	0.000568386406008954
1.025	0.000769231127331407
1.026	0.000635995916804656
1.027	0.000602507946889633
1.028	0.000907609000735284
1.029	0.000529187698608657
1.03	0.000911721972705334
1.031	0.000781277444685888
1.032	0.000903028656100759
1.033	0.00120205132895657
1.034	0.000585304032126349
1.035	0.000634619177169711
1.036	0.000568083041961812
1.037	0.000643729749620312
1.038	0.000989341778550639
1.039	0.000549453190895586
1.04	0.000863235926649609
1.041	0.000768266678627411
1.042	0.000898723878882081
1.043	0.00119256096097294
1.044	0.000592453052101161
1.045	0.000695513802186274
1.046	0.000615342148319336
1.047	0.000595357262157739
1.048	0.000875535738246252
1.049	0.000523597579979652
1.05	0.00100174671941271
1.051	0.000867557187719978
1.05199999999999	0.000816383237777456
1.05299999999999	0.00103144203804866
1.05399999999999	0.000564145212308992
1.05499999999999	0.000829297920663759
1.05599999999999	0.000689807678616327
1.05699999999999	0.000548391941803456
1.05799999999999	0.000784412261684101
1.05899999999999	0.00050573129600153
1.05999999999999	0.00106314564582529
1.06099999999999	0.000888805805354797
1.06199999999999	0.000814826124885973
1.06299999999999	0.001041192376399
1.06399999999999	0.0005704609585856
1.06499999999999	0.0007666530779023
1.06599999999999	0.000638929255789062
1.06699999999999	0.000599670320818873
1.06799999999999	0.000909796944429064
1.06899999999999	0.000533708917870219
1.06999999999999	0.000907004330961582
1.07099999999999	0.000783668464796443
1.07199999999999	0.000900115207726865
1.07299999999999	0.00120426017163138
1.07399999999999	0.000590043777890501
1.07499999999999	0.000627936135373055
1.07599999999999	0.000568427278506249
1.07699999999999	0.000641781692224446
1.07799999999999	0.000993566798700262
1.07899999999999	0.000555753127475133
1.07999999999999	0.000857362394878841
1.08099999999999	0.000771363218627554
1.08199999999999	0.000895193001977162
1.08299999999999	0.00119300071321914
1.08399999999999	0.000596460233309654
1.08499999999999	0.000691295968735039
1.08599999999999	0.000618263039307736
1.08699999999999	0.000592385786165648
1.08799999999999	0.000876807364637079
1.08899999999999	0.000527207810764188
1.08999999999999	0.000999396351879774
1.09099999999999	0.000873202483483047
1.09199999999999	0.000812380721183798
1.09299999999999	0.00102731414852871
1.09399999999999	0.000565169080964298
1.09499999999999	0.000827099014107744
1.09599999999999	0.000696153924057678
1.09699999999999	0.00054565447625439
1.09799999999999	0.000782248229145782
1.09899999999999	0.000507564810073743
1.09999999999999	0.00106344677823267
1.10099999999999	0.00089588752880391
1.10199999999999	0.000810956310594371
1.10299999999999	0.00103839890416816
1.10399999999999	0.000572783235193946
1.10499999999999	0.00076288694218281
1.10599999999999	0.000641317825143863
1.10699999999999	0.000597184343879203
1.10799999999999	0.000912167766511655
1.10899999999999	0.000538437354420734
1.10999999999999	0.000902256940415472
1.11099999999999	0.000786313999083059
1.11199999999999	0.00089684879561743
1.11299999999999	0.00120546089075259
1.11399999999999	0.000594955631656274
1.11499999999999	0.000622360434435121
1.11599999999999	0.000569498087027927
1.11699999999999	0.000639311230128534
1.11799999999999	0.000996259716996156
1.11899999999999	0.000561726882385862
1.11999999999999	0.000852796634970998
1.12099999999999	0.000775239490787996
1.12199999999999	0.000890947863162789
1.12299999999999	0.00119192712778193
1.12399999999999	0.000600141103681592
1.12499999999999	0.000688392541950402
1.12599999999999	0.000621725767342646
1.12699999999999	0.000589147297121456
1.12799999999999	0.000877569883694154
1.12899999999999	0.000530723373138158
1.12999999999999	0.000996897091093116
1.13099999999999	0.000878739041184787
1.13199999999999	0.000808717133947979
1.13299999999999	0.00102359624574039
1.13399999999999	0.000566333054015548
1.13499999999999	0.000824014738915657
1.13599999999999	0.000702027962716532
1.13699999999999	0.000543518020141088
1.13799999999999	0.00078100353003487
1.13899999999999	0.000509509935568722
1.13999999999999	0.00106237050467182
1.14099999999999	0.000902168561938258
1.14199999999999	0.0008077339102671
1.14299999999998	0.00103661878236215
1.14399999999998	0.000575291513191887
1.14499999999998	0.000758282708869223
1.14599999999998	0.000643181029345144
1.14699999999998	0.000595056109304075
1.14799999999998	0.00091499028677186
1.14899999999998	0.000543506825702922
1.14999999999998	0.000896284904828607
1.15099999999998	0.000788728602590228
1.15199999999998	0.000893937763554316
1.15299999999998	0.00120672653318438
1.15399999999998	0.000600279931537338
1.15499999999998	0.000616913713349094
1.15599999999998	0.000570699357899533
1.15699999999998	0.000636882678315989
1.15799999999998	0.000999062453178396
1.15899999999998	0.000567715082707057
1.15999999999998	0.000848407042287585
1.16099999999998	0.000779281386978451
1.16199999999998	0.000886620487950226
1.16299999999998	0.00119040204893093
1.16399999999998	0.00060374923421424
1.16499999999998	0.000685822359565015
1.16599999999998	0.000625361375053316
1.16699999999998	0.000586019946353392
1.16799999999998	0.000878218248091741
1.16899999999998	0.000534268815423004
1.16999999999998	0.000994123211292812
1.17099999999998	0.000884225247216833
1.17199999999998	0.00080523871746525
1.17299999999998	0.00102006504031372
1.17399999999998	0.000567597195928869
1.17499999999998	0.000820453784491288
1.17599999999998	0.000706770829973269
1.17699999999998	0.000541780846637197
1.17799999999998	0.000780986654927076
1.17899999999998	0.000511600591815615
1.17999999999998	0.00106043265473581
1.18099999999998	0.00090808306285885
1.18199999999998	0.000804720312915792
1.18299999999998	0.00103513072848152
1.18399999999998	0.000577848407463259
1.18499999999998	0.000753635027059799
1.18599999999998	0.000645105346316004
1.18699999999998	0.000592874454916843
1.18799999999998	0.000917263291523784
1.18899999999998	0.000548583514456648
1.18999999999998	0.000890820264050164
1.19099999999998	0.000791537969927826
1.19199999999998	0.000890600877864468
1.19299999999998	0.00120737676065189
1.19399999999998	0.00060557069543429
1.19499999999998	0.00061185456082827
1.19599999999998	0.000572011745047131
1.19699999999998	0.000634540215936054
1.19799999999998	0.00100189532671465
1.19899999999998	0.000573802100521951
1.19999999999998	0.000844272373182025
1.20099999999998	0.000783087386147623
1.20199999999998	0.000883138776673748
1.20299999999998	0.00118931332181955
1.20399999999998	0.00060747353491931
1.20499999999998	0.000682585931165114
1.20599999999998	0.000628549504433741
1.20699999999998	0.000583477419978752
1.20799999999998	0.000879810151829715
1.20899999999998	0.000538464158886958
1.20999999999998	0.000990020960021493
1.21099999999998	0.000889245572835196
1.21199999999998	0.000802225548768945
1.21299999999998	0.00101715429066001
1.21399999999998	0.000569042516329816
1.21499999999998	0.000816347301957271
1.21599999999998	0.000711662754734906
1.21699999999998	0.000540281786108811
1.21799999999998	0.000780977669050314
1.21899999999998	0.000513819242173088
1.21999999999998	0.00105849188896067
1.22099999999998	0.000913997836318532
1.22199999999998	0.000801625345555465
1.22299999999998	0.00103348466159848
1.22399999999998	0.000581030139950149
1.22499999999998	0.000749479909735235
1.22599999999998	0.000647562814208293
1.22699999999998	0.000590377037310946
1.22799999999998	0.000918180076767226
1.22899999999998	0.000553252409980542
1.22999999999998	0.000886719066837827
1.23099999999998	0.000795434950402766
1.23199999999998	0.000886504080443305
1.23299999999998	0.00120619853883165
1.23399999999997	0.000610406605645629
1.23499999999997	0.000608116062351068
1.23599999999997	0.000574069050607818
1.23699999999997	0.000631744935019193
1.23799999999997	0.0010035292274424
1.23899999999997	0.000579599615942749
1.23999999999997	0.000841620697133293
1.24099999999997	0.000787188095400718
1.24199999999997	0.000879646433351845
1.24299999999997	0.00118790946600119
1.24399999999997	0.000611171354107682
1.24499999999997	0.000679092537256723
1.24599999999997	0.000631405276028461
1.24699999999997	0.000581453535677424
1.24799999999997	0.000882267299903465
1.24899999999997	0.00054282479170127
1.24999999999997	0.000984266902003285
1.25099999999997	0.000893208702315235
1.25199999999997	0.00080006432631176
1.25299999999997	0.00101584974237162
1.25399999999997	0.000570799621706066
1.25499999999997	0.000810443113662563
1.25599999999997	0.000715440887201254
1.25699999999997	0.000539444522499261
1.25799999999997	0.000782167189929101
1.25899999999997	0.000516363885433951
1.25999999999997	0.00105511774913952
1.26099999999997	0.000919151483112124
1.26199999999997	0.00079893660498933
1.26299999999997	0.00103247000278312
1.26399999999997	0.000584356530010084
1.26499999999997	0.000745083400020896
1.26599999999997	0.000650153252296665
1.26699999999997	0.000587791075497032
1.26799999999997	0.000918292674716686
1.26899999999997	0.000557740117920564
1.26999999999997	0.000883521255620185
1.27099999999997	0.000800143908928077
1.27199999999997	0.00088179061850007
1.27299999999997	0.00120355309744026
1.27399999999997	0.000614762554885391
1.27499999999997	0.000605703860888152
1.27599999999997	0.000577027591127617
1.27699999999997	0.000628451510413705
1.27799999999997	0.00100365329776341
1.27899999999997	0.00058491072789966
1.27999999999997	0.000839912566536879
1.28099999999997	0.000791960013583617
1.28199999999997	0.000875702836596657
1.28299999999997	0.00118554658867049
1.28399999999997	0.000614633896288757
1.28499999999997	0.000675989302261329
1.28599999999997	0.000634257860817198
1.28699999999997	0.000579548882477585
1.28799999999997	0.000884701483637289
1.28899999999997	0.000547263061756026
1.28999999999997	0.000977913796742228
1.29099999999997	0.000896732625349833
1.29199999999997	0.000798304930441683
1.29299999999997	0.00101561922709503
1.29399999999997	0.000572864001918289
1.29499999999997	0.000803478877421133
1.29599999999997	0.000718483882140657
1.29699999999997	0.000539141412862125
1.29799999999997	0.000784068688111423
1.29899999999997	0.0005192199023958
1.29999999999997	0.00105064518703537
1.30099999999997	0.000923623828841059
1.30199999999997	0.000796667092087151
1.30299999999997	0.00103217087828574
1.30399999999997	0.000587833692197969
1.30499999999997	0.000740317167564162
1.30599999999997	0.000652638922051016
1.30699999999997	0.000585276962281245
1.30799999999997	0.000918118611214724
1.30899999999997	0.00056227631685743
1.30999999999997	0.000880749456792629
1.31099999999997	0.000805348718827848
1.31199999999997	0.000876747414219872
1.31299999999997	0.00119969954133224
1.31399999999997	0.000618782342449577
1.31499999999997	0.000604202359220426
1.31599999999997	0.000580660655652359
1.31699999999997	0.000624835865432612
1.31799999999997	0.0010026006011387
1.31899999999997	0.000589784104707102
1.31999999999997	0.000839026362403555
1.32099999999997	0.000797363997542472
1.32199999999997	0.000871329514988927
1.32299999999997	0.00118221008902024
1.32399999999996	0.000617892667432601
1.32499999999996	0.000673321894592143
1.32599999999996	0.000637405497220945
1.32699999999996	0.000577696924957133
1.32799999999996	0.000886964109764782
1.32899999999996	0.00055178746624823
1.32999999999996	0.000971423645863659
1.33099999999996	0.000899885537090093
1.33199999999996	0.000796863363458227
1.33299999999996	0.00101621054957295
1.33399999999996	0.000575264407829335
1.33499999999996	0.000794939866757753
1.33599999999996	0.000720576713314879
1.33699999999996	0.000539060731286049
1.33799999999996	0.000786988795447852
1.33899999999996	0.000522483460108096
1.33999999999996	0.00104470802661719
1.34099999999996	0.000927200836160943
1.34199999999996	0.000794955824202254
1.34299999999996	0.00103281973454572
1.34399999999996	0.000591468961009243
1.34499999999996	0.000734356109603218
1.34599999999996	0.000654964721199635
1.34699999999996	0.000582956039315606
1.34799999999996	0.000917968942177905
1.34899999999996	0.000567131968635412
1.34999999999996	0.000878160960415724
1.35099999999996	0.000810681478029333
1.35199999999996	0.000871474938276235
1.35299999999996	0.00119471070590006
1.35399999999996	0.000622398116284769
1.35499999999996	0.000603258262328919
1.35599999999996	0.00058518486631069
1.35699999999996	0.000620738114219379
1.35799999999996	0.000999876841813655
1.35899999999996	0.000593909681890746
1.35999999999996	0.000839503273382689
1.36099999999996	0.000803508090944722
1.36199999999996	0.000866197030969095
1.36299999999996	0.00117704299228401
1.36399999999996	0.000620678345948308
1.36499999999996	0.000671811616345005
1.36599999999996	0.000641390008210587
1.36699999999996	0.000575585035751857
1.36799999999996	0.000888223905167397
1.36899999999996	0.000556206453008331
1.36999999999996	0.00096637855612032
1.37099999999996	0.000902793060766241
1.37199999999996	0.000795744608934004
1.37299999999996	0.00101791580684385
1.37399999999996	0.000578099951375202
1.37499999999996	0.000784892795212223
1.37599999999996	0.000721222692175466
1.37699999999996	0.000539628981495765
1.37799999999996	0.000791848104951868
1.37899999999996	0.000526452083752826
1.37999999999996	0.0010360902552172
1.38099999999996	0.000929031323367242
1.38199999999996	0.000794350775478763
1.38299999999996	0.0010356985365698
1.38399999999996	0.000595493938268491
1.38499999999996	0.000726817477871426
1.38599999999996	0.000656461976493605
1.38699999999996	0.000581181697925697
1.38799999999996	0.000918505980713511
1.38899999999996	0.000572233476870005
1.38999999999996	0.0008754799450324
1.39099999999996	0.000815977146797679
1.39199999999996	0.000865896190795084
1.39299999999996	0.00118834171711658
1.39399999999996	0.000625456330952073
1.39499999999996	0.000603749305283321
1.39599999999996	0.00059113733714295
1.39699999999996	0.000615784562344605
1.39799999999996	0.000994358249698963
1.39899999999996	0.000597391218385329
1.39999999999996	0.00084245804918552
1.40099999999996	0.00081142950973173
1.40199999999996	0.000859810036357006
1.40299999999996	0.00116874886595511
1.40399999999996	0.000622552169508487
1.40499999999996	0.000672386396885619
1.40599999999996	0.000646878391091205
1.40699999999996	0.000572959857896705
1.40799999999996	0.000887574506993631
1.40899999999996	0.000560140793683376
1.40999999999996	0.000962166790727554
1.41099999999996	0.000906012544174833
1.41199999999996	0.000794660896268969
1.41299999999996	0.00102012670769351
1.41399999999996	0.000581279199007234
1.41499999999995	0.000773653007908073
1.41599999999995	0.000720670010916871
1.41699999999995	0.000540964031557967
1.41799999999995	0.000798704526797659
1.41899999999995	0.000531439315769329
1.41999999999995	0.00102458499758564
1.42099999999995	0.000928677908292614
1.42199999999995	0.000795057239444747
1.42299999999995	0.00104157492652921
1.42399999999995	0.000600006970560704
1.42499999999995	0.000717235395531492
1.42599999999995	0.000657006401972413
1.42699999999995	0.000580021821707672
1.42799999999995	0.000919793757517617
1.42899999999995	0.000577493219667303
1.42999999999995	0.000872840859612447
1.43099999999995	0.000821712545781895
1.43199999999995	0.000859919767278856
1.43299999999995	0.00118037959267014
1.43399999999995	0.000627829683403286
1.43499999999995	0.000606102834782421
1.43599999999995	0.000598635263804403
1.43699999999995	0.00060996729643128
1.43799999999995	0.000985902623436468
1.43899999999995	0.000599583044287911
1.43999999999995	0.000848049124314431
1.44099999999995	0.000821506644616772
1.44199999999995	0.000852277505922792
1.44299999999995	0.00115756099191487
1.44399999999995	0.000623516460180127
1.44499999999995	0.000674345584664392
1.44599999999995	0.000653727249391677
1.44699999999995	0.000570016424277635
1.44799999999995	0.000885464006912573
1.44899999999995	0.000563456637122947
1.44999999999995	0.000958483570330309
1.45099999999995	0.000909357906877848
1.45199999999995	0.000793739704896469
1.45299999999995	0.00102296043185869
1.45399999999995	0.000584823518841823
1.45499999999995	0.00076124968766775
1.45599999999995	0.00071857355450423
1.45699999999995	0.000542916995796898
1.45799999999995	0.000807394777165549
1.45899999999995	0.000537359162393192
1.45999999999995	0.00101064575130612
1.46099999999995	0.000926283650230438
1.46199999999995	0.000796847385356084
1.46299999999995	0.00105000792542947
1.46399999999995	0.00060524624697392
1.46499999999995	0.000705678072318704
1.46599999999995	0.000656367011365682
1.46699999999995	0.000579568343564494
1.46799999999995	0.000922572645190739
1.46899999999995	0.000583303378878888
1.46999999999995	0.000869212213140536
1.47099999999995	0.000826985112292832
1.47199999999995	0.000854213411336298
1.47299999999995	0.00117237532064589
1.47399999999995	0.000630020883434738
1.47499999999995	0.000609060796203849
1.47599999999995	0.000606867460061787
1.47699999999995	0.000603898686039107
1.47799999999995	0.000975937082551763
1.47899999999995	0.00060090124983127
1.47999999999995	0.000855234210848795
1.48099999999995	0.000833072724890138
1.48199999999995	0.000844037926982116
1.48299999999995	0.00114413065079639
1.48399999999995	0.000623811192461789
1.48499999999995	0.000677933531368145
1.48599999999995	0.00066186658605656
1.48699999999995	0.00056669495102585
1.48799999999995	0.000881648166114349
1.48899999999995	0.000566253907133892
1.48999999999995	0.000955993628492843
1.49099999999995	0.000913414573821921
1.49199999999995	0.000792615811403164
1.49299999999995	0.00102538239736784
1.49399999999995	0.000588591998146786
1.49499999999995	0.000748904226049688
1.49599999999995	0.000716777753699927
1.49699999999995	0.000545158615399919
1.49799999999995	0.000817124915158215
1.49899999999995	0.000544167013430227
1.49999999999995	0.000994961922306568
1.50099999999995	0.000922084014974567
1.50199999999995	0.000799548124444439
1.50299999999995	0.00106094379444006
1.50399999999995	0.00061140400680482
1.50499999999995	0.000691992672804355
1.50599999999994	0.000654258613340929
1.50699999999994	0.000579982262757317
1.50799999999994	0.000927624290448438
1.50899999999994	0.000590037615813814
1.50999999999994	0.000863595204935209
1.51099999999994	0.000830984688649857
1.51199999999994	0.00084939336510278
1.51299999999994	0.00116571512279759
1.51399999999994	0.000632532411515577
1.51499999999994	0.000611398097328094
1.51599999999994	0.00061493043477749
1.51699999999994	0.000598123099556987
1.51799999999994	0.000965922808384977
1.51899999999994	0.000602026765682204
1.51999999999994	0.00086296539641181
1.52099999999994	0.000845394658312611
1.52199999999994	0.000835510327422303
1.52299999999994	0.00112945550232918
1.52399999999994	0.000623686255937877
1.52499999999994	0.0006827610394524
1.52599999999994	0.000671159860350209
1.52699999999994	0.000563052216132752
1.52799999999994	0.00087616916351836
1.52899999999994	0.000568425936870083
1.52999999999994	0.000955045061588901
1.53099999999994	0.000918642498645289
1.53199999999994	0.000790907867899827
1.53299999999994	0.00102646263497615
1.53399999999994	0.000592134513895919
1.53499999999994	0.000737676775742799
1.53599999999994	0.000715581711774674
1.53699999999994	0.000547137861993822
1.53799999999994	0.000826370784111759
1.53899999999994	0.000551386805710378
1.53999999999994	0.000979326283177665
1.54099999999994	0.000917593194959148
1.54199999999994	0.000802225618535402
1.54299999999994	0.00107222830916838
1.54399999999994	0.00061825769984024
1.54499999999994	0.000677934160928355
1.54599999999994	0.000651731723081259
1.54699999999994	0.000580757716800861
1.54799999999994	0.000933935202228105
1.54899999999994	0.000597463897817734
1.54999999999994	0.000856546072284557
1.55099999999994	0.000833655002587877
1.55199999999994	0.00084552364655491
1.55299999999994	0.00116118495121967
1.55399999999994	0.000635816994886562
1.55499999999994	0.000611932688542029
1.55599999999994	0.00062172542544073
1.55699999999994	0.000593355157739732
1.55799999999994	0.000958076065789482
1.55899999999994	0.000603990911713184
1.55999999999994	0.000868796304246467
1.56099999999994	0.000856583995513981
1.56199999999994	0.000827888205605975
1.56299999999994	0.00111624998946248
1.56399999999994	0.000623959242007395
1.56499999999994	0.000686654544809023
1.56599999999994	0.000680200288525765
1.56699999999994	0.000559638592553967
1.56799999999994	0.000870570128816733
1.56899999999994	0.000570467113059116
1.56999999999994	0.00095486261760818
1.57099999999994	0.00092482403966277
1.57199999999994	0.000788558138723408
1.57299999999994	0.00102565645895794
1.57399999999994	0.000595334377336936
1.57499999999994	0.000728854419226931
1.57599999999994	0.000715999615377158
1.57699999999994	0.000548240944008236
1.57799999999994	0.000833033847670196
1.57899999999994	0.000558128825316807
1.57999999999994	0.000966586874216134
1.58099999999994	0.000914952657566548
1.58199999999994	0.000803750805904964
1.58299999999994	0.00108111632986757
1.58399999999994	0.000624638416389426
1.58499999999994	0.000665702057671555
1.58599999999994	0.000650209488515959
1.58699999999994	0.000581241615537437
1.58799999999994	0.000939752023319251
1.58899999999994	0.000604961337274193
1.58999999999994	0.000849097250646575
1.59099999999994	0.000835522081481959
1.59199999999994	0.000842349659459006
1.59299999999994	0.00115866886142377
1.59399999999994	0.000640074194966912
1.59499999999994	0.000610277178105146
1.59599999999994	0.000626838090290736
1.59699999999993	0.000589888098001722
1.59799999999993	0.00095349927809106
1.59899999999993	0.000607333892239905
1.59999999999993	0.000871650489680496
1.60099999999993	0.000865312420703621
1.60199999999993	0.00082187890967993
1.60299999999993	0.00110639439909774
1.60399999999993	0.000625265261349505
1.60499999999993	0.00068793390102518
1.60599999999993	0.000687763409335634
1.60699999999993	0.000557062753898245
1.60799999999993	0.000866574725574265
1.60899999999993	0.000573070048145703
1.60999999999993	0.000953701870255555
1.61099999999993	0.00093044227906656
1.61199999999993	0.000786201985686829
1.61299999999993	0.00102471419023543
1.61399999999993	0.000598612857790943
1.61499999999993	0.000720686772836618
1.61599999999993	0.0007172259493643
1.61699999999993	0.000548866924989835
1.61799999999993	0.000838105445472927
1.61899999999993	0.000564581694400278
1.61999999999993	0.000955838387083812
1.62099999999993	0.000913796547580968
1.62199999999993	0.000804266189449249
1.62299999999993	0.00108776773606749
1.62399999999993	0.000630510338523136
1.62499999999993	0.000655428978471295
1.62599999999993	0.000649965005001257
1.62699999999993	0.000581158632382282
1.62799999999993	0.000944136294770222
1.62899999999993	0.000612111426445468
1.62999999999993	0.000842418707853489
1.63099999999993	0.000837810686881592
1.63199999999993	0.000838994128664045
1.63299999999993	0.00115602789653802
1.63399999999993	0.000644440001715887
1.63499999999993	0.000608159133497769
1.63599999999993	0.000631568007825089
1.63699999999993	0.000586926473576579
1.63799999999993	0.000950013161744366
1.63899999999993	0.00061116175579231
1.63999999999993	0.000873016750608816
1.64099999999993	0.00087304868812946
1.64199999999993	0.000816634167802135
1.64299999999993	0.00109795842712175
1.64399999999993	0.000627088794449543
1.64499999999993	0.000687970662086874
1.64599999999993	0.000694743572253033
1.64699999999993	0.000554909543076769
1.64799999999993	0.000863206244623432
1.64899999999993	0.000575904464041975
1.64999999999993	0.000952115331937218
1.65099999999993	0.000935664469744909
1.65199999999993	0.000783840705249464
1.65299999999993	0.0010235761891924
1.65399999999993	0.000601968249907865
1.65499999999993	0.000713894511875911
1.65599999999993	0.000718808335673547
1.65699999999993	0.000549316776474828
1.65799999999993	0.000842440582757283
1.65899999999993	0.000570981174786726
1.65999999999993	0.000945996331181539
1.66099999999993	0.000913333184069432
1.66199999999993	0.000804287317086901
1.66299999999993	0.0010931996491007
1.66399999999993	0.00063609303970591
1.66499999999993	0.000646191103173885
1.66599999999993	0.000650403449248485
1.66699999999993	0.000580842444532898
1.66799999999993	0.000947852094240566
1.66899999999993	0.000619156187717401
1.66999999999993	0.000835980242466585
1.67099999999993	0.000840178762914844
1.67199999999993	0.000835587546683313
1.67299999999993	0.00115343352933891
1.67399999999993	0.000648941711692302
1.67499999999993	0.000605660949796646
1.67599999999993	0.000636047316327717
1.67699999999993	0.000584311499938129
1.67799999999993	0.000947340170487711
1.67899999999993	0.000615252733807946
1.67999999999993	0.000873284958397993
1.68099999999993	0.000880035933924594
1.68199999999993	0.000811871603917383
1.68299999999993	0.00109065066413432
1.68399999999993	0.000629576831980407
1.68499999999993	0.000686998067317898
1.68599999999993	0.000701273627724687
1.68699999999993	0.000553104539811981
1.68799999999992	0.000860193961537041
1.68899999999992	0.000578912708394167
1.68999999999992	0.000950162420032497
1.69099999999992	0.000940746953811691
1.69199999999992	0.0007814897032781
1.69299999999992	0.00102224769845146
1.69399999999992	0.0006053706409577
1.69499999999992	0.000708382592038662
1.69599999999992	0.00072067890454027
1.69699999999992	0.000549632429010955
1.69799999999992	0.000846234063490344
1.69899999999992	0.000577210040223398
1.69999999999992	0.000936962379957925
1.70099999999992	0.000913563078507858
1.70199999999992	0.000803786961728188
1.70299999999992	0.00109691658616488
1.70399999999992	0.000641350302474009
1.70499999999992	0.0006379242500946
1.70599999999992	0.000651410399869185
1.70699999999992	0.000579977457117932
1.70799999999992	0.00095116821080554
1.70899999999992	0.000626205190170624
1.70999999999992	0.00082947023922739
1.71099999999992	0.000842731922187569
1.71199999999992	0.000832315212593602
1.71299999999992	0.00115127984876518
1.71399999999992	0.000653723158539014
1.71499999999992	0.000602475194767237
1.71599999999992	0.000640126067361994
1.71699999999992	0.000582120945479368
1.71799999999992	0.000945473331815754
1.71899999999992	0.000619570404782137
1.71999999999992	0.000872485168969291
1.72099999999992	0.000886347237769857
1.72199999999992	0.000807498890577887
1.72299999999992	0.00108423100641242
1.72399999999992	0.000632351614852197
1.72499999999992	0.000685241280698603
1.72599999999992	0.000707034492631459
1.72699999999992	0.000551556737133486
1.72799999999992	0.000857364457142869
1.72899999999992	0.00058191265311037
1.72999999999992	0.00094826539793437
1.73099999999992	0.000946095883098508
1.73199999999992	0.000779014124255346
1.73299999999992	0.00102022042871652
1.73399999999992	0.000608615893192203
1.73499999999992	0.000703492804911414
1.73599999999992	0.000723156401610694
1.73699999999992	0.000549726345363873
1.73799999999992	0.000849178185278222
1.73899999999992	0.00058317146243344
1.73999999999992	0.000928811099214379
1.74099999999992	0.000914884988693012
1.74199999999992	0.000802849524653537
1.74299999999992	0.00109944566394545
1.74399999999992	0.000646265548655212
1.74499999999992	0.000630559172941176
1.74599999999992	0.000652940296485832
1.74699999999992	0.000578989388941454
1.74799999999992	0.000954088449019672
1.74899999999992	0.000633461787852828
1.74999999999992	0.000822915280519355
1.75099999999992	0.000845222381576783
1.75199999999992	0.000829119910048853
1.75299999999992	0.00114950909914571
1.75399999999992	0.000658765519476131
1.75499999999992	0.000598734988178931
1.75599999999992	0.000643862204731018
1.75699999999992	0.000580258868942599
1.75799999999992	0.000944239138032687
1.75899999999992	0.00062422780811962
1.75999999999992	0.000870787538069507
1.76099999999992	0.000892034464778045
1.76199999999992	0.000803525055264164
1.76299999999992	0.00107867933274292
1.76399999999992	0.000635437433788785
1.76499999999992	0.000682689862116802
1.76599999999992	0.000712192330512864
1.76699999999992	0.0005503114562323
1.76799999999992	0.000855107871786185
1.76899999999992	0.000585179611057154
1.76999999999992	0.000945819962654964
1.77099999999992	0.000951114660455905
1.77199999999992	0.000776700759285241
1.77299999999992	0.00101827986623467
1.77399999999992	0.000611909527261353
1.77499999999992	0.000698452960021021
1.77599999999992	0.000725634514317884
1.77699999999992	0.000549895369697246
1.77799999999991	0.000852012351744227
1.77899999999991	0.000589231256892723
1.77999999999991	0.000920769176709027
1.78099999999991	0.00091652744137493
1.78199999999991	0.000801736916660932
1.78299999999991	0.00110154176667146
1.78399999999991	0.00065106603511437
1.78499999999991	0.000623711390436427
1.78599999999991	0.000654807231123408
1.78699999999991	0.000577902056026157
1.78799999999991	0.000956569280032868
1.78899999999991	0.000640606347586596
1.78999999999991	0.000816574082396795
1.79099999999991	0.00084794667792771
1.79199999999991	0.000825766136279402
1.79299999999991	0.00114771248474439
1.79399999999991	0.000663831991675729
1.79499999999991	0.000595034145635389
1.79599999999991	0.000647680044713691
1.79699999999991	0.000578414074399317
1.79799999999991	0.00094295907367017
1.79899999999991	0.000629044145655226
1.79999999999991	0.000868983515979696
1.80099999999991	0.000897872855203762
1.80199999999991	0.000799587705095774
1.80299999999991	0.00107277704645827
1.80399999999991	0.000638311622659023
1.80499999999991	0.000680460660839657
1.80599999999991	0.00071777307939991
1.80699999999991	0.000548998427947595
1.80799999999991	0.000852025091981476
1.80899999999991	0.000588127246852128
1.80999999999991	0.000943931503346976
1.81099999999991	0.000956814695466083
1.81199999999991	0.000774269883060726
1.81299999999991	0.0010153207330214
1.81399999999991	0.000614991570138161
1.81499999999991	0.000694039236961187
1.81599999999991	0.00072862210289682
1.81699999999991	0.000549972101564265
1.81799999999991	0.000854407541990781
1.81899999999991	0.000595259148624186
1.81999999999991	0.000912801137861523
1.82099999999991	0.000918056336642547
1.82199999999991	0.000800654982888238
1.82299999999991	0.00110375724152127
1.82399999999991	0.000655978799010642
1.82499999999991	0.000616711857740022
1.82599999999991	0.000656361741278871
1.82699999999991	0.000577035814812628
1.82799999999991	0.000959685938011976
1.82899999999991	0.000648211993493101
1.82999999999991	0.000809460143690105
1.83099999999991	0.000850006215578567
1.83199999999991	0.000822669553035699
1.83299999999991	0.00114683506881919
1.83399999999991	0.000669403075542728
1.83499999999991	0.000590670985345352
1.83599999999991	0.000651061563227575
1.83699999999991	0.00057661912686065
1.83799999999991	0.00094202986868901
1.83899999999991	0.000633941795505462
1.83999999999991	0.000867030832966783
1.84099999999991	0.000903894189252193
1.84199999999991	0.000795648966778331
1.84299999999991	0.00106626841605449
1.84399999999991	0.000640853153697289
1.84499999999991	0.000678919863646948
1.84599999999991	0.000724150998327987
1.84699999999991	0.000547467505635214
1.84799999999991	0.000847610728988029
1.84899999999991	0.000590495729590914
1.84999999999991	0.000943212863088467
1.85099999999991	0.000963756518543664
1.85199999999991	0.000771375430812803
1.85299999999991	0.00101070135043357
1.85399999999991	0.00061787812106682
1.85499999999991	0.00069099066183674
1.85599999999991	0.000732797133668598
1.85699999999991	0.000549754859681763
1.85799999999991	0.0008552771027022
1.85899999999991	0.000600622022433805
1.85999999999991	0.000906082161785436
1.86099999999991	0.0009204965150891
1.86199999999991	0.000799198984989206
1.86299999999991	0.00110492294141589
1.86399999999991	0.000660520766732929
1.86499999999991	0.000610332340918342
1.86599999999991	0.000657887121630094
1.86699999999991	0.000576230463341932
1.86799999999991	0.000962912484676047
1.8689999999999	0.000656054036365537
1.8699999999999	0.000802377689469674
1.8709999999999	0.000851306069046516
1.8719999999999	0.000819983145997513
1.8729999999999	0.00114736987560143
1.8739999999999	0.000675712220252703
1.8749999999999	0.000585011216916469
1.8759999999999	0.000653314506848434
1.8769999999999	0.000575381164821981
1.8779999999999	0.000942866530744692
1.8789999999999	0.000639648704894945
1.8799999999999	0.000863246889715257
1.8809999999999	0.000908671383607942
1.8819999999999	0.000792473067520606
1.8829999999999	0.00106133507027713
1.8839999999999	0.000643997506966145
1.8849999999999	0.000675989234999622
1.8859999999999	0.00072964853706128
1.8869999999999	0.000546297148195454
1.8879999999999	0.000843820141626614
1.8889999999999	0.000593095988380023
1.8899999999999	0.000942137495482735
1.8909999999999	0.000970649036098038
1.8919999999999	0.000768477565725561
1.8929999999999	0.0010055340615692
1.8939999999999	0.000620791479778064
1.8949999999999	0.00068871306965569
1.8959999999999	0.000737851859509542
1.8969999999999	0.000549289351978534
1.8979999999999	0.000854979421787513
1.8989999999999	0.000605280122139797
1.8999999999999	0.000900986211450241
1.9009999999999	0.000924347301306457
1.9019999999999	0.000797070758531688
1.9029999999999	0.00110421988001825
1.9039999999999	0.000664484878478385
1.9049999999999	0.000605119380852365
1.9059999999999	0.000659941265263031
1.9069999999999	0.00057527496049507
1.9079999999999	0.000965625675705575
1.9089999999999	0.000663893059978622
1.9099999999999	0.000796426347324483
1.9109999999999	0.000852032412146261
1.9119999999999	0.000817651132831163
1.9129999999999	0.00114935225607162
1.9139999999999	0.000682692163646749
1.9149999999999	0.000577844715081575
1.9159999999999	0.000654160166533131
1.9169999999999	0.000574757778567917
1.9179999999999	0.000946023016134291
1.9189999999999	0.000646539966859164
1.9199999999999	0.000857062384352787
1.9209999999999	0.000911446393789889
1.9219999999999	0.000790235228527874
1.9229999999999	0.00105886437504927
1.9239999999999	0.000648087479170116
1.9249999999999	0.000670897200458984
1.9259999999999	0.000733746221153908
1.9269999999999	0.000545441121269374
1.9279999999999	0.000841247930042279
1.9289999999999	0.000596222425048256
1.9299999999999	0.000940199258594386
1.9309999999999	0.000977169280177007
1.9319999999999	0.000765661427691329
1.9329999999999	0.000999997864820164
1.9339999999999	0.000623548501968079
1.9349999999999	0.0006870303764635
1.9359999999999	0.000743615441238508
1.9369999999999	0.000548602204031309
1.9379999999999	0.000853372403701053
1.9389999999999	0.000609338274972049
1.9399999999999	0.000897379788351145
1.9409999999999	0.000929535036423854
1.9419999999999	0.000794336718874396
1.9429999999999	0.00110161987765851
1.9439999999999	0.000667913547502729
1.9449999999999	0.000601235813505882
1.9459999999999	0.000663016168341073
1.9469999999999	0.000574057351310566
1.9479999999999	0.000966832117704275
1.9489999999999	0.000671302094192124
1.9499999999999	0.000790914621659661
1.9509999999999	0.000853039070534492
1.9519999999999	0.000815295537219588
1.9529999999999	0.00115142486599983
1.9539999999999	0.000689857400875718
1.9549999999999	0.000570261808397385
1.9559999999999	0.000654405634092339
1.9569999999999	0.000574337705738009
1.9579999999999	0.000950117185101082
1.9589999999999	0.00065417298920461
1.95999999999989	0.000849421161030814
1.96099999999989	0.000912775935392602
1.96199999999989	0.000788649582877009
1.96299999999989	0.00105833534703431
1.96399999999989	0.000653059030755435
1.96499999999989	0.000664421409209561
1.96599999999989	0.000736184175976944
1.96699999999989	0.000544962208666671
1.96799999999989	0.00084058754049807
1.96899999999989	0.000600359487915876
1.96999999999989	0.000936230501087036
1.97099999999989	0.000982131619400744
1.97199999999989	0.000763393633762285
1.97299999999989	0.000995686575387148
1.97399999999989	0.000626805637453201
1.97499999999989	0.000684345623970429
1.97599999999989	0.000748881883487961
1.97699999999989	0.00054811385514437
1.97799999999989	0.00085208929819919
1.97899999999989	0.000613602205072648
1.97999999999989	0.000893615988706636
1.98099999999989	0.000935010085211342
1.98199999999989	0.000791352765441764
1.98299999999989	0.00109808215957608
1.98399999999989	0.000670978659795831
1.98499999999989	0.000598269738056882
1.98599999999989	0.00066702840604261
1.98699999999989	0.000572521238661284
1.98799999999989	0.000966496768785156
1.98899999999989	0.000677988604276184
1.98999999999989	0.000786547166410828
1.99099999999989	0.000855196704025512
1.99199999999989	0.000812418572827448
1.99299999999989	0.00115204508869052
1.99399999999989	0.000696667770741701
1.99499999999989	0.000563465109087419
1.99599999999989	0.000655093209209589
1.99699999999989	0.000573730779421812
1.99799999999989	0.000953473808790244
1.99899999999989	0.000661988142357512
2	0.000841291515140775
