"Time [s]"	"InducedVoltage(EndConnection) [mV]"
0	0
0.001	11.0072996636617
0.002	50.9235829509963
0.003	108.289639709658
0.004	172.592674013934
0.005	235.818259445384
0.006	305.250808880857
0.007	357.77824112938
0.008	363.501514704485
0.009	346.856156799179
0.01	309.413668536444
0.011	256.779576647973
0.012	192.087974538622
0.013	115.614430151704
0.014	9.47325975980901
0.015	-53.1026745230552
0.016	-112.682052569176
0.017	-155.767087741208
0.018	-172.756472912629
0.019	-167.573878181989
0.02	-144.793055579089
0.021	-104.646244931294
0.022	-2.49186860769432
0.023	88.2845059506879
0.024	142.482537887207
0.025	201.177500084251
0.026	229.95638551674
0.027	231.491597700157
0.028	194.074632163563
0.029	122.56300443258
0.03	5.52228523912615
0.031	-57.2592063994271
0.032	-126.648152003154
0.033	-179.815570200736
0.034	-217.766672221613
0.035	-229.599196987819
0.036	-228.096395099692
0.037	-206.781591128218
0.038	-167.284446921308
0.039	-142.979083006726
0.04	-85.9761274467309
0.041	-36.0484763773214
0.042	37.348759607722
0.043	105.249938175632
0.044	153.533804072967
0.045	193.872585220379
0.046	218.335639500638
0.047	231.274946589616
0.048	240.48274426721
0.049	182.111557798762
0.05	132.530864543758
0.051	75.8895379448267
0.052	6.63970185045418
0.053	-53.6484119949355
0.054	-113.079284432987
0.055	-148.678529580635
0.056	-178.237577648201
0.057	-207.947186107149
0.058	-198.752546653684
0.059	-211.341268223899
0.06	-207.177977354879
0.061	-165.981893413939
0.062	-121.915198925059
0.063	-121.045002833624
0.064	-75.8301991832771
0.065	-0.441593794914177
0.066	38.6375687352512
0.067	91.1862386754729
0.068	154.467960896042
0.069	186.717035559617
0.07	200.036657036587
0.071	192.595353032104
0.0720000000000001	205.734147457559
0.0730000000000001	193.15730895214
0.0740000000000001	144.59910011912
0.0750000000000001	96.445322822014
0.0760000000000001	59.6303202639592
0.0770000000000001	-1.85090423580978
0.0780000000000001	-79.3507418097444
0.0790000000000001	-94.6083315540858
0.0800000000000001	-137.946157341759
0.0810000000000001	-173.26339224442
0.0820000000000001	-222.30123940263
0.0830000000000001	-231.55358477659
0.0840000000000001	-307.740989966147
0.0850000000000001	-266.212688727577
0.0860000000000001	-314.526759374938
0.0870000000000001	-244.897688334428
0.0880000000000001	-251.071141085641
0.0890000000000001	-202.945187972171
0.0900000000000001	-167.117866470111
0.0910000000000001	-118.361024691352
0.0920000000000001	-65.0157328480142
0.0930000000000001	-79.6060373263421
0.0940000000000001	-19.9911741637413
0.0950000000000001	35.5385354613574
0.0960000000000001	77.2115050397559
0.0970000000000001	127.203012133666
0.0980000000000001	102.572996919552
0.0990000000000001	134.098856816191
0.1	144.662524128994
0.101	150.946008621847
0.102	168.882408129888
0.103	162.671289192357
0.104	148.156842322909
0.105	135.977883097022
0.106	100.784725832514
0.107	93.4336060199356
0.108	115.878039678548
0.109	57.9840582138867
0.11	18.1735872778889
0.111	47.0316881421321
0.112	11.6277493322711
0.113	19.3973201385864
0.114	-8.69326909597808
0.115	-5.49346948822398
0.116	-15.4132640031218
0.117	4.40556092583537
0.118	-30.3451018622927
0.119	-16.660399253897
0.12	-18.9014532730764
0.121	-10.1365208225121
0.122	-1.89256074325551
0.123	-32.0986700237161
0.124	-14.0277129477
0.125	-3.29884974793054
0.126	-3.02763642121375
0.127	-7.1382288000842
0.128	9.19645092593781
0.129	22.2305532391327
0.13	20.1145225380559
0.131	33.7506646449224
0.132	48.1308638698079
0.133	45.8422336439587
0.134	63.0795731359798
0.135	66.5253284857891
0.136	61.5261805398408
0.137	74.0801775276879
0.138	76.0251594427413
0.139	70.4210111102462
0.14	70.7414341202736
0.141	79.663775789014
0.142	79.2058691186188
0.143	59.7861165554095
0.144	73.2612306554811
0.145	85.1209992662255
0.146	69.503726410014
0.147	55.1450174643146
0.148	74.9034157483432
0.149	76.3389652614068
0.15	68.1026116193866
0.151	57.619042376513
0.152	52.9466975703837
0.153	45.8843011578122
0.154	50.8783983030601
0.155	59.4492361385471
0.156	49.44958889724
0.157	43.3975178294244
0.158	29.2200404977809
0.159	29.7976119316094
0.16	14.2415651021664
0.161	7.4411928225643
0.162	3.41316086856398
0.163	2.19700831977912
0.164	2.40467015159276
0.165	-2.91854922239692
0.166	4.48046831416594
0.167	-10.9641491259846
0.168	-16.4501747531355
0.169	-21.3479373357165
0.17	-14.2353679335977
0.171	-11.1534066620004
0.172	-6.61078378442819
0.173	-10.2462475102456
0.174	-18.7345385801591
0.175	-7.6484412713726
0.176	2.28456935364623
0.177	-0.0425235392176315
0.178	-4.65820439825033
0.179	2.22071508787719
0.18	13.0684380812312
0.181	12.9493124788739
0.182	1.59683922311199
0.183	12.9167233074733
0.184	27.9671633898692
0.185	15.2706170049102
0.186	12.9076513616377
0.187	24.6013173101
0.188	28.8100997422203
0.189	25.2614410832532
0.19	16.1770070357791
0.191	23.3951027056446
0.192	37.937581968983
0.193	28.8237594982862
0.194	20.6356613839539
0.195	18.6332072815245
0.196	26.5613889626278
0.197	27.1774682467818
0.198	21.3778456993746
0.199	18.3518845383712
0.2	8.52000109184941
0.201	6.81062015305683
0.202	10.7764877174355
0.203	10.4361538532543
0.204	13.7598262992854
0.205	-1.37066913682982
0.206	-3.75974985688697
0.207	-10.3304697962824
0.208	-8.38897973762893
0.209	-6.50623120452198
0.21	-5.07818566445164
0.211	-6.59991185366715
0.212	-19.0323965413028
0.213	-18.2873607367088
0.214	-14.8719027539901
0.215	-12.0403638985329
0.216	-7.75435656471526
0.217	-13.6349171699604
0.218	-19.0168115116601
0.219	-10.6798750705455
0.22	-6.67269292870714
0.221	-2.18725534443772
0.222	-11.4243640353868
0.223	-8.90896445444444
0.224	-0.249745251192264
0.225	5.94337500170287
0.226	1.68021633817914
0.227	-3.31919289528948
0.228	3.48741144913685
0.229	15.9089491450779
0.23	10.0904716992278
0.231	2.05649928525144
0.232	8.30174442257746
0.233	18.6831809786815
0.234	16.0639920314368
0.235	7.02026369031302
0.236	8.28289353439369
0.237	12.9743272914173
0.238	17.213877267139
0.239	16.2957078633456
0.24	6.34269569371303
0.241	4.22956417564036
0.242	9.1394727469254
0.243	12.4685643885579
0.244	12.0025649166834
0.245	1.07400906054897
0.246	-1.45236774880481
0.247	-1.92395464260588
0.248	-0.793216018078226
0.249	4.8154566025531
0.25	0.762048981455248
0.251	-6.88191057346627
0.252	-12.1891115052756
0.253	-8.28730072923063
0.254	-4.91549681062376
0.255	-5.14368017400044
0.256	-7.90326649382968
0.257	-13.5969652222336
0.258	-14.0328751928472
0.259	-8.28609964819652
0.26	-4.39866027629769
0.261	-5.92425998309975
0.262	-13.5177386703508
0.263	-10.984340221266
0.264	-4.37392230458449
0.265	0.276846434909585
0.266	-2.17947370004809
0.267	-9.45043251560735
0.268	-4.18588987651002
0.269	3.26761760627986
0.27	7.67322954202355
0.271	-1.33759173855889
0.272	-2.68006314820164
0.273	5.24393135141682
0.274	12.4346818359761
0.275	5.85061117653728
0.276	1.27595578894085
0.277	4.60931488371853
0.278	7.1794178734914
0.279	17.4639859370444
0.28	6.14207721399886
0.281	1.48575979009224
0.282	3.90112657081909
0.283	9.77201891392892
0.284	14.461770526962
0.285	2.39976245646574
0.286	0.474619637234625
0.287	1.49821758453888
0.288	3.90169857734067
0.289	9.13905242303295
0.29	3.32360817908127
0.291	-4.60760105817524
0.292	-5.62041940073508
0.293	-0.843547129868692
0.294	0.975424581884255
0.295	1.42429007667349
0.296	-6.45046245767054
0.297	-9.42127602960533
0.298	-7.62921535820077
0.299	-2.89488880844419
0.3	0.489645645686439
0.301	-6.53439008729915
0.302	-12.4278352790158
0.303	-8.10169901088557
0.304	-3.66100108451688
0.305	-0.488378736045007
0.306	-3.65644472666163
0.307	-10.5577462436251
0.308	-6.28597111628892
0.309	-0.372491117265998
0.31	4.23090546715918
0.311	-3.22588543120571
0.312	-7.21182790908896
0.313	-0.204407928774703
0.314	4.26633249371198
0.315	5.38645967259992
0.316	-1.61251689962316
0.317	-1.27272977856058
0.318	2.42805036019785
0.319	11.3384424283618
0.32	5.65846838508936
0.321	-0.861212112872409
0.322	0.675298234972636
0.323	5.84809809578164
0.324	12.5473806971074
0.325	2.79156224185315
0.326	0.160291994431155
0.327	0.722174515570273
0.328	3.87356413592563
0.329	10.7240381826005
0.33	4.60765422004815
0.331	-3.02252122426653
0.332	-2.51388860134354
0.333	2.07277969643642
0.334	6.60508577764651
0.335	1.41672949290289
0.336	-4.20366873721354
0.337	-5.59839885735068
0.338	-3.36537623413366
0.339	1.95741124888035
0.34	3.20333356104924
0.341	-5.41153249662349
0.342	-9.78136939359595
0.343	-5.11144341868493
0.344	-0.298615040508245
0.345	-0.337217072693581
0.346	-3.42700009628612
0.347	-9.76121216030284
0.348	-5.81122499576994
0.349	-0.768019908118072
0.35	3.42437440698992
0.351	-4.2402969397887
0.352	-8.78128282177622
0.353	-2.59077551548583
0.354	1.02119162159568
0.355	4.31843612674204
0.356	-2.79683504608242
0.357	-4.51565400166063
0.358	-1.21992954842283
0.359	6.60563250444186
0.36	5.72155083571101
0.361	-2.03864229277083
0.362	-2.95242873738204
0.363	2.85311898956661
0.364	8.78366766417314
0.365	3.22255156124003
0.366	-0.489285940550102
0.367	-0.935316718316155
0.368	2.43839782838656
0.369	9.76359536848789
0.37	5.63699582215331
0.371	-2.70708870580639
0.372	-2.19202396054734
0.373	2.89143953537824
0.374	7.9056305961429
0.375	2.36047696001995
0.376	-3.01872915040588
0.377	-3.49429278722431
0.378	-1.04429842557327
0.379	5.00561207570369
0.38	3.76298853371369
0.381	-4.0972290648515
0.382	-7.1637991505575
0.383	-2.91151701480421
0.384	3.03532166537335
0.385	0.579232411380623
0.386	-2.87152507521312
0.387	-8.25169336674718
0.388	-4.58585501253916
0.389	0.685989689352007
0.39	4.15298250005733
0.391	-4.4679306782547
0.392	-8.55312610909464
0.393	-2.80986179167003
0.394	0.385951411567467
0.395	3.94786178234451
0.396	-3.53447449785585
0.397	-5.63177449659823
0.398	-2.90267136284286
0.399	4.05537090949776
0.4	5.2981738036216
0.401	-2.58335017867773
0.402	-5.25945755967122
0.403	0.235838991991671
0.404	6.82151000619413
0.405	2.69463130702675
0.406	-0.639603861926803
0.407	-2.919672559905
0.408	0.922949060521566
0.409	8.09605479097641
0.41	5.40727101401486
0.411	-2.48014891062126
0.412	-3.17548276509419
0.413	2.6502023732322
0.414	7.58328705480855
0.415	3.06060939208024
0.416	-2.5971470492903
0.417	-2.89174682021947
0.418	-0.217200973478583
0.419	6.24481335617178
0.42	4.26807615518847
0.421	-3.28182718492553
0.422	-5.77125173765883
0.423	-1.22842585130673
0.424	4.87426226295417
0.425	1.05626611750752
0.426	-1.97303153043771
0.427	-6.73483849627154
0.428	-3.19935303833485
0.429	2.37397501703278
0.43	4.17699585628485
0.431	-4.12025750525782
0.432	-7.69040730733963
0.433	-2.11284310070413
0.434	0.823232169364085
0.435	3.68904935631924
0.436	-3.57339099921672
0.437	-5.85925238045766
0.438	-3.35265276992869
0.439	3.19127934247628
0.44	4.95827669869933
0.441	-2.91900317490358
0.442	-6.35624493798516
0.443	-0.988186308433902
0.444	5.45577568001167
0.445	2.6299891594285
0.446	-1.12760288082606
0.447	-4.25056002245714
0.448	-0.517493682144436
0.449	6.52390715106524
0.45	5.395247177038
0.451	-2.73084792452513
0.452	-4.23690287559321
0.453	2.10177604425578
0.454	6.39549751838128
0.455	3.62567693337279
0.456	-2.53212742274073
0.457	-3.14560879041085
0.458	-0.183851019676991
0.459	6.4689913212017
0.46	4.70843308579636
0.461	-2.89438682060141
0.462	-5.09296908707746
0.463	-0.393293313718807
0.464	5.70706247546163
0.465	1.68428061858615
0.466	-1.66251321349941
0.467	-5.61507785965627
0.468	-2.1005994027181
0.469	3.40195011362633
0.47	4.59130380242112
0.471	-3.79122945515448
0.472	-6.82115250892753
0.473	-1.28099333379693
0.474	1.45546054191323
0.475	3.74979864854481
0.476	-3.45543133732987
0.477	-5.57401485212598
0.478	-3.23160060306969
0.479	3.13430777826307
0.48	4.82373783644487
0.481	-3.06491251901228
0.482	-6.75940391138292
0.483	-1.49705082581756
0.484	4.63607141189737
0.485	2.53125932643452
0.486	-1.38660845208551
0.487	-5.22749587953623
0.488	-1.46588368043305
0.489	5.34077168731642
0.49	5.40095082673204
0.491	-2.94470447058989
0.492	-4.93200354257642
0.493	1.18417870973884
0.494	5.04540649039643
0.495	3.97638830332845
0.496	-2.50642595502927
0.497	-3.53524556143863
0.498	-0.60508623170568
0.499	6.21288231508841
0.5	5.04698587281685
0.501	-2.71298095169724
0.502	-4.98146032087499
0.503	-0.145906396515575
0.504	6.05537974262584
0.505	2.0452349126592
0.506	-1.37893245250259
0.507	-5.06451338795144
0.508	-1.43842670657186
0.509	4.2625947558419
0.51	4.97943907953619
0.511	-3.59354951719789
0.512	-6.22230527436455
0.513	-0.605704070196118
0.514	2.25957108929186
0.515	3.93955972310348
0.516	-3.38973612634989
0.517	-5.14542120251971
0.518	-2.9229368427486
0.519	3.46420024274503
0.52	4.84202635369453
0.521	-3.08286547391276
0.522	-6.77409586006747
0.523	-1.64749499546868
0.524	4.36567431438134
0.525	2.41134228987604
0.526	-1.48900772883659
0.527	-5.71673538083892
0.528	-1.91912753457792
0.529	4.49071199517268
0.53	5.39992075676695
0.531	-2.98438963205853
0.532	-5.46490220716287
0.533	0.40636889229095
0.534	4.02292600172561
0.535	4.13024515350533
0.536	-2.61142549074899
0.537	-3.77535165994826
0.538	-1.16301655386612
0.539	5.69119428734223
0.54	5.35213853349991
0.541	-2.64776253829872
0.542	-5.16340054850352
0.543	-0.246230898150179
0.544	6.1129274099821
0.545	2.21499504831323
0.546	-1.14706412325354
0.547	-4.88660224852704
0.548	-1.18371753150088
0.549	4.66347697904027
0.55	5.26169106475306
0.551	-3.38667556861599
0.552	-5.85810040195332
0.553	-0.15670837327092
0.554	2.83161098058255
0.555	4.08812275050179
0.556	-3.22150955735494
0.557	-4.80767628814041
0.558	-2.60787038356119
0.559	3.84634363972307
0.56	4.9334848905222
0.561	-3.01332715835385
0.562	-6.63175692026735
0.563	-1.59606033997301
0.564	4.36598782687855
0.565	2.40507796528747
0.566	-1.49665960074048
0.567	-5.88348072061125
0.568	-2.09729731992948
0.569	4.06187796840032
0.57	5.42903870622089
0.571	-3.00779791450679
0.572	-5.79273163202982
0.573	-0.0686722080121133
0.574	3.35889205904834
0.575	4.30943676627384
0.576	-2.78624264988181
0.577	-3.98234783592849
0.578	-1.62021729317773
0.579	5.15184223100207
0.58	5.56267656692941
0.581	-2.64892495225374
0.582	-5.39848801087281
0.583	-0.519740545008602
0.584	5.99711040440111
0.585	2.28136642341356
0.586	-0.967684353862797
0.587	-4.93491758927741
0.588	-1.20127284185517
0.589	4.69718923729479
0.59	5.44804683518972
0.591	-3.20737820356859
0.592	-5.6915989408257
0.593	0.0393507751678818
0.594	3.09726921602889
0.595	4.23650438826284
0.596	-3.03832573784156
0.597	-4.57882715589226
0.598	-2.38750724455448
0.599	4.11732594190898
0.6	5.08178311565228
0.601	-2.89632298751527
0.602	-6.45442602699919
0.603	-1.4751778791987
0.604	4.48483493349769
0.605	2.4824060242323
0.606	-1.44088763102089
0.607	-5.86555911923211
0.608	-2.13121937103766
0.609	3.92435395683626
0.61	5.48470147713467
0.611	-2.98232604613617
0.612	-5.95457771577048
0.613	-0.28512019025536
0.614	2.95646920832338
0.615	4.45931035706216
0.616	-2.87059669496501
0.617	-4.12708173148013
0.618	-1.92939263498433
0.619	4.77621733367597
0.62	5.64279311852803
0.621	-2.64837788208419
0.622	-5.56832071289251
0.623	-0.844854678288057
0.624	5.79984769743472
0.625	2.31764169388157
0.626	-0.831693960250124
0.627	-5.08986114764907
0.628	-1.35548779211419
0.629	4.5408868881722
0.63	5.55817351827626
0.631	-3.05949855991961
0.632	-5.66340107615269
0.633	0.0484024411107065
0.634	3.12689082176791
0.635	4.39214747566512
0.636	-2.87864676974583
0.637	-4.46481692359651
0.638	-2.27763884221325
0.639	4.26863998529781
0.64	5.22706845810681
0.641	-2.76801131518945
0.642	-6.31263272939889
0.643	-1.36423267470005
0.644	4.61223379330349
0.645	2.59242779066752
0.646	-1.34568122061576
0.647	-5.78277153674613
0.648	-2.0953716907985
0.649	3.92575843266053
0.65	5.56376218827396
0.651	-2.91973329367154
0.652	-5.99409419296424
0.653	-0.366738926228707
0.654	2.76417933708006
0.655	4.58230107767922
0.656	-2.88074468385085
0.657	-4.21025533135994
0.658	-2.10324961118745
0.659	4.52707096535929
0.66	5.68942719969675
0.661	-2.56781902872828
0.662	-5.76988815948875
0.663	-1.09856239602531
0.664	5.59376204610973
0.665	2.36413790949451
0.666	-0.746906830594377
0.667	-5.25065523610023
0.668	-1.55960701822598
0.669	4.30455616068663
0.67	5.64179438466809
0.671	-2.93102468492453
0.672	-5.71201617322785
0.673	-0.0547174049373052
0.674	3.02097573155096
0.675	4.53430870428918
0.676	-2.74774433156166
0.677	-4.43443332555013
0.678	-2.25998386425884
0.679	4.30751580209054
0.68	5.35524655863534
0.681	-2.64645279537002
0.682	-6.23018001784902
0.683	-1.2910889200168
0.684	4.69201802366214
0.685	2.70295142310115
0.686	-1.23343319425153
0.687	-5.70284500632078
0.688000000000001	-2.04027719212518
0.689000000000001	3.96271131776265
0.690000000000001	5.66542786436999
0.691000000000001	-2.83487285291165
0.692000000000001	-5.97566917026312
0.693000000000001	-0.380381114314064
0.694000000000001	2.685843233641
0.695000000000001	4.69462938678181
0.696000000000001	-2.83930148643925
0.697000000000001	-4.23767121996051
0.698000000000001	-2.19619798372218
0.699000000000001	4.39318958334739
0.700000000000001	5.72339092868657
0.701000000000001	-2.47436649869134
0.702000000000001	-5.9186884941412
0.703000000000001	-1.27112381622394
0.704000000000001	5.42287786546363
0.705000000000001	2.43141583339658
0.706000000000001	-0.702014044575393
0.707000000000001	-5.3833785125996
0.708000000000001	-1.75281700806043
0.709000000000001	4.18161739183711
0.710000000000001	5.65728468785581
0.711000000000001	-2.85996413181997
0.712000000000001	-5.79485415119372
0.713000000000001	-0.171233783965042
0.714000000000001	2.83272157327328
0.715000000000001	4.64529859592897
0.716000000000001	-2.62564055649415
0.717000000000001	-4.46147519923877
0.718000000000001	-2.2985640782602
0.719000000000001	4.26005428453896
0.720000000000001	5.46431319045377
0.721000000000001	-2.53696754549211
0.722000000000001	-6.20134550023601
0.723000000000001	-1.25943970034686
0.724000000000001	4.71449744665403
0.725000000000001	2.79886902553256
0.726000000000001	-1.11982327872769
0.727000000000001	-5.65434723747349
0.728000000000001	-1.99348776259425
0.729000000000001	3.98062196665418
0.730000000000001	5.78120042025532
0.731000000000001	-2.74140153920435
0.732000000000001	-5.94588312200764
0.733000000000001	-0.37072130816768
0.734000000000001	2.64845865438493
0.735000000000001	4.80921206802475
0.736000000000001	-2.77394552094601
0.737000000000001	-4.23416351518673
0.738000000000001	-2.24034861332498
0.739000000000001	4.31670578180353
0.740000000000001	5.79226270822812
0.741000000000001	-2.40720085121094
0.742000000000001	-6.00842202618359
0.743000000000001	-1.37471567496043
0.744000000000001	5.28534283448113
0.745000000000001	2.50578705523379
0.746000000000001	-0.667338347602742
0.747000000000001	-5.48912568688322
0.748000000000001	-1.90269971466189
0.749000000000001	4.10445065067563
0.750000000000001	5.67033408499246
0.751000000000001	-2.80492674016196
0.752000000000001	-5.87948746409326
0.753000000000001	-0.284881196509559
0.754000000000001	2.63971599842377
0.755000000000001	4.723289327034
0.756000000000001	-2.50722717617773
0.757000000000001	-4.51579091175457
0.758000000000001	-2.3556899844397
0.759000000000001	4.14577501260758
0.760000000000001	5.57042497378001
0.761000000000001	-2.43664302726531
0.762000000000001	-6.20849013605821
0.763000000000001	-1.26859554852544
0.764000000000001	4.70237550008771
0.765000000000001	2.87834439041462
0.766000000000001	-1.01100708880782
0.767000000000001	-5.63929117867101
0.768000000000001	-1.96354104542657
0.769000000000001	3.9635023442652
0.770000000000001	5.90318957373413
0.771000000000001	-2.64859611274386
0.772000000000001	-5.92386663002091
0.773000000000001	-0.362857697392555
0.774000000000001	2.61663962234076
0.775000000000001	4.92855720633659
0.776000000000001	-2.69832412114635
0.777000000000001	-4.21935970155822
0.778000000000001	-2.267694575057
0.779000000000001	4.27460609716841
0.780000000000001	5.89962927801443
0.781000000000001	-2.37692518804435
0.782000000000001	-6.05389616822232
0.783000000000001	-1.43778125872001
0.784000000000001	5.18959817463272
0.785000000000001	2.57307180408055
0.786000000000001	-0.634746355963368
0.787000000000001	-5.55737921543705
0.788000000000001	-2.01754613678986
0.789000000000001	4.02894839930364
0.790000000000001	5.70501164223183
0.791000000000001	-2.74882981173919
0.792000000000001	-5.95068607169057
0.793000000000001	-0.391125282355863
0.794000000000001	2.47662387700817
0.795000000000001	4.78435041460085
0.796000000000001	-2.39844179727696
0.797000000000001	-4.57214602488315
0.798000000000001	-2.42582543220167
0.799000000000001	4.02335509426836
0.800000000000001	5.65766688193905
0.801000000000001	-2.34690819530571
0.802000000000001	-6.23317884707909
0.803000000000001	-1.2983339635203
0.804000000000001	4.66113763588185
0.805000000000001	2.94170124957903
0.806000000000001	-0.91011130928971
0.807000000000001	-5.63525193217384
0.808000000000001	-1.96092506870357
0.809000000000001	3.91237019590129
0.810000000000001	6.02694226614327
0.811000000000001	-2.5607089060983
0.812000000000001	-5.91741944035162
0.813000000000001	-0.366436804411993
0.814000000000001	2.5727852869359
0.815000000000001	5.05166398355548
0.816000000000001	-2.62122960898543
0.817000000000001	-4.20477763575077
0.818000000000001	-2.28564251164489
0.819000000000001	4.23911784756467
0.820000000000001	6.00608810240105
0.821000000000001	-2.34206724824626
0.822000000000001	-6.07573791124244
0.823000000000001	-1.48471482398294
0.824000000000001	5.11781255968383
0.825000000000001	2.63825333563601
0.826000000000001	-0.600508008445546
0.827000000000001	-5.60312198961011
0.828000000000001	-2.0895583375093
0.829000000000001	3.92094960372218
0.830000000000001	5.76450629649313
0.831000000000001	-2.68955852658669
0.832000000000001	-6.01979529603162
0.833000000000001	-0.483191268568165
0.834000000000001	2.34655160134736
0.835000000000001	4.83896372975752
0.836000000000001	-2.28612752062101
0.837000000000001	-4.63000360738158
0.838000000000001	-2.51231572677641
0.839000000000001	3.89774622281671
0.840000000000001	5.73517366325282
0.841000000000001	-2.26498936125186
0.842000000000001	-6.26600377450935
0.843000000000001	-1.34303711409305
0.844000000000001	4.60102160641448
0.845000000000001	2.99367722882225
0.846000000000001	-0.815442598103063
0.847000000000001	-5.64270720366687
0.848000000000001	-1.97375415531692
0.849000000000001	3.83542578489843
0.850000000000001	6.15167244155841
0.851000000000001	-2.50165559917154
0.852000000000001	-5.89436610994986
0.853000000000001	-0.38246920211699
0.854000000000001	2.52002394468976
0.855000000000001	5.17552310856997
0.856000000000001	-2.54214553466452
0.857000000000001	-4.19374152331627
0.858000000000001	-2.30005303745616
0.859000000000001	4.21002414921533
0.860000000000001	6.1087753084688
0.861000000000001	-2.30428310364281
0.862000000000001	-6.08402563442899
0.863000000000001	-1.52164919571974
0.864000000000001	5.05421415671536
0.865000000000001	2.71090167421094
0.866000000000001	-0.562543730699312
0.867000000000001	-5.63666603395786
0.868000000000001	-2.14908123199976
0.869000000000001	3.82170524732646
0.870000000000001	5.8333473551787
0.871000000000001	-2.62258268934976
0.872000000000001	-6.08212496899145
0.873000000000001	-0.567218779486643
0.874000000000001	2.24488573629094
0.875000000000001	4.90425320862596
0.876000000000001	-2.19497033692286
0.877000000000001	-4.6885472936224
0.878000000000001	-2.6091997378133
0.879000000000001	3.78726197948357
0.880000000000001	5.80160056936913
0.881000000000001	-2.18881723272136
0.882000000000001	-6.30252674602844
0.883000000000001	-1.39925877821372
0.884000000000001	4.56641151677
0.885000000000001	3.0082090685243
0.886000000000001	-0.733855331878398
0.887000000000001	-5.65901485826336
0.888000000000001	-2.00062107119647
0.889000000000001	3.73963093692206
0.890000000000001	6.27584135587389
0.891000000000001	-2.45389996669093
0.892000000000001	-5.87629202820602
0.893000000000001	-0.40763363525452
0.894000000000001	2.45866716742319
0.895000000000001	5.29659458083477
0.896000000000001	-2.46179167538241
0.897000000000001	-4.18742793611591
0.898000000000001	-2.31880673590796
0.899000000000001	4.18614616680716
0.900000000000001	6.20622772587454
0.901000000000001	-2.26608980186073
0.902000000000001	-6.08718951607612
0.903000000000001	-1.54699822234056
0.904000000000001	4.98989129456588
0.905000000000001	2.79013738209823
0.906000000000001	-0.524693191854188
0.907000000000001	-5.65818985290723
0.908000000000001	-2.19753715704476
0.909000000000001	3.72670314597624
0.910000000000001	5.91252471329436
0.911000000000001	-2.55436812430284
0.912000000000001	-6.13352107644042
0.913000000000001	-0.645361302139755
0.914000000000001	2.1664833303142
0.915000000000001	4.96339094038832
0.916000000000001	-2.10414079701788
0.917000000000001	-4.74331285148189
0.918000000000001	-2.70230291722455
0.919000000000001	3.69595834478651
0.920000000000001	5.85688875058814
0.921000000000001	-2.11757004414106
0.922000000000001	-6.35071970125824
0.923000000000001	-1.45642684783176
0.924000000000001	4.54334104396095
0.925000000000001	3.00830392782657
0.926000000000001	-0.658629796635585
0.927000000000001	-5.67747631678023
0.928000000000001	-2.03506604846406
0.929000000000001	3.63450850239143
0.930000000000001	6.39704530476688
0.931000000000001	-2.4100822607221
0.932000000000001	-5.86292981449724
0.933000000000001	-0.44132875371989
0.934000000000001	2.39042598506245
0.935000000000001	5.41081116110786
0.936000000000001	-2.38201832609714
0.937000000000001	-4.18518923897158
0.938000000000001	-2.34198606626932
0.939000000000001	4.1542066211769
0.940000000000001	6.30538375799832
0.941000000000001	-2.22963344292081
0.942000000000001	-6.08973231423088
0.943000000000001	-1.56721485115863
0.944000000000001	4.92041960927945
0.945000000000001	2.87454987304026
0.946000000000001	-0.487922791808648
0.947000000000001	-5.67542503072775
0.948000000000001	-2.24211964884591
0.949000000000001	3.63474012188671
0.950000000000001	6.00053911148542
0.951000000000001	-2.48706178852332
0.952000000000001	-6.17151240969206
0.953000000000001	-0.723141992390718
0.954000000000001	2.10684565596971
0.955000000000001	5.03784936883378
0.956000000000001	-2.05346356661794
0.957000000000001	-4.77178446832687
0.958000000000001	-2.78891964195643
0.959000000000001	3.61365660438064
0.960000000000001	5.91172834571484
0.961000000000001	-2.04873890494216
0.962000000000001	-6.39117683479953
0.963000000000001	-1.51213429556984
0.964000000000001	4.51547458069079
0.965000000000001	3.01384087592407
0.966000000000001	-0.578586877437049
0.967000000000001	-5.70307967027138
0.968000000000001	-2.06279767776081
0.969000000000001	3.52554936283982
0.970000000000001	6.51430438823467
0.971000000000001	-2.36827889339014
0.972000000000001	-5.85453319829326
0.973000000000001	-0.475077777634374
0.974000000000001	2.32355999150438
0.975000000000001	5.51526119843982
0.976000000000001	-2.30187288280566
0.977000000000001	-4.19188345618165
0.978000000000001	-2.36978953461206
0.979000000000001	4.07949090372407
0.980000000000001	6.40438979643059
0.981000000000001	-2.16587029489229
0.982000000000001	-6.09242072133675
0.983000000000001	-1.59207992986429
0.984000000000001	4.85344410439473
0.985000000000001	2.95914251096296
0.986000000000001	-0.454574801714465
0.987000000000001	-5.67974815304014
0.988000000000001	-2.29608225984623
0.989000000000001	3.54704294844733
0.990000000000001	6.09416950994156
0.991000000000001	-2.42311519219399
0.992000000000001	-6.20143564358583
0.993000000000001	-0.799617404362123
0.994000000000001	2.05122378204876
0.995000000000001	5.12024786754328
0.996000000000001	-2.03056673372818
0.997000000000001	-4.78767080907324
0.998000000000001	-2.87003198116628
0.999000000000001	3.54491531241339
1	5.95893801907553
1.001	-1.98371224078772
1.002	-6.42461886665811
1.003	-1.56527007953017
1.004	4.48235398384147
1.005	3.02669278980398
1.006	-0.501016869344003
1.007	-5.72252011839768
1.008	-2.09194487574412
1.009	3.42419699735953
1.01	6.61616342058618
1.011	-2.31223632002299
1.012	-5.84895899056895
1.013	-0.5078046328706
1.014	2.26677568179083
1.015	5.60736434216573
1.016	-2.21808864482803
1.017	-4.20175017589982
1.018	-2.39986130085197
1.019	4.0055636365199
1.02	6.49393904978259
1.021	-2.10059869649613
1.022	-6.09618359592029
1.023	-1.61676217558552
1.024	4.78036941402001
1.025	3.04288800608314
1.026	-0.420530186716686
1.027	-5.68432527505618
1.028	-2.34910437770745
1.029	3.46102415733083
1.03	6.18844544392986
1.031	-2.36146985780564
1.032	-6.22805400403697
1.033	-0.877465639252239
1.034	1.99801964614107
1.035	5.2016891569852
1.036	-2.00953518135613
1.037	-4.79529999633998
1.038	-2.94595205725797
1.039	3.48251978302778
1.04	6.00332342105868
1.041	-1.90364267830699
1.042	-6.47204484012596
1.043	-1.61016937447623
1.044	4.43904914730316
1.045	3.04931696002439
1.046	-0.42687037850233
1.047	-5.73918148258443
1.048	-2.1247366663096
1.049	3.32127901155315
1.05	6.67678903305347
1.051	-2.20734985896141
1.05199999999999	-5.85665071159511
1.05299999999999	-0.5454945657111
1.05399999999999	2.21479405266081
1.05499999999999	5.68495015948467
1.05599999999999	-2.13078113483426
1.05699999999999	-4.2216952816994
1.05799999999999	-2.43309549256701
1.05899999999999	3.92886807510815
1.05999999999999	6.57315093025674
1.06099999999999	-2.0355592576125
1.06199999999999	-6.10041482464402
1.06299999999999	-1.64067927557439
1.06399999999999	4.69785942827433
1.06499999999999	3.12937816051954
1.06599999999999	-0.387356776515579
1.06699999999999	-5.68723011630827
1.06799999999999	-2.39856099377381
1.06899999999999	3.37016618256287
1.06999999999999	6.28895016300526
1.07099999999999	-2.30034815636333
1.07199999999999	-6.25033910586596
1.07299999999999	-0.953063862040807
1.07399999999999	1.95967422284352
1.07499999999999	5.27795085687385
1.07599999999999	-1.98872197550637
1.07699999999999	-4.79666081810125
1.07799999999999	-3.01510397379082
1.07899999999999	3.42830033857973
1.07999999999999	6.04745098739187
1.08099999999999	-1.81904542613607
1.08199999999999	-6.51915981552363
1.08299999999999	-1.65037817795571
1.08399999999999	4.39158497798691
1.08499999999999	3.07637068249281
1.08599999999999	-0.349842092590719
1.08699999999999	-5.75265236548144
1.08799999999999	-2.16037287033071
1.08899999999999	3.22123508201102
1.08999999999999	6.73293320352722
1.09099999999999	-2.10330852815684
1.09199999999999	-5.8643583198438
1.09299999999999	-0.589288929161037
1.09399999999999	2.15427241466101
1.09499999999999	5.76804937976174
1.09599999999999	-2.04529492987349
1.09699999999999	-4.24882059881773
1.09799999999999	-2.46247815546092
1.09899999999999	3.84848502225444
1.09999999999999	6.64058088877071
1.10099999999999	-1.97105931725068
1.10199999999999	-6.10602026210067
1.10299999999999	-1.66393664829999
1.10399999999999	4.60612807121194
1.10499999999999	3.21840338514965
1.10599999999999	-0.356401034845057
1.10699999999999	-5.68920743327815
1.10799999999999	-2.44784064947325
1.10899999999999	3.27872597676894
1.10999999999999	6.39017899127124
1.11099999999999	-2.24139983424129
1.11199999999999	-6.26766520862463
1.11299999999999	-1.02849744711662
1.11399999999999	1.89461555687338
1.11499999999999	5.37854084070762
1.11599999999999	-1.96393805070244
1.11699999999999	-4.79466269293159
1.11799999999999	-3.07457564685488
1.11899999999999	3.37521139560796
1.11999999999999	6.09220732391853
1.12099999999999	-1.73695983912096
1.12199999999999	-6.55996302609436
1.12299999999999	-1.69031395440148
1.12399999999999	4.34128742244234
1.12499999999999	3.10123367578807
1.12599999999999	-0.258366922183551
1.12699999999999	-5.76453730098334
1.12799999999999	-2.19994827847531
1.12899999999999	3.12602763973208
1.12999999999999	6.78450524732458
1.13099999999999	-1.99959034668466
1.13199999999999	-5.87362817728102
1.13299999999999	-0.639885442135172
1.13399999999999	2.09246251640493
1.13499999999999	5.85509910221941
1.13599999999999	-1.95857073405532
1.13699999999999	-4.28045732498101
1.13799999999999	-2.49688001702653
1.13899999999999	3.77589072668482
1.13999999999999	6.69641870987715
1.14099999999999	-1.90628001018028
1.14199999999999	-6.11270896433164
1.14299999999998	-1.68620175487744
1.14399999999998	4.50686750309804
1.14499999999998	3.31047106510649
1.14599999999998	-0.335429944329883
1.14699999999998	-5.6834767104821
1.14799999999998	-2.49613647229901
1.14899999999998	3.18934315913285
1.14999999999998	6.48749207902716
1.15099999999998	-2.1824571900214
1.15199999999998	-6.30043485026288
1.15299999999998	-1.09745149512192
1.15399999999998	1.79066876204248
1.15499999999998	5.50946211231706
1.15599999999998	-1.93300024314228
1.15699999999998	-4.78903418530676
1.15799999999998	-3.13417271074427
1.15899999999998	3.32644382587243
1.15999999999998	6.13508540857474
1.16099999999998	-1.65595110636959
1.16199999999998	-6.59695119125921
1.16299999999998	-1.7282607974521
1.16399999999998	4.28134189933574
1.16499999999998	3.13575043032858
1.16599999999998	-0.16981910315678
1.16699999999998	-5.77234716164559
1.16799999999998	-2.24285706865125
1.16899999999998	3.03445872565627
1.16999999999998	6.83344273093994
1.17099999999998	-1.89941293208791
1.17199999999998	-5.88066441656971
1.17299999999998	-0.693805877595953
1.17399999999998	2.04273593939651
1.17499999999998	5.92984529567851
1.17599999999998	-1.87168158676974
1.17699999999998	-4.30998772090992
1.17799999999998	-2.54154728840991
1.17899999999998	3.72195799107399
1.17999999999998	6.7375466181168
1.18099999999998	-1.83980170140275
1.18199999999998	-6.11286591345375
1.18299999999998	-1.70638822197472
1.18399999999998	4.40116658778199
1.18499999999998	3.40399748885748
1.18599999999998	-0.323865253111771
1.18699999999998	-5.66937326143373
1.18799999999998	-2.53959961019372
1.18899999999998	3.10377604411998
1.18999999999998	6.57853409267864
1.19099999999998	-2.12401423306096
1.19199999999998	-6.3280388432202
1.19299999999998	-1.16264687435993
1.19399999999998	1.69859482244397
1.19499999999998	5.6276081641742
1.19599999999998	-1.90066054120679
1.19699999999998	-4.78379113011754
1.19799999999998	-3.19018065619977
1.19899999999998	3.27368846242838
1.19999999999998	6.18908295193892
1.20099999999998	-1.60127223413579
1.20199999999998	-6.61754522967434
1.20299999999998	-1.78173306570554
1.20399999999998	4.21729405658587
1.20499999999998	3.17853606467307
1.20599999999998	-0.0853432000737578
1.20699999999998	-5.77676286183911
1.20799999999998	-2.29245451561534
1.20899999999998	2.99612218711016
1.20999999999998	6.8569517576696
1.21099999999998	-1.82910599229964
1.21199999999998	-5.8915841391052
1.21299999999998	-0.751286245165815
1.21399999999998	2.0036705060452
1.21499999999998	5.99296089645943
1.21599999999998	-1.77997927781068
1.21699999999998	-4.34058060370165
1.21799999999998	-2.58434521176708
1.21899999999998	3.67114520330187
1.21999999999998	6.76786481268107
1.22099999999998	-1.76827238688743
1.22199999999998	-6.11042048793975
1.22299999999998	-1.72490934986043
1.22399999999998	4.27828808315838
1.22499999999998	3.50543749333106
1.22599999999998	-0.304997812509283
1.22699999999998	-5.64854792140489
1.22799999999998	-2.57652324103146
1.22899999999998	3.01953805391733
1.22999999999998	6.66511489612418
1.23099999999998	-2.06443756657583
1.23199999999998	-6.35425024475165
1.23299999999998	-1.22329308190018
1.23399999999997	1.6225533023633
1.23499999999997	5.73216850979427
1.23599999999997	-1.86601515050119
1.23699999999997	-4.77590466198058
1.23799999999997	-3.24034444464105
1.23899999999997	3.22336484902871
1.23999999999997	6.26968121061368
1.24099999999997	-1.59186246755138
1.24199999999997	-6.62056710271607
1.24299999999997	-1.83596767768359
1.24399999999997	4.1481295378655
1.24499999999997	3.22844382213668
1.24599999999997	-0.00649756577318292
1.24699999999997	-5.77989920264943
1.24799999999997	-2.34474064344983
1.24899999999997	2.94977176165103
1.24999999999997	6.88632114002148
1.25099999999997	-1.76140165309606
1.25199999999997	-5.9071882365716
1.25299999999997	-0.81378128806214
1.25399999999997	1.97276710259091
1.25499999999997	6.04135470653935
1.25599999999997	-1.68573183617843
1.25699999999997	-4.37531221036307
1.25799999999997	-2.63214461096147
1.25899999999997	3.62502088191007
1.25999999999997	6.78918358163741
1.26099999999997	-1.69498888891477
1.26199999999997	-6.10911044648076
1.26299999999997	-1.74433069239331
1.26399999999997	4.15317433091018
1.26499999999997	3.60888251864843
1.26599999999997	-0.285250844567816
1.26699999999997	-5.62452193713682
1.26799999999997	-2.61415964658432
1.26899999999997	2.94301935407481
1.26999999999997	6.74579711407901
1.27099999999997	-2.00353507291261
1.27199999999997	-6.37851790373945
1.27299999999997	-1.27523639144008
1.27399999999997	1.5616899212206
1.27499999999997	5.8217214423382
1.27599999999997	-1.82712497881227
1.27699999999997	-4.7684285626251
1.27799999999997	-3.28245695148692
1.27899999999997	3.17294719695636
1.27999999999997	6.35074172507027
1.28099999999997	-1.58571081791768
1.28199999999997	-6.61628765913141
1.28299999999997	-1.88738875482684
1.28399999999997	4.08615329311468
1.28499999999997	3.27451253108674
1.28599999999997	0.0647787460760114
1.28699999999997	-5.78131551348671
1.28799999999997	-2.39968221450856
1.28899999999997	2.90804976368821
1.28999999999997	6.91170956134421
1.29099999999997	-1.6936532395203
1.29199999999997	-5.92797397310678
1.29299999999997	-0.871465456423783
1.29399999999997	1.95374637491311
1.29499999999997	6.06629122470526
1.29599999999997	-1.58974691087752
1.29699999999997	-4.41266691545697
1.29799999999997	-2.67690569609458
1.29899999999997	3.57897000630419
1.29999999999997	6.80042873734722
1.30099999999997	-1.62064338644907
1.30199999999997	-6.11277057745033
1.30299999999997	-1.7613686890891
1.30399999999997	4.02643326425593
1.30499999999997	3.71382209150319
1.30599999999997	-0.266075272779397
1.30699999999997	-5.59917784606449
1.30799999999997	-2.64978031968514
1.30899999999997	2.87071175185828
1.30999999999997	6.82083531932829
1.31099999999997	-1.94248123661306
1.31199999999997	-6.40210532314167
1.31299999999997	-1.31827748488245
1.31399999999997	1.50988265422902
1.31499999999997	5.89666472162803
1.31599999999997	-1.78316237630077
1.31699999999997	-4.75789569926886
1.31799999999997	-3.32177297005225
1.31899999999997	3.12457473122243
1.31999999999997	6.43053348667105
1.32099999999997	-1.57705274108537
1.32199999999997	-6.6078677459537
1.32299999999997	-1.93676842148759
1.32399999999996	4.0191700938913
1.32499999999996	3.32849027503837
1.32599999999996	0.132262152884813
1.32699999999996	-5.78246177391443
1.32799999999996	-2.44825596562711
1.32899999999996	2.8616154477976
1.32999999999996	6.93636758849819
1.33099999999996	-1.62827370212958
1.33199999999996	-5.95221492862398
1.33299999999996	-0.929466562141126
1.33399999999996	1.94273102504952
1.33499999999996	6.07385054413653
1.33599999999996	-1.48586077595384
1.33699999999996	-4.4631308932252
1.33799999999996	-2.72392646773027
1.33899999999996	3.53165897199045
1.33999999999996	6.80253952541846
1.34099999999996	-1.5425731585369
1.34199999999996	-6.11914369814471
1.34299999999996	-1.77796060231309
1.34399999999996	3.89529062415437
1.34499999999996	3.78591620444225
1.34599999999996	-0.178463811092815
1.34699999999996	-5.59904616684922
1.34799999999996	-2.68284555010601
1.34899999999996	2.79336039910776
1.34999999999996	6.89492805512875
1.35099999999996	-1.8967267879054
1.35199999999996	-6.41168153974001
1.35299999999996	-1.35576613025231
1.35399999999996	1.46857774812334
1.35499999999996	5.9623259800125
1.35599999999996	-1.73571764726507
1.35699999999996	-4.74341030208113
1.35799999999996	-3.3604403061353
1.35899999999996	3.08095243621576
1.35999999999996	6.50871952957406
1.36099999999996	-1.56238766650663
1.36199999999996	-6.60017800138994
1.36299999999996	-1.97895749788016
1.36399999999996	3.95000289658354
1.36499999999996	3.39115961885041
1.36599999999996	0.195884384337174
1.36699999999996	-5.78024515082752
1.36799999999996	-2.48287215431171
1.36899999999996	2.80008022809355
1.36999999999996	6.97755033862019
1.37099999999996	-1.57836387178981
1.37199999999996	-5.97756167546211
1.37299999999996	-0.989836406826896
1.37399999999996	1.93862466283052
1.37499999999996	6.06660433809204
1.37599999999996	-1.38176290683488
1.37699999999996	-4.51608045811628
1.37799999999996	-2.77893966734626
1.37899999999996	3.4799512226057
1.37999999999996	6.79370409663749
1.38099999999996	-1.45922832150243
1.38199999999996	-6.13319525029831
1.38299999999996	-1.79874518916288
1.38399999999996	3.75637263982671
1.38499999999996	3.85246227137433
1.38599999999996	-0.0759590720348854
1.38699999999996	-5.60515521415023
1.38799999999996	-2.7155117618468
1.38899999999996	2.71589579580031
1.38999999999996	6.96335558213104
1.39099999999996	-1.85365214072381
1.39199999999996	-6.41659127313112
1.39299999999996	-1.3839988552279
1.39399999999996	1.43969669909967
1.39499999999996	6.01859000662298
1.39599999999996	-1.68339692827122
1.39699999999996	-4.72660046092451
1.39799999999996	-3.3905911295813
1.39899999999996	3.01567178341393
1.39999999999996	6.60318423992712
1.40099999999996	-1.5261698855496
1.40199999999996	-6.59050041261662
1.40299999999996	-2.01123209958272
1.40399999999996	3.8844188205993
1.40499999999996	3.45988928981142
1.40599999999996	0.256384206868271
1.40699999999996	-5.77403387970596
1.40799999999996	-2.51460049737091
1.40899999999996	2.74009054234813
1.40999999999996	7.02047698798725
1.41099999999996	-1.52976425962228
1.41199999999996	-6.00471684962609
1.41299999999996	-1.04967122618264
1.41399999999996	1.94009263580503
1.41499999999995	6.04439349406218
1.41599999999995	-1.27467403278694
1.41699999999995	-4.57710914953963
1.41799999999995	-2.83920968154744
1.41899999999995	3.4208171509802
1.41999999999995	6.77915646162333
1.42099999999995	-1.375839920647
1.42199999999995	-6.14952570120869
1.42299999999995	-1.83626016118628
1.42399999999995	3.61353472843251
1.42499999999995	3.9215657392914
1.42599999999995	0.0282730810690496
1.42699999999995	-5.61445510402839
1.42799999999995	-2.74684659928208
1.42899999999995	2.64222361652739
1.42999999999995	7.02358661639358
1.43099999999995	-1.80667218518775
1.43199999999995	-6.41244341774514
1.43299999999995	-1.41050080431585
1.43399999999995	1.42273356693815
1.43499999999995	6.06589267973436
1.43599999999995	-1.62510454504265
1.43699999999995	-4.70832892478148
1.43799999999995	-3.40951508257838
1.43899999999995	2.9652679569489
1.43999999999995	6.6833837340614
1.44099999999995	-1.48073887519615
1.44199999999995	-6.57419852820784
1.44299999999995	-2.03475984896732
1.44399999999995	3.82239372622361
1.44499999999995	3.53077921965653
1.44599999999995	0.316089558270727
1.44699999999995	-5.7682537359994
1.44799999999995	-2.54214385052385
1.44899999999995	2.67471362157398
1.44999999999995	7.07126508937015
1.45099999999995	-1.48233524605718
1.45199999999995	-6.03028338388642
1.45299999999995	-1.10713873320567
1.45399999999995	1.94289310350348
1.45499999999995	6.00586738911876
1.45599999999995	-1.16841056312924
1.45699999999995	-4.63767293148142
1.45799999999995	-2.90704052812113
1.45899999999995	3.36293789681514
1.45999999999995	6.75427707440323
1.46099999999995	-1.29665472880808
1.46199999999995	-6.16694266802366
1.46299999999995	-1.88111705335704
1.46399999999995	3.46316620087163
1.46499999999995	3.98940997958092
1.46599999999995	0.133200729758587
1.46699999999995	-5.62848701608342
1.46799999999995	-2.77503191639574
1.46899999999995	2.56429691321541
1.46999999999995	7.07580545744515
1.47099999999995	-1.75672718613152
1.47199999999995	-6.41505474046787
1.47299999999995	-1.43112143699466
1.47399999999995	1.41258925848197
1.47499999999995	6.10438129002326
1.47599999999995	-1.56225627073823
1.47699999999995	-4.68793067898328
1.47799999999995	-3.42228801078525
1.47899999999995	2.92429869963844
1.47999999999995	6.76173234853911
1.48099999999995	-1.43679139055905
1.48199999999995	-6.55259670344745
1.48299999999995	-2.0483895942741
1.48399999999995	3.76731819790163
1.48499999999995	3.60348139647956
1.48599999999995	0.373043377891683
1.48699999999995	-5.75852142077095
1.48799999999995	-2.56646782873654
1.48899999999995	2.62216135679628
1.48999999999995	7.11339781456037
1.49099999999995	-1.43552688439564
1.49199999999995	-6.0542221927062
1.49299999999995	-1.16149462932183
1.49399999999995	1.94905836695299
1.49499999999995	5.95576230856629
1.49599999999995	-1.04203850657784
1.49699999999995	-4.71619556477064
1.49799999999995	-2.97388467385444
1.49899999999995	3.29906372485526
1.49999999999995	6.72848468134205
1.50099999999995	-1.2226915305771
1.50199999999995	-6.18688610606009
1.50299999999995	-1.93303705378015
1.50399999999995	3.33470792001798
1.50499999999995	4.02524924742213
1.50599999999994	0.237444870849948
1.50699999999994	-5.64772686684287
1.50799999999994	-2.80182379486845
1.50899999999994	2.47938924836716
1.50999999999994	7.11759548878638
1.51099999999994	-1.70484696744968
1.51199999999994	-6.42917973826557
1.51299999999994	-1.44427625248158
1.51399999999994	1.40362788253598
1.51499999999994	6.12935525058514
1.51599999999994	-1.49320251158951
1.51699999999994	-4.66919909872373
1.51799999999994	-3.43268389234319
1.51899999999994	2.88665681495151
1.51999999999994	6.83538701843006
1.52099999999994	-1.38772078994188
1.52199999999994	-6.52745394201125
1.52299999999994	-2.05719761820237
1.52399999999994	3.71299099281939
1.52499999999994	3.68092925489075
1.52599999999994	0.429148329539764
1.52699999999994	-5.74382437940578
1.52799999999994	-2.58802602897713
1.52899999999994	2.56862330468921
1.52999999999994	7.16217431624613
1.53099999999994	-1.3883257782084
1.53199999999994	-6.07394180826689
1.53299999999994	-1.21154841437043
1.53399999999994	1.96123137160631
1.53499999999994	5.89748389435507
1.53599999999994	-0.912138598090952
1.53699999999994	-4.79369987860636
1.53799999999994	-3.03959414256309
1.53899999999994	3.23689051743561
1.53999999999994	6.72621483973354
1.54099999999994	-1.17130327489468
1.54199999999994	-6.21222413473314
1.54299999999994	-1.98389121237484
1.54399999999994	3.29098708665371
1.54499999999994	3.97518446029581
1.54599999999994	0.33964077049203
1.54699999999994	-5.67153371812705
1.54799999999994	-2.82289877722016
1.54899999999994	2.38600960847423
1.54999999999994	7.13345288500802
1.55099999999994	-1.63305620788689
1.55199999999994	-6.45425464998071
1.55299999999994	-1.45320527080274
1.55399999999994	1.39184009970367
1.55499999999994	6.14113555330023
1.55599999999994	-1.41853256090986
1.55699999999994	-4.65785644199754
1.55799999999994	-3.44382703861132
1.55899999999994	2.8435013643322
1.55999999999994	6.9073058181642
1.56099999999994	-1.33971379688092
1.56199999999994	-6.50316362759079
1.56299999999994	-2.06666737377192
1.56399999999994	3.65161206850604
1.56499999999994	3.76304782970195
1.56599999999994	0.483079887851016
1.56699999999994	-5.71832644462832
1.56799999999994	-2.60812818005845
1.56899999999994	2.51135469104321
1.56999999999994	7.21744692649788
1.57099999999994	-1.34128589262617
1.57199999999994	-6.090788404663
1.57299999999994	-1.25561164528512
1.57399999999994	1.97877008774241
1.57499999999994	5.83566754703679
1.57599999999994	-0.784964832450247
1.57699999999994	-4.86199400560796
1.57799999999994	-3.09862808339691
1.57899999999994	3.18525445541134
1.57999999999994	6.72632021041621
1.58099999999994	-1.119380173878
1.58199999999994	-6.22981013089158
1.58299999999994	-2.04082531569776
1.58399999999994	3.25118688255209
1.58499999999994	3.9339353314757
1.58599999999994	0.439035826085236
1.58699999999994	-5.69110012929846
1.58799999999994	-2.84466005910297
1.58899999999994	2.29722446707693
1.58999999999994	7.12077417174993
1.59099999999994	-1.54040854520631
1.59199999999994	-6.48416209436242
1.59299999999994	-1.46486326303838
1.59399999999994	1.36995926948305
1.59499999999994	6.14779630678632
1.59599999999994	-1.34439338545867
1.59699999999993	-4.6521969551184
1.59799999999993	-3.45838717776166
1.59899999999993	2.79001600695869
1.59999999999993	6.96154036628838
1.60099999999993	-1.27406356739083
1.60199999999993	-6.49104802496157
1.60299999999993	-2.08035584116448
1.60399999999993	3.57665045779779
1.60499999999993	3.849847082489
1.60599999999993	0.532876640795248
1.60699999999993	-5.69460558061006
1.60799999999993	-2.63328015994053
1.60899999999993	2.45173109790281
1.60999999999993	7.27438858401592
1.61099999999993	-1.29546889969696
1.61199999999993	-6.10304456837539
1.61299999999993	-1.30012543629382
1.61399999999993	2.00093188062024
1.61499999999993	5.7656995809752
1.61599999999993	-0.655643801319994
1.61699999999993	-4.92695235214781
1.61799999999993	-3.15139479991353
1.61899999999993	3.14128115757499
1.61999999999993	6.72807338981864
1.62099999999993	-1.06683586327495
1.62199999999993	-6.24328965817501
1.62299999999993	-2.09385479371963
1.62399999999993	3.21040226372105
1.62499999999993	3.90117147303559
1.62599999999993	0.536914569636369
1.62699999999993	-5.70518994292462
1.62799999999993	-2.86467755296164
1.62899999999993	2.21508252553184
1.62999999999993	7.10038611352907
1.63099999999993	-1.44374084721198
1.63199999999993	-6.51394350107077
1.63299999999993	-1.47637330716799
1.63399999999993	1.35446451318992
1.63499999999993	6.14172731647645
1.63599999999993	-1.26645476360111
1.63699999999993	-4.64994357174701
1.63799999999993	-3.47448663359264
1.63899999999993	2.73126277399241
1.63999999999993	7.00931401048308
1.64099999999993	-1.20660902487406
1.64199999999993	-6.47958199359458
1.64299999999993	-2.0932841026354
1.64399999999993	3.49246587859472
1.64499999999993	3.9405161977586
1.64599999999993	0.579557898003086
1.64699999999993	-5.67154840350539
1.64799999999993	-2.65997035930323
1.64899999999993	2.39117502554963
1.64999999999993	7.33149220792087
1.65099999999993	-1.25144654726213
1.65199999999993	-6.10790434460396
1.65299999999993	-1.34655317571633
1.65399999999993	2.02728167672181
1.65499999999993	5.72338983798656
1.65599999999993	-0.584182692644954
1.65699999999993	-4.96446467119485
1.65799999999993	-3.19817776525547
1.65899999999993	3.09467787072562
1.65999999999993	6.73565922624511
1.66099999999993	-1.01546279893333
1.66199999999993	-6.25545270051264
1.66299999999993	-2.14322640276895
1.66399999999993	3.16661066334127
1.66499999999993	3.87511494381746
1.66599999999993	0.632414114150933
1.66699999999993	-5.71492411625138
1.66799999999993	-2.88529848932028
1.66899999999993	2.13845729293491
1.66999999999993	7.07394451391783
1.67099999999993	-1.34585376451333
1.67199999999993	-6.54364531081945
1.67299999999993	-1.48727387728944
1.67399999999993	1.34469573972616
1.67499999999993	6.12304127943974
1.67599999999993	-1.18457747811437
1.67699999999993	-4.64879999186084
1.67799999999993	-3.49860147969049
1.67899999999993	2.68081048079589
1.67999999999993	7.04827662584718
1.68099999999993	-1.140039157339
1.68199999999993	-6.4672419231946
1.68299999999993	-2.10865471877075
1.68399999999993	3.40481063897807
1.68499999999993	4.03312400320578
1.68599999999993	0.622403763907761
1.68699999999993	-5.64967067781573
1.68799999999992	-2.69187409499298
1.68899999999992	2.33370039705782
1.68999999999992	7.38856105302011
1.69099999999992	-1.20741163352894
1.69199999999992	-6.11202434301281
1.69299999999992	-1.3907100508124
1.69399999999992	2.05689780131794
1.69499999999992	5.71240763700721
1.69599999999992	-0.57371629592429
1.69699999999992	-4.97374324699186
1.69799999999992	-3.24251493842619
1.69899999999992	3.04796646345348
1.69999999999992	6.74406684981772
1.70099999999992	-0.96052212916406
1.70199999999992	-6.26521944471683
1.70299999999992	-2.19299452576798
1.70399999999992	3.12372911556898
1.70499999999992	3.86135722690124
1.70599999999992	0.722718270556623
1.70699999999992	-5.71891772596081
1.70799999999992	-2.90854757929076
1.70899999999992	2.0663798184304
1.70999999999992	7.04069339049979
1.71099999999992	-1.24691923939413
1.71199999999992	-6.57231902772767
1.71299999999992	-1.49573807851477
1.71399999999992	1.33823187525558
1.71499999999992	6.09435333569349
1.71599999999992	-1.10362338565659
1.71699999999992	-4.65239774812129
1.71799999999992	-3.51964421692634
1.71899999999992	2.63524952627634
1.71999999999992	7.07393940213444
1.72099999999992	-1.07455235620092
1.72199999999992	-6.45270494823314
1.72299999999992	-2.12716481995476
1.72399999999992	3.31025572668968
1.72499999999992	4.13083707403485
1.72599999999992	0.657057821276674
1.72699999999992	-5.62264884735372
1.72799999999992	-2.71686997355657
1.72899999999992	2.26962572557428
1.72999999999992	7.44371442144495
1.73099999999992	-1.16261772903749
1.73199999999992	-6.11453639923123
1.73299999999992	-1.43221386951498
1.73399999999992	2.09036139809651
1.73499999999992	5.6978188909553
1.73599999999992	-0.562881020145251
1.73699999999992	-4.97924554875842
1.73799999999992	-3.28459424482706
1.73899999999992	3.00264790927679
1.73999999999992	6.75444650064146
1.74099999999992	-0.899110622933075
1.74199999999992	-6.2805673266904
1.74299999999992	-2.23840445835602
1.74399999999992	3.07796085405061
1.74499999999992	3.85749640390834
1.74599999999992	0.810099905153988
1.74699999999992	-5.7216988671731
1.74799999999992	-2.93275109495769
1.74899999999992	2.02641307422502
1.74999999999992	6.98153869434833
1.75099999999992	-1.15129932730385
1.75199999999992	-6.60362779629237
1.75299999999992	-1.50756112735203
1.75399999999992	1.34000607664555
1.75499999999992	6.05830575065459
1.75599999999992	-1.02343869622101
1.75699999999992	-4.66136834390615
1.75799999999992	-3.53910049889382
1.75899999999992	2.58278452476991
1.75999999999992	7.10038126588292
1.76099999999992	-1.0098716379226
1.76199999999992	-6.43654274172945
1.76299999999992	-2.14588806801133
1.76399999999992	3.20771480630819
1.76499999999992	4.2332418404142
1.76599999999992	0.661696156480009
1.76699999999992	-5.56818752629881
1.76799999999992	-2.74565317996993
1.76899999999992	2.20539193746113
1.76999999999992	7.49599087392777
1.77099999999992	-1.11756802409144
1.77199999999992	-6.11746159854751
1.77299999999992	-1.47196955182409
1.77399999999992	2.12719973080762
1.77499999999992	5.67776597786007
1.77599999999992	-0.55295036943204
1.77699999999992	-4.98482072890105
1.77799999999991	-3.32192646683134
1.77899999999991	2.95574519621747
1.77999999999991	6.76823336385199
1.78099999999991	-0.84485516901444
1.78199999999991	-6.28923250335558
1.78299999999991	-2.28109857587687
1.78399999999991	3.02609979500835
1.78499999999991	3.86172147816104
1.78599999999991	0.893011781767043
1.78699999999991	-5.72038903201696
1.78799999999991	-2.95830691814797
1.78899999999991	1.98997255719362
1.78999999999991	6.92027303561549
1.79099999999991	-1.05265070765885
1.79199999999991	-6.63508325872289
1.79299999999991	-1.52670221080899
1.79399999999991	1.35653208278809
1.79499999999991	6.00990663576252
1.79599999999991	-0.93612734598271
1.79699999999991	-4.67562175851749
1.79799999999991	-3.55972991019152
1.79899999999991	2.58134338097273
1.79999999999991	7.07006769889908
1.80099999999991	-0.939545490796778
1.80199999999991	-6.41683006207591
1.80299999999991	-2.1620617158386
1.80399999999991	3.10156324819042
1.80499999999991	4.34067312805051
1.80599999999991	0.665729984026739
1.80699999999991	-5.51292756204155
1.80799999999991	-2.77170294645706
1.80899999999991	2.14339004385965
1.80999999999991	7.54558367039139
1.81099999999991	-1.06694666916719
1.81199999999991	-6.12153062524599
1.81299999999991	-1.50590602380086
1.81399999999991	2.16540674034208
1.81499999999991	5.65434366228473
1.81599999999991	-0.545849411003572
1.81699999999991	-4.98424255845984
1.81799999999991	-3.35581220859901
1.81899999999991	2.90623845837328
1.81999999999991	6.78527936494224
1.82099999999991	-0.794738051096509
1.82199999999991	-6.29695433184991
1.82299999999991	-2.32263472140122
1.82399999999991	2.967981255062
1.82499999999991	3.87251500867831
1.82599999999991	0.96949904055104
1.82699999999991	-5.71687052394656
1.82799999999991	-2.9868761234242
1.82899999999991	1.955238646008
1.82999999999991	6.85294800937663
1.83099999999991	-0.95239332221185
1.83199999999991	-6.66828616543861
1.83299999999991	-1.54876782540708
1.83399999999991	1.37891936191408
1.83499999999991	5.94823725888873
1.83599999999991	-0.845129895032416
1.83699999999991	-4.69519728898016
1.83799999999991	-3.58955817841627
1.83899999999991	2.59938495609287
1.83999999999991	7.02354269834816
1.84099999999991	-0.866965003896211
1.84199999999991	-6.3941549215546
1.84299999999991	-2.1736392053196
1.84399999999991	2.99492691054103
1.84499999999991	4.4523091997325
1.84599999999991	0.67116820335689
1.84699999999991	-5.45474708716492
1.84799999999991	-2.79381042148216
1.84899999999991	2.08487139611961
1.84999999999991	7.58987718456599
1.85099999999991	-1.007758929594
1.85199999999991	-6.12336534982398
1.85299999999991	-1.53490023260469
1.85399999999991	2.15683384696295
1.85499999999991	5.67381538746879
1.85599999999991	-0.533874724069263
1.85699999999991	-4.97676235845746
1.85799999999991	-3.38260821639751
1.85899999999991	2.85696055193907
1.85999999999991	6.80737668355387
1.86099999999991	-0.747859339141673
1.86199999999991	-6.30089670677425
1.86299999999991	-2.36179411892273
1.86399999999991	2.90633468135425
1.86499999999991	3.89254594010619
1.86599999999991	1.03582667714463
1.86699999999991	-5.70663722958536
1.86799999999991	-3.01874827036063
1.8689999999999	1.9250613994804
1.8699999999999	6.79549548029392
1.8709999999999	-0.874548661584148
1.8719999999999	-6.69656550199424
1.8729999999999	-1.57614267677674
1.8739999999999	1.40586807182569
1.8749999999999	5.87166881966129
1.8759999999999	-0.751678997235831
1.8769999999999	-4.71746274126588
1.8779999999999	-3.62560085928523
1.8789999999999	2.61892731883047
1.8799999999999	6.96827249842659
1.8809999999999	-0.790606777313369
1.8819999999999	-6.37968474743057
1.8829999999999	-2.18401576654748
1.8839999999999	2.87888413993487
1.8849999999999	4.56773764150389
1.8859999999999	0.673783605900733
1.8869999999999	-5.39858264507953
1.8879999999999	-2.81859598737092
1.8889999999999	2.02866737178224
1.8899999999999	7.62820519521583
1.8909999999999	-0.944693975936731
1.8919999999999	-6.1235919365972
1.8929999999999	-1.56231645163105
1.8939999999999	2.11889316122831
1.8949999999999	5.71849974877019
1.8959999999999	-0.516025730958915
1.8969999999999	-4.9644723873303
1.8979999999999	-3.39998563642823
1.8989999999999	2.81272828840575
1.8999999999999	6.83237678628535
1.9009999999999	-0.703159667756782
1.9019999999999	-6.28939850861416
1.9029999999999	-2.41327635390259
1.9039999999999	2.85183958775859
1.9049999999999	3.9252224122736
1.9059999999999	1.093671464736
1.9069999999999	-5.69134309692581
1.9079999999999	-3.05233390080536
1.9089999999999	1.89859609322314
1.9099999999999	6.77713673451989
1.9109999999999	-0.852850431462202
1.9119999999999	-6.71279313999929
1.9129999999999	-1.60870278449049
1.9139999999999	1.43355613108813
1.9149999999999	5.77968570016551
1.9159999999999	-0.655364352353423
1.9169999999999	-4.74333083006276
1.9179999999999	-3.66699364319663
1.9189999999999	2.63661852917567
1.9199999999999	6.90280925630653
1.9209999999999	-0.71453139318051
1.9219999999999	-6.37129551503803
1.9229999999999	-2.19616495191963
1.9239999999999	2.75097489980817
1.9249999999999	4.66533340245327
1.9259999999999	0.701656357170524
1.9269999999999	-5.35564443044159
1.9279999999999	-2.83673071273293
1.9289999999999	1.96705131138121
1.9299999999999	7.65871804852625
1.9309999999999	-0.879279740909327
1.9319999999999	-6.12296117732556
1.9329999999999	-1.58817183071747
1.9339999999999	2.08709100040687
1.9349999999999	5.75602439428389
1.9359999999999	-0.497898908784124
1.9369999999999	-4.94638779041353
1.9379999999999	-3.41243032306142
1.9389999999999	2.77070380536168
1.9399999999999	6.85989864930439
1.9409999999999	-0.657472551355946
1.9419999999999	-6.27469699181855
1.9429999999999	-2.45846592500333
1.9439999999999	2.79657750366404
1.9449999999999	3.9663034382912
1.9459999999999	1.14643190065331
1.9469999999999	-5.6725973855659
1.9479999999999	-3.08164385116579
1.9489999999999	1.87340055080119
1.9499999999999	6.75916525383433
1.9509999999999	-0.831379044792264
1.9519999999999	-6.7232934787987
1.9529999999999	-1.64699943829396
1.9539999999999	1.46436591429112
1.9549999999999	5.67487456402255
1.9559999999999	-0.554440441397595
1.9569999999999	-4.76989216908032
1.9579999999999	-3.70506369322962
1.9589999999999	2.64597213288104
1.95999999999989	6.83194206477916
1.96099999999989	-0.639839156088562
1.96199999999989	-6.36615396782834
1.96299999999989	-2.20949064378556
1.96399999999989	2.61153972816583
1.96499999999989	4.7218885347337
1.96599999999989	0.787387298524771
1.96699999999989	-5.33481967298233
1.96799999999989	-2.85172000907483
1.96899999999989	1.89794056393126
1.96999999999989	7.67900197779295
1.97099999999989	-0.812533209008839
1.97199999999989	-6.12439702007885
1.97299999999989	-1.61653599483995
1.97399999999989	2.05843607335721
1.97499999999989	5.78412477090021
1.97599999999989	-0.479866904464724
1.97699999999989	-4.92594394977492
1.97799999999989	-3.42546376779287
1.97899999999989	2.72696090689983
1.97999999999989	6.90184117014886
1.98099999999989	-0.623199944073827
1.98199999999989	-6.25885977736766
1.98299999999989	-2.49855943584322
1.98399999999989	2.73724792233332
1.98499999999989	4.01687121884525
1.98599999999989	1.19681810969649
1.98699999999989	-5.65051542126844
1.98799999999989	-3.10934233347607
1.98899999999989	1.85048676197173
1.98999999999989	6.74501260408862
1.99099999999989	-0.806198425577082
1.99199999999989	-6.72604063029587
1.99299999999989	-1.68584591124727
1.99399999999989	1.49904879824915
1.99499999999989	5.56278873621108
1.99599999999989	-0.42755048970753
1.99699999999989	-4.81710383540843
1.99799999999989	-3.73460195049989
1.99899999999989	2.64438805464614
2	6.76365813952519
