"Time [s]"	"Moving1.Speed [rpm]"
0	0
0.001	-4.07962174557301
0.002	-23.7437938860467
0.003	-65.7852297037451
0.004	-122.04587395974
0.005	-170.298536432479
0.006	-180.210707278455
0.007	-132.780059955001
0.008	-45.4457937620114
0.009	32.5281743253605
0.01	54.6531165958543
0.011	19.0188196276795
0.012	-38.0477092439282
0.013	-86.6661933426163
0.014	-116.286092859899
0.015	-129.975119761377
0.016	-135.628210372299
0.017	-138.686231009513
0.018	-145.343574326128
0.019	-160.180017119406
0.02	-182.176282686885
0.021	-214.528097362266
0.022	-262.174035908543
0.023	-331.260152732777
0.024	-403.924683023522
0.025	-407.017417083345
0.026	-340.793232933312
0.027	-285.790253903772
0.028	-277.862954667172
0.029	-311.998945718361
0.03	-315.176520343786
0.031	-231.461146273818
0.032	-99.6738425570701
0.033	24.5508728731922
0.034	97.5891199975134
0.035	115.345558195444
0.036	124.266570925164
0.037	166.379829233826
0.038	208.85959352149
0.039	202.053581773358
0.04	185.878231537702
0.041	203.393711478882
0.042	191.159508940681
0.043	118.871687455294
0.044	52.821796399867
0.045	32.1930289729315
0.046	63.8048408949751
0.047	138.458918477571
0.048	165.478127703433
0.049	102.168896643913
0.05	35.9247107100362
0.051	18.9463208006684
0.052	53.3350027815697
0.053	142.591769081313
0.054	243.076798887567
0.055	283.868763622961
0.056	313.7140588775
0.057	367.157346635333
0.058	389.956727782322
0.059	419.630575324578
0.06	432.849492848848
0.061	438.644172621141
0.062	436.158160893276
0.063	407.895057477112
0.064	413.739029081124
0.065	372.976474060009
0.066	334.031001697012
0.067	340.249029862301
0.068	277.903794811576
0.069	214.228613442258
0.07	252.385152418862
0.071	270.091604333018
0.0720000000000001	211.345379027002
0.0730000000000001	193.331680578014
0.0740000000000001	255.750194953472
0.0750000000000001	298.998047357654
0.0760000000000001	302.111292013286
0.0770000000000001	352.24542770939
0.0780000000000001	394.705515582183
0.0790000000000001	427.626460620823
0.0800000000000001	464.627138534716
0.0810000000000001	489.189548122934
0.0820000000000001	515.760163776214
0.0830000000000001	535.031476140883
0.0840000000000001	549.788374515763
0.0850000000000001	559.179518258279
0.0860000000000001	560.53009960855
0.0870000000000001	562.613995143736
0.0880000000000001	560.77283521486
0.0890000000000001	552.800690431116
0.0900000000000001	546.6865957165
0.0910000000000001	534.559439233305
0.0920000000000001	540.065526127063
0.0930000000000001	537.747672565001
0.0940000000000001	549.153086207446
0.0950000000000001	564.294394735006
0.0960000000000001	576.897728859934
0.0970000000000001	602.407652874468
0.0980000000000001	609.134007748806
0.0990000000000001	634.136060011788
0.1	641.936256468827
0.101	667.032066561678
0.102	710.834338771559
0.103	720.237535577774
0.104	766.997037860558
0.105	808.292878974966
0.106	808.986977807078
0.107	857.344990845673
0.108	930.27641034733
0.109	944.435737545005
0.11	928.89032987168
0.111	965.050324111686
0.112	1056.48857755564
0.113	1146.51233076105
0.114	1218.30162376236
0.115	1282.42086589937
0.116	1353.80905523285
0.117	1439.9805667044
0.118	1505.34470745566
0.119	1506.37842716384
0.12	1481.96776837267
0.121	1493.85508793868
0.122	1550.45876909346
0.123	1588.36761094868
0.124	1576.06374007064
0.125	1578.92712048614
0.126	1626.52181971947
0.127	1642.23858194818
0.128	1624.56054038345
0.129	1651.4615000912
0.13	1674.79310577565
0.131	1659.63927065984
0.132	1667.02502961757
0.133	1688.48745083986
0.134	1673.99786870901
0.135	1664.79364570263
0.136	1681.062545129
0.137	1666.4998080943
0.138	1643.85182324971
0.139	1654.3814587716
0.14	1642.08857942303
0.141	1607.14655766849
0.142	1602.6035112169
0.143	1599.74839728686
0.144	1567.62052522107
0.145	1537.14715214444
0.146	1533.59059350164
0.147	1534.22200733184
0.148	1509.00808511466
0.149	1470.96337935248
0.15	1448.41565315963
0.151	1445.73500598597
0.152	1452.95267066956
0.153	1449.33042489358
0.154	1425.52870386508
0.155	1394.88338948001
0.156	1372.23044004631
0.157	1362.33436666381
0.158	1363.35455632086
0.159	1371.7276441875
0.16	1380.70794083115
0.161	1384.545818652
0.162	1382.66722250875
0.163	1379.76765168748
0.164	1381.71305657759
0.165	1391.95868262315
0.166	1411.20532887268
0.167	1434.48666019314
0.168	1452.06947052447
0.169	1459.68449369849
0.17	1465.76383716636
0.171	1480.13937785758
0.172	1503.42159803678
0.173	1525.25427516343
0.174	1534.9628405381
0.175	1540.24985633482
0.176	1552.85422093176
0.177	1568.94873283533
0.178	1577.55011616061
0.179	1579.25936478022
0.18	1583.00510492363
0.181	1589.2144932391
0.182	1591.58010411513
0.183	1588.2324380196
0.184	1584.48135151821
0.185	1583.61412931007
0.186	1581.12622847211
0.187	1572.0136376463
0.188	1560.80734164389
0.189	1554.33977742087
0.19	1549.24868650408
0.191	1537.78259753394
0.192	1521.72186608908
0.193	1509.32618899797
0.194	1502.78942828492
0.195	1495.6523889436
0.196	1482.34147516023
0.197	1466.46490343953
0.198	1454.36025390641
0.199	1448.05982100039
0.2	1444.52928113144
0.201	1439.73671312725
0.202	1433.35332328941
0.203	1427.99958128365
0.204	1425.93717907922
0.205	1427.17184638273
0.206	1429.66697038067
0.207	1431.62566663514
0.208	1433.7742484123
0.209	1438.39499973936
0.21	1446.50765868074
0.211	1456.23824677801
0.212	1464.51930570275
0.213	1470.59730593808
0.214	1477.20139397851
0.215	1487.09100822226
0.216	1499.35799462921
0.217	1509.89063449804
0.218	1516.55481860262
0.219	1522.43753508783
0.22	1530.47504406766
0.221	1539.00881915336
0.222	1544.91035205018
0.223	1548.01879196099
0.224	1550.45449911164
0.225	1553.33014074032
0.226	1555.68272781453
0.227	1555.88318850903
0.228	1553.85114065983
0.229	1550.77999085894
0.23	1548.29479588477
0.231	1545.95025148537
0.232	1541.20761767974
0.233	1533.641243149
0.234	1526.25377496136
0.235	1521.18289554254
0.236	1516.01379350451
0.237	1507.8322486685
0.238	1498.04394718101
0.239	1490.37781964421
0.24	1485.59098245633
0.241	1481.16765219425
0.242	1475.10209769357
0.243	1468.09076426582
0.244	1462.55472986357
0.245	1459.72858717321
0.246	1458.30694051751
0.247	1456.66620863701
0.248	1455.18992994823
0.249	1454.97829996976
0.25	1456.40113966014
0.251	1458.78164551793
0.252	1461.03469359615
0.253	1463.5546129032
0.254	1467.50895525643
0.255	1473.35719605587
0.256	1479.8134542478
0.257	1484.86378721754
0.258	1489.01661273628
0.259	1494.34402019424
0.26	1501.37097530789
0.261	1508.21866002444
0.262	1513.08992018268
0.263	1516.66069802082
0.264	1520.54483659706
0.265	1525.13077296602
0.266	1529.42764510305
0.267	1532.08411488493
0.268	1533.17548200364
0.269	1533.97911469101
0.27	1534.77053600393
0.271	1535.07533763995
0.272	1534.41337868987
0.273	1532.27061705538
0.274	1529.10611917165
0.275	1526.48684575975
0.276	1524.36117725667
0.277	1520.9228426788
0.278	1515.6728337231
0.279	1510.39023286155
0.28	1506.56055514446
0.281	1503.39850950351
0.282	1499.37728938078
0.283	1494.0177851142
0.284	1488.68624758362
0.285	1485.16299715271
0.286	1482.89710759075
0.287	1480.09536747791
0.288	1476.69030157227
0.289	1473.93657083899
0.29	1472.77756174499
0.291	1472.56623199347
0.292	1472.45852047518
0.293	1472.55128728184
0.294	1473.28395753322
0.295	1475.08312987212
0.296	1477.35389515683
0.297	1479.26592285692
0.298	1481.08630373143
0.299	1483.92308572595
0.3	1487.9061039575
0.301	1491.88736348383
0.302	1494.96195272246
0.303	1497.6411456341
0.304	1500.92521946322
0.305	1504.96824697987
0.306	1509.03104375815
0.307	1511.87315129303
0.308	1513.65470021664
0.309	1515.65230707207
0.31	1518.1227372287
0.311	1520.16527842647
0.312	1521.17093794757
0.313	1521.37171479999
0.314	1521.12358414722
0.315	1521.01463141671
0.316	1521.0104655833
0.317	1520.16310503476
0.318	1518.0316553397
0.319	1515.34836555968
0.32	1513.45479790659
0.321	1512.07570433981
0.322	1509.85810143407
0.323	1506.50203074129
0.324	1502.91730844069
0.325	1500.38779552236
0.326	1498.62372242444
0.327	1496.19141774395
0.328	1492.86072014952
0.329	1489.72546879355
0.33	1487.9276969386
0.331	1486.98110482596
0.332	1485.8157456991
0.333	1484.26011661165
0.334	1482.71691354207
0.335	1482.2640351278
0.336	1482.72418098855
0.337	1482.97869425405
0.338	1483.13916342482
0.339	1483.8695988708
0.34	1485.42884547312
0.341	1487.25572243602
0.342	1488.69994177332
0.343	1490.09710753304
0.344	1492.1901409515
0.345	1495.06376402875
0.346	1497.95147979266
0.347	1500.03101978575
0.348	1501.49438936693
0.349	1503.3636450005
0.35	1505.92075963696
0.351	1508.27434039383
0.352	1509.73632086042
0.353	1510.61875658506
0.354	1511.63741453759
0.355	1512.98951510614
0.356	1514.16576044126
0.357	1514.48896465284
0.358	1514.00910094007
0.359	1513.24075149689
0.36	1512.74715711576
0.361	1512.45870689695
0.362	1511.72005589844
0.363	1510.15597097637
0.364	1508.00406384952
0.365	1506.458180742
0.366	1505.55607101016
0.367	1504.06302877051
0.368	1501.64613787915
0.369	1498.9905212511
0.37	1497.28865291573
0.371	1496.35543108561
0.372	1495.1369236414
0.373	1493.30702489563
0.374	1491.23263103151
0.375	1490.14840463958
0.376	1489.93535080547
0.377	1489.48702104103
0.378	1488.68373164617
0.379	1488.03090871836
0.38	1488.24458959123
0.381	1489.03094772349
0.382	1489.587998402
0.383	1489.98330951721
0.384	1490.79872324891
0.385	1492.34824239544
0.386	1494.05742851143
0.387	1495.22576672942
0.388	1496.01869253238
0.389	1497.25888369282
0.39	1499.18452255655
0.391	1501.04444143017
0.392	1502.27979967026
0.393	1503.12815395437
0.394	1504.25213174776
0.395	1505.86994749784
0.396	1507.3726446836
0.397	1508.09863525167
0.398	1508.23561791333
0.399	1508.37033783192
0.4	1508.79133353106
0.401	1509.28669293186
0.402	1509.36197350905
0.403	1508.80243123425
0.404	1507.84576631889
0.405	1507.32869475174
0.406	1507.18241789033
0.407	1506.45248039608
0.408	1504.96974894504
0.409	1503.12032134546
0.41	1501.87928161614
0.411	1501.27716108721
0.412	1500.46773827883
0.413	1499.03346390639
0.414	1497.1286873268
0.415	1496.01683524672
0.416	1495.71239945902
0.417	1495.0896049259
0.418	1493.93307657476
0.419	1492.72964934029
0.42	1492.37430744487
0.421	1492.62352897063
0.422	1492.65759430064
0.423	1492.46430240969
0.424	1492.44789336332
0.425	1493.05585064834
0.426	1493.97248289703
0.427	1494.47284439688
0.428	1494.63314655991
0.429	1495.18115328684
0.43	1496.32717903883
0.431	1497.59679487099
0.432	1498.48727003094
0.433	1499.06077774615
0.434	1499.88828765391
0.435	1501.2631576159
0.436	1502.67190374445
0.437	1503.41670977639
0.438	1503.66168217687
0.439	1504.044729138
0.44	1504.79522594565
0.441	1505.6335003547
0.442	1506.04530681007
0.443	1505.89977200496
0.444	1505.63176412534
0.445	1505.81386698539
0.446	1506.22683961051
0.447	1506.03080827289
0.448	1505.1820824342
0.449	1504.12013879083
0.45	1503.45539322992
0.451	1503.22507530495
0.452	1502.80671251676
0.453	1501.84200136656
0.454	1500.40280459408
0.455	1499.57085709414
0.456	1499.42458240081
0.457	1498.90008929895
0.458	1497.77344177053
0.459	1496.50289606088
0.46	1495.99329884982
0.461	1496.05974545295
0.462	1495.88675410156
0.463	1495.37189078045
0.464	1494.8803379659
0.465	1494.99009033534
0.466	1495.47690182083
0.467	1495.56581647082
0.468	1495.25499598299
0.469	1495.19265024726
0.47	1495.70976543092
0.471	1496.52136513901
0.472	1497.0883439008
0.473	1497.34268399842
0.474	1497.74600010839
0.475	1498.71812050869
0.476	1499.89360935093
0.477	1500.49809858441
0.478	1500.64304907298
0.479	1500.97756193984
0.48	1501.73653302445
0.481	1502.64299730799
0.482	1503.15843758299
0.483	1503.16760267019
0.484	1503.2073087744
0.485	1503.76695006547
0.486	1504.48040190112
0.487	1504.57337613063
0.488	1504.08389437767
0.489	1503.50181185322
0.49	1503.27087686784
0.491	1503.38721174479
0.492	1503.27929766824
0.493	1502.66394789272
0.494	1501.71021575989
0.495	1501.28577437104
0.496	1501.40742531994
0.497	1501.06883090148
0.498	1500.11331935048
0.499	1499.00264019811
0.5	1498.55333856617
0.501	1498.62452215302
0.502	1498.42359658779
0.503	1497.8118523013
0.504	1497.14404391653
0.505	1497.04127994879
0.506	1497.32971798744
0.507	1497.21715368088
0.508	1496.63680511385
0.509	1496.17429110286
0.51	1496.28466625741
0.511	1496.78830504257
0.512	1497.10374785453
0.513	1497.0918543271
0.514	1497.10941464662
0.515	1497.70118641175
0.516	1498.63633354333
0.517	1499.05672131942
0.518	1499.02013737043
0.519	1499.16852456558
0.52	1499.78115481282
0.521	1500.61626093153
0.522	1501.10714158991
0.523	1501.12786859379
0.524	1501.24010636509
0.525	1501.91556585264
0.526	1502.74409331384
0.527	1502.9668040934
0.528	1502.64601845287
0.529	1502.34665857958
0.53	1502.40696506739
0.531	1502.74492296413
0.532	1502.83345386478
0.533	1502.4421555996
0.534	1501.85378269305
0.535	1501.76841656405
0.536	1502.12018884692
0.537	1501.96686045105
0.538	1501.1991471298
0.539	1500.30802293895
0.54	1500.0016694534
0.541	1500.15859124664
0.542	1500.01792701493
0.543	1499.43332433013
0.544	1498.76746464738
0.545	1498.62507985141
0.546	1498.85841364875
0.547	1498.67581891195
0.548	1497.98020043574
0.549	1497.32940797146
0.55	1497.23609912753
0.551	1497.57178250392
0.552	1497.73343277921
0.553	1497.54500863109
0.554	1497.30015067012
0.555	1497.62322799729
0.556	1498.37388081919
0.557	1498.6405482929
0.558	1498.43485842382
0.559	1498.38216579337
0.56	1498.81768502234
0.561	1499.53987102794
0.562	1499.95633314909
0.563	1499.91753136865
0.564	1499.97798053566
0.565	1500.6293340091
0.566	1501.46415139053
0.567	1501.71804515992
0.568	1501.45131422568
0.569	1501.26139298625
0.57	1501.45185415819
0.571	1501.8974471867
0.572	1502.08493924301
0.573	1501.80521147055
0.574	1501.43375512907
0.575	1501.56966928583
0.576	1502.06670348385
0.577	1502.05054750496
0.578	1501.4369469396
0.579	1500.73380286388
0.58	1500.56615798822
0.581	1500.82889188826
0.582	1500.78042433839
0.583	1500.27080520353
0.584	1499.68685776581
0.585	1499.59374632749
0.586	1499.85181004487
0.587	1499.67678740912
0.588	1498.96733128431
0.589	1498.2785419621
0.59	1498.12407330473
0.591	1498.39550370414
0.592	1498.49271904562
0.593	1498.21341133441
0.594	1497.82886071364
0.595	1498.00359184873
0.596	1498.64168235553
0.597	1498.80969138001
0.598	1498.48451707429
0.599	1498.27632326445
0.6	1498.56479613302
0.601	1499.18188759924
0.602	1499.51883521826
0.603	1499.40062943791
0.604	1499.36441110298
0.605	1499.93162127886
0.606	1500.71902372904
0.607	1500.94893993768
0.608	1500.66722676531
0.609	1500.47945919461
0.61	1500.68883195006
0.611	1501.16089282689
0.612	1501.37988129679
0.613	1501.1375740486
0.614	1500.86420324169
0.615	1501.1121698886
0.616	1501.68544729392
0.617	1501.75113760872
0.618	1501.23520934371
0.619	1500.65347269948
0.62	1500.58360969542
0.621	1500.92903614096
0.622	1500.96614258302
0.623	1500.5369222088
0.624	1500.045293954
0.625	1500.03052725595
0.626	1500.34639489209
0.627	1500.21739494177
0.628	1499.54601017465
0.629	1498.89752464016
0.63	1498.76162829837
0.631	1499.0313607461
0.632	1499.12216873696
0.633	1498.81220981955
0.634	1498.37869959624
0.635	1498.49680861244
0.636	1499.08156942222
0.637	1499.19994021029
0.638	1498.80765693188
0.639	1498.50423454019
0.64	1498.69442545342
0.641	1499.23601666284
0.642	1499.51148142741
0.643	1499.32314293893
0.644	1499.19446962562
0.645	1499.67309163864
0.646	1500.40105600925
0.647	1500.58880241589
0.648	1500.26444176026
0.649	1500.03163144354
0.65	1500.20536987095
0.651	1500.6595638408
0.652	1500.87275299987
0.653	1500.62663415558
0.654	1500.37638633309
0.655	1500.65870600004
0.656	1501.25749703785
0.657	1501.36044694373
0.658	1500.89224016352
0.659	1500.37521860285
0.66	1500.36049254451
0.661	1500.75217918121
0.662	1500.84057001318
0.663	1500.4634851959
0.664	1500.04241974379
0.665	1500.10079129525
0.666	1500.47687858662
0.667	1500.40340271446
0.668	1499.78830344551
0.669	1499.20844797231
0.67	1499.12527452855
0.671	1499.42325095433
0.672	1499.53554816237
0.673	1499.22894064118
0.674	1498.80169175981
0.675	1498.92056746495
0.676	1499.49187112361
0.677	1499.59599526692
0.678	1499.1784514772
0.679	1498.83286710952
0.68	1498.97141174101
0.681	1499.46975021978
0.682	1499.70777521651
0.683	1499.46883263757
0.684	1499.27227097776
0.685	1499.68359885882
0.686	1500.36122421204
0.687	1500.50944521485
0.688000000000001	1500.13985981503
0.689000000000001	1499.85121658775
0.690000000000001	1499.97289543509
0.691000000000001	1500.39233731511
0.692000000000001	1500.58251030349
0.693000000000001	1500.31113766973
0.694000000000001	1500.04447057178
0.695000000000001	1500.31807322498
0.696000000000001	1500.91187016138
0.697000000000001	1501.02317877026
0.698000000000001	1500.56875167233
0.699000000000001	1500.07402775975
0.700000000000001	1500.07859647404
0.701000000000001	1500.48765554632
0.702000000000001	1500.60003853646
0.703000000000001	1500.24796033007
0.704000000000001	1499.86775307034
0.705000000000001	1499.98220022446
0.706000000000001	1500.40994738316
0.707000000000001	1500.38531228061
0.708000000000001	1499.82298010421
0.709000000000001	1499.30597374855
0.710000000000001	1499.27667300727
0.711000000000001	1499.61037180518
0.712000000000001	1499.75075333941
0.713000000000001	1499.46091877497
0.714000000000001	1499.0650133968
0.715000000000001	1499.21217107649
0.716000000000001	1499.79117395161
0.717000000000001	1499.90239032813
0.718000000000001	1499.48663252441
0.719000000000001	1499.13315111207
0.720000000000001	1499.25241323748
0.721000000000001	1499.73165673816
0.722000000000001	1499.95202011785
0.723000000000001	1499.68169186173
0.724000000000001	1499.44439813016
0.725000000000001	1499.8149718982
0.726000000000001	1500.45795513758
0.727000000000001	1500.57770126472
0.728000000000001	1500.17223698997
0.729000000000001	1499.83582013363
0.730000000000001	1499.91037375334
0.731000000000001	1500.29505075107
0.732000000000001	1500.45939486724
0.733000000000001	1500.1563069842
0.734000000000001	1499.85916273316
0.735000000000001	1500.107580067
0.736000000000001	1500.68284477813
0.737000000000001	1500.78825818562
0.738000000000001	1500.32939825331
0.739000000000001	1499.83167411564
0.740000000000001	1499.83374668129
0.741000000000001	1500.24335509913
0.742000000000001	1500.3621466177
0.743000000000001	1500.01632649351
0.744000000000001	1499.65296565849
0.745000000000001	1499.79976094369
0.746000000000001	1500.26184812422
0.747000000000001	1500.27342343083
0.748000000000001	1499.75136230305
0.749000000000001	1499.28297022698
0.750000000000001	1499.29853161706
0.751000000000001	1499.66480563466
0.752000000000001	1499.83028435474
0.753000000000001	1499.55836936382
0.754000000000001	1499.19923873287
0.755000000000001	1499.38274906696
0.756000000000001	1499.97804495532
0.757000000000001	1500.10538143758
0.758000000000001	1499.70349859056
0.759000000000001	1499.36009372645
0.760000000000001	1499.47893027234
0.761000000000001	1499.9531256456
0.762000000000001	1500.16825856866
0.763000000000001	1499.88214879685
0.764000000000001	1499.62641461348
0.765000000000001	1499.97732720835
0.766000000000001	1500.59944178697
0.767000000000001	1500.70192419792
0.768000000000001	1500.27207912849
0.769000000000001	1499.90129506801
0.770000000000001	1499.94085996906
0.771000000000001	1500.29727354024
0.772000000000001	1500.43913711613
0.773000000000001	1500.10661091164
0.774000000000001	1499.7794478227
0.775000000000001	1500.00042299931
0.776000000000001	1500.55342810147
0.777000000000001	1500.64793743129
0.778000000000001	1500.1762335133
0.779000000000001	1499.66288310095
0.780000000000001	1499.65233938922
0.781000000000001	1500.05416199515
0.782000000000001	1500.16939760631
0.783000000000001	1499.81863773831
0.784000000000001	1499.45706743001
0.785000000000001	1499.61919393312
0.786000000000001	1500.1016947028
0.787000000000001	1500.13929921888
0.788000000000001	1499.6462570567
0.789000000000001	1499.21203857497
0.790000000000001	1499.26079350917
0.791000000000001	1499.65134092408
0.792000000000001	1499.83460708661
0.793000000000001	1499.57666868668
0.794000000000001	1499.25032781543
0.795000000000001	1499.46694733062
0.796000000000001	1500.07721929173
0.797000000000001	1500.22155811091
0.798000000000001	1499.83682684644
0.799000000000001	1499.50893976827
0.800000000000001	1499.63502662487
0.801000000000001	1500.11085794168
0.802000000000001	1500.32729377625
0.803000000000001	1500.03497346862
0.804000000000001	1499.77488503426
0.805000000000001	1500.12044810043
0.806000000000001	1500.73197600776
0.807000000000001	1500.82776511258
0.808000000000001	1500.38535280342
0.809000000000001	1499.99300386334
0.810000000000001	1500.01035428858
0.811000000000001	1500.34699651369
0.812000000000001	1500.47197504934
0.813000000000001	1500.11511535053
0.814000000000001	1499.76425150584
0.815000000000001	1499.96267816259
0.816000000000001	1500.49507590037
0.817000000000001	1500.57912900533
0.818000000000001	1500.09194047276
0.819000000000001	1499.55825776871
0.820000000000001	1499.53073670867
0.821000000000001	1499.92000969679
0.822000000000001	1500.02671113957
0.823000000000001	1499.66510784127
0.824000000000001	1499.29730410466
0.825000000000001	1499.46486027017
0.826000000000001	1499.95802050036
0.827000000000001	1500.01325221243
0.828000000000001	1499.53422970951
0.829000000000001	1499.11703144889
0.830000000000001	1499.18987330773
0.831000000000001	1499.5981226406
0.832000000000001	1499.79411299644
0.833000000000001	1499.5472683977
0.834000000000001	1499.24983974684
0.835000000000001	1499.49603366134
0.836000000000001	1500.1181361232
0.837000000000001	1500.2781416835
0.838000000000001	1499.91141354502
0.839000000000001	1499.60062700453
0.840000000000001	1499.73866744603
0.841000000000001	1500.22054210709
0.842000000000001	1500.44190149703
0.843000000000001	1500.14979903554
0.844000000000001	1499.8938687283
0.845000000000001	1500.24258958685
0.846000000000001	1500.85034874231
0.847000000000001	1500.94594898983
0.848000000000001	1500.49866605838
0.849000000000001	1500.09374414474
0.850000000000001	1500.09815926057
0.851000000000001	1500.42267792985
0.852000000000001	1500.53610118689
0.853000000000001	1500.1589620103
0.854000000000001	1499.78962976519
0.855000000000001	1499.96979720725
0.856000000000001	1500.48342051533
0.857000000000001	1500.55811525712
0.858000000000001	1500.05578033809
0.859000000000001	1499.50084906039
0.860000000000001	1499.45425812149
0.861000000000001	1499.82823682522
0.862000000000001	1499.92326009912
0.863000000000001	1499.54708045844
0.864000000000001	1499.16757644419
0.865000000000001	1499.33359430216
0.866000000000001	1499.83028234546
0.867000000000001	1499.89710146276
0.868000000000001	1499.42726906551
0.869000000000001	1499.01992690731
0.870000000000001	1499.10977461249
0.871000000000001	1499.5306370716
0.872000000000001	1499.73520523213
0.873000000000001	1499.49658353264
0.874000000000001	1499.22119691858
0.875000000000001	1499.4900570554
0.876000000000001	1500.12129753605
0.877000000000001	1500.29573964878
0.878000000000001	1499.94352562805
0.879000000000001	1499.6463276931
0.880000000000001	1499.79795276162
0.881000000000001	1500.28781150221
0.882000000000001	1500.51575371906
0.883000000000001	1500.22802861019
0.884000000000001	1499.98003729794
0.885000000000001	1500.33587459432
0.886000000000001	1500.94482344616
0.887000000000001	1501.04501132535
0.888000000000001	1500.59879872667
0.889000000000001	1500.18837805248
0.890000000000001	1500.18761289282
0.891000000000001	1500.50676328628
0.892000000000001	1500.61329318205
0.893000000000001	1500.22013023986
0.894000000000001	1499.83816947702
0.895000000000001	1500.00546327596
0.896000000000001	1500.50342516046
0.897000000000001	1500.57101750622
0.898000000000001	1500.05527465123
0.899000000000001	1499.48022638383
0.900000000000001	1499.41477977009
0.901000000000001	1499.77252738776
0.902000000000001	1499.85463860373
0.903000000000001	1499.4623172885
0.904000000000001	1499.06824194368
0.905000000000001	1499.22859530161
0.906000000000001	1499.72575543264
0.907000000000001	1499.8013791382
0.908000000000001	1499.33701457006
0.909000000000001	1498.93377081712
0.910000000000001	1499.03450738931
0.911000000000001	1499.46354044985
0.912000000000001	1499.6731896028
0.913000000000001	1499.43993733451
0.914000000000001	1499.18231257306
0.915000000000001	1499.46954990701
0.916000000000001	1500.10690242837
0.917000000000001	1500.29345040366
0.918000000000001	1499.95241553934
0.919000000000001	1499.66477303428
0.920000000000001	1499.82803747862
0.921000000000001	1500.32482410227
0.922000000000001	1500.55857740764
0.923000000000001	1500.27643290483
0.924000000000001	1500.03714335481
0.925000000000001	1500.40087050168
0.926000000000001	1501.01327715505
0.927000000000001	1501.12032826828
0.928000000000001	1500.67838671649
0.929000000000001	1500.26641722827
0.930000000000001	1500.2653239266
0.931000000000001	1500.5837187836
0.932000000000001	1500.68682122508
0.933000000000001	1500.28135424485
0.934000000000001	1499.89130864237
0.935000000000001	1500.05051739886
0.936000000000001	1500.53618832537
0.937000000000001	1500.59914612419
0.938000000000001	1500.07236179051
0.939000000000001	1499.47968517449
0.940000000000001	1499.39727878858
0.941000000000001	1499.73929642741
0.942000000000001	1499.80866957446
0.943000000000001	1499.40044068263
0.944000000000001	1498.99154243375
0.945000000000001	1499.14513852449
0.946000000000001	1499.64188808064
0.947000000000001	1499.7254221295
0.948000000000001	1499.26506635291
0.949000000000001	1498.86280232232
0.950000000000001	1498.97100529483
0.951000000000001	1499.40568278898
0.952000000000001	1499.61826238347
0.953000000000001	1499.3887350254
0.954000000000001	1499.14562603592
0.955000000000001	1499.45088763983
0.956000000000001	1500.09529920966
0.957000000000001	1500.29186303638
0.958000000000001	1499.95957245719
0.959000000000001	1499.67801635692
0.960000000000001	1499.84968105601
0.961000000000001	1500.35102384466
0.962000000000001	1500.58890423749
0.963000000000001	1500.31202603905
0.964000000000001	1500.07979400212
0.965000000000001	1500.4493586808
0.966000000000001	1501.06474296269
0.967000000000001	1501.17818196215
0.968000000000001	1500.7404742752
0.969000000000001	1500.32697386446
0.970000000000001	1500.32648637091
0.971000000000001	1500.64589160131
0.972000000000001	1500.74617548505
0.973000000000001	1500.32952513145
0.974000000000001	1499.93325216577
0.975000000000001	1500.08626268091
0.976000000000001	1500.56158364725
0.977000000000001	1500.62166276616
0.978000000000001	1500.08582046517
0.979000000000001	1499.47991419401
0.980000000000001	1499.3846017332
0.981000000000001	1499.71208208275
0.982000000000001	1499.76982883643
0.983000000000001	1499.34793546149
0.984000000000001	1498.92659800852
0.985000000000001	1499.07458957191
0.986000000000001	1499.57202811
0.987000000000001	1499.66211691402
0.988000000000001	1499.20407441685
0.989000000000001	1498.80255828388
0.990000000000001	1498.91790976652
0.991000000000001	1499.35802169476
0.992000000000001	1499.57315751606
0.993000000000001	1499.34667578038
0.994000000000001	1499.11648071446
0.995000000000001	1499.43974626372
0.996000000000001	1500.09180584799
0.997000000000001	1500.29750518321
0.998000000000001	1499.97249927956
0.999000000000001	1499.69668739716
1	1499.87636837546
1.001	1500.38051524082
1.002	1500.62082497832
1.003	1500.34819999305
1.004	1500.12071730638
1.005	1500.49337417642
1.006	1501.11083523727
1.007	1501.2296913789
1.008	1500.79528673508
1.009	1500.37888370326
1.01	1500.37754383175
1.011	1500.69758909034
1.012	1500.79610564465
1.013	1500.36975833612
1.014	1499.96687722541
1.015	1500.11321909915
1.016	1500.57864429319
1.017	1500.63702491026
1.018	1500.09347074682
1.019	1499.47537068566
1.02	1499.36793049259
1.021	1499.68159372791
1.022	1499.72872659879
1.023	1499.29456294992
1.024	1498.86227251413
1.025	1499.0101495675
1.026	1499.51418363896
1.027	1499.61230826961
1.028	1499.15744328504
1.029	1498.75834963815
1.03	1498.88218994555
1.031	1499.32727314039
1.032	1499.54451391903
1.033	1499.31633868635
1.034	1499.09315909993
1.035	1499.43168525304
1.036	1500.08970011248
1.037	1500.30325625752
1.038	1499.98360281728
1.039	1499.71171712974
1.04	1499.89767254346
1.041	1500.40472850798
1.042	1500.64767753856
1.043	1500.37346470578
1.044	1500.14408233816
1.045	1500.5183830642
1.046	1501.13822759585
1.047	1501.26287956025
1.048	1500.83250402071
1.049	1500.41410546268
1.05	1500.41168837823
1.051	1500.73282118503
1.05199999999999	1500.8326590406
1.05299999999999	1500.40021241597
1.05399999999999	1499.99323016712
1.05499999999999	1500.13527549548
1.05599999999999	1500.59319158696
1.05699999999999	1500.65202575678
1.05799999999999	1500.1029120695
1.05899999999999	1499.4754041898
1.05999999999999	1499.35818632354
1.06099999999999	1499.66074310479
1.06199999999999	1499.6999014809
1.06299999999999	1499.2550720119
1.06399999999999	1498.8133528783
1.06499999999999	1498.96189741642
1.06599999999999	1499.47417436467
1.06699999999999	1499.58208639479
1.06799999999999	1499.13064789573
1.06899999999999	1498.73228877793
1.06999999999999	1498.86246881694
1.07099999999999	1499.31137433403
1.07199999999999	1499.52988641486
1.07299999999999	1499.29929095932
1.07399999999999	1499.0807778344
1.07499999999999	1499.43073743484
1.07599999999999	1500.09237499154
1.07699999999999	1500.31232690652
1.07799999999999	1499.99581601373
1.07899999999999	1499.72496877715
1.07999999999999	1499.9142266356
1.08099999999999	1500.42293606289
1.08199999999999	1500.66769169623
1.08299999999999	1500.3904888451
1.08399999999999	1500.1565924384
1.08499999999999	1500.5298913695
1.08599999999999	1501.15137098877
1.08699999999999	1501.281202202
1.08799999999999	1500.85439976003
1.08899999999999	1500.43352713701
1.08999999999999	1500.43007382521
1.09099999999999	1500.7532570676
1.09199999999999	1500.85495811376
1.09299999999999	1500.41753594545
1.09399999999999	1500.00913352113
1.09499999999999	1500.14943550842
1.09599999999999	1500.60156909444
1.09699999999999	1500.66240387696
1.09799999999999	1500.10931233396
1.09899999999999	1499.47461264135
1.09999999999999	1499.34947100832
1.10099999999999	1499.64248164224
1.10199999999999	1499.67541595522
1.10299999999999	1499.22188697025
1.10399999999999	1498.77270670779
1.10499999999999	1498.92323569939
1.10599999999999	1499.4448954082
1.10699999999999	1499.56374665113
1.10799999999999	1499.11654693775
1.10899999999999	1498.71814148865
1.10999999999999	1498.85389935983
1.11099999999999	1499.30681922861
1.11199999999999	1499.52666406309
1.11299999999999	1499.29408486718
1.11399999999999	1499.07827220301
1.11499999999999	1499.43609773095
1.11599999999999	1500.10021643819
1.11699999999999	1500.3261815354
1.11799999999999	1500.01162566147
1.11899999999999	1499.74002857732
1.11999999999999	1499.93063076275
1.12099999999999	1500.43958574586
1.12199999999999	1500.68527313893
1.12299999999999	1500.40492601489
1.12399999999999	1500.16488656002
1.12499999999999	1500.53481180391
1.12599999999999	1501.15724084542
1.12699999999999	1501.29173741143
1.12799999999999	1500.86790262872
1.12899999999999	1500.44362308329
1.12999999999999	1500.43855573859
1.13099999999999	1500.76411997911
1.13199999999999	1500.86776481603
1.13299999999999	1500.42589967846
1.13399999999999	1500.01765484469
1.13499999999999	1500.15767212137
1.13599999999999	1500.60507584
1.13699999999999	1500.66869914008
1.13799999999999	1500.11250551113
1.13899999999999	1499.47189368973
1.13999999999999	1499.33966674513
1.14099999999999	1499.62382055893
1.14199999999999	1499.65165452381
1.14299999999998	1499.19117919452
1.14399999999998	1498.73608582647
1.14499999999998	1498.88919234889
1.14599999999998	1499.41782200854
1.14699999999998	1499.54555895129
1.14799999999998	1499.10340982953
1.14899999999998	1498.70446774715
1.14999999999998	1498.84736110275
1.15099999999998	1499.30696816553
1.15199999999998	1499.52886873655
1.15299999999998	1499.2954584465
1.15399999999998	1499.08114324476
1.15499999999998	1499.4442301426
1.15599999999998	1500.11083742477
1.15699999999998	1500.34342411545
1.15799999999998	1500.03019533633
1.15899999999998	1499.75687636769
1.15999999999998	1499.94818433967
1.16099999999998	1500.45674276202
1.16199999999998	1500.70230773023
1.16299999999998	1500.418688938
1.16399999999998	1500.17183161866
1.16499999999998	1500.53686439684
1.16599999999998	1501.16017472724
1.16699999999998	1501.29944886526
1.16799999999998	1500.87839552249
1.16899999999998	1500.45010739395
1.16999999999998	1500.44307804908
1.17099999999998	1500.77139529043
1.17199999999998	1500.87702895794
1.17299999999998	1500.43106601945
1.17399999999998	1500.02295258152
1.17499999999998	1500.16258527959
1.17599999999998	1500.60404971729
1.17699999999998	1500.66889898424
1.17799999999998	1500.11362919487
1.17899999999998	1499.47136257492
1.17999999999998	1499.33227952272
1.18099999999998	1499.60780318907
1.18199999999998	1499.63351979155
1.18299999999998	1499.16971196854
1.18399999999998	1498.70957460604
1.18499999999998	1498.86489943486
1.18599999999998	1499.39796118445
1.18699999999998	1499.53234626344
1.18799999999998	1499.09455611089
1.18899999999998	1498.69292966981
1.18999999999998	1498.84120093184
1.19099999999998	1499.30722503248
1.19199999999998	1499.52906619372
1.19299999999998	1499.2930387078
1.19399999999998	1499.07917711083
1.19499999999998	1499.44535527446
1.19599999999998	1500.11519461592
1.19699999999998	1500.35587996357
1.19799999999998	1500.04368079951
1.19899999999998	1499.76823392245
1.19999999999998	1499.96002945419
1.20099999999998	1500.46805129242
1.20199999999998	1500.7132145189
1.20299999999998	1500.42706434223
1.20399999999998	1500.1736403833
1.20499999999998	1500.5333738498
1.20599999999998	1501.15859759908
1.20699999999998	1501.30374682706
1.20799999999998	1500.88622975994
1.20899999999998	1500.4563307534
1.20999999999998	1500.44991469539
1.21099999999998	1500.78207161801
1.21199999999998	1500.89028329455
1.21299999999998	1500.44099269391
1.21399999999998	1500.0333712376
1.21499999999998	1500.17274246688
1.21599999999998	1500.60776866189
1.21699999999998	1500.67282757571
1.21799999999998	1500.11830991434
1.21899999999998	1499.47419695662
1.21999999999998	1499.32803583458
1.22099999999998	1499.59488544473
1.22199999999998	1499.61925074552
1.22299999999998	1499.15349245758
1.22399999999998	1498.69290766708
1.22499999999998	1498.85373608917
1.22599999999998	1499.39109255901
1.22699999999998	1499.53213347033
1.22799999999998	1499.09681791484
1.22899999999998	1498.68921454697
1.22999999999998	1498.83996231354
1.23099999999998	1499.31103880302
1.23199999999998	1499.53189289541
1.23299999999998	1499.29196886026
1.23399999999997	1499.07575568339
1.23499999999997	1499.44151060526
1.23599999999997	1500.11428195354
1.23699999999997	1500.36352840176
1.23799999999997	1500.05122117308
1.23899999999997	1499.77221778436
1.23999999999997	1499.96269977524
1.24099999999997	1500.46906039123
1.24199999999997	1500.71327191521
1.24299999999997	1500.42481039458
1.24399999999997	1500.16434666087
1.24499999999997	1500.51778002277
1.24599999999997	1501.14559984222
1.24699999999997	1501.29751913949
1.24799999999997	1500.88407488529
1.24899999999997	1500.45331538084
1.24999999999997	1500.44872150269
1.25099999999997	1500.78604985626
1.25199999999997	1500.89774137442
1.25299999999997	1500.44669015315
1.25399999999997	1500.04118564322
1.25499999999997	1500.18181921921
1.25599999999997	1500.61257370862
1.25699999999997	1500.67959936764
1.25799999999997	1500.12704288381
1.25899999999997	1499.48224878724
1.25999999999997	1499.33047076699
1.26099999999997	1499.58992899554
1.26199999999997	1499.61415331492
1.26299999999997	1499.1482527407
1.26399999999997	1498.68834294606
1.26499999999997	1498.8542505652
1.26599999999997	1499.39618464963
1.26699999999997	1499.54440285428
1.26799999999997	1499.11081475517
1.26899999999997	1498.6953351426
1.26999999999997	1498.84642867219
1.27099999999997	1499.32167557203
1.27199999999997	1499.54095975496
1.27299999999997	1499.2972252654
1.27399999999997	1499.07720937734
1.27499999999997	1499.43916413067
1.27599999999997	1500.11351678373
1.27699999999997	1500.37063827992
1.27799999999997	1500.05692924823
1.27899999999997	1499.77261365553
1.27999999999997	1499.96014600262
1.28099999999997	1500.46382513029
1.28199999999997	1500.70608436923
1.28299999999997	1500.4150130245
1.28399999999997	1500.14775940394
1.28499999999997	1500.49458282272
1.28599999999997	1501.12503093351
1.28699999999997	1501.28398441281
1.28799999999997	1500.87425490142
1.28899999999997	1500.4420742746
1.28999999999997	1500.43902693629
1.29099999999997	1500.7817968535
1.29199999999997	1500.89716886852
1.29299999999997	1500.44690360696
1.29399999999997	1500.04571222424
1.29499999999997	1500.18811479219
1.29599999999997	1500.6163295519
1.29699999999997	1500.68628771527
1.29799999999997	1500.13596838247
1.29899999999997	1499.49111096765
1.29999999999997	1499.33448380989
1.30099999999997	1499.58738221721
1.30199999999997	1499.61262199679
1.30299999999997	1499.1483999263
1.30399999999997	1498.69056013499
1.30499999999997	1498.86212338752
1.30599999999997	1499.40987195878
1.30699999999997	1499.56608220653
1.30799999999997	1499.13380088713
1.30899999999997	1498.70992264264
1.30999999999997	1498.86062947763
1.31099999999997	1499.33961676438
1.31199999999997	1499.55710403925
1.31299999999997	1499.30908315693
1.31399999999997	1499.08341575295
1.31499999999997	1499.43881321659
1.31599999999997	1500.11376149636
1.31699999999997	1500.37909395788
1.31799999999997	1500.06383275099
1.31899999999997	1499.77281601642
1.31999999999997	1499.95551159163
1.32099999999997	1500.45522730953
1.32199999999997	1500.69476281097
1.32299999999997	1500.40073237971
1.32399999999996	1500.12585346571
1.32499999999996	1500.46472006808
1.32599999999996	1501.09754325013
1.32699999999996	1501.26349427989
1.32799999999996	1500.85695749053
1.32899999999996	1500.42261030482
1.32999999999996	1500.42032702612
1.33099999999996	1500.7683324552
1.33199999999996	1500.88750193636
1.33299999999996	1500.43895685632
1.33399999999996	1500.0426064632
1.33499999999996	1500.18602766362
1.33599999999996	1500.61241287963
1.33699999999996	1500.68930387841
1.33799999999996	1500.14453205397
1.33899999999996	1499.50052520325
1.33999999999996	1499.34017152296
1.34099999999996	1499.58829675221
1.34199999999996	1499.61655087113
1.34299999999996	1499.15600863669
1.34399999999996	1498.70185280055
1.34499999999996	1498.87732996381
1.34599999999996	1499.42973849307
1.34699999999996	1499.59485373664
1.34799999999996	1499.16362520035
1.34899999999996	1498.73275700453
1.34999999999996	1498.88426199427
1.35099999999996	1499.36769202457
1.35199999999996	1499.58417347967
1.35299999999996	1499.33136905202
1.35399999999996	1499.09821660314
1.35499999999996	1499.44542266961
1.35599999999996	1500.12077057539
1.35699999999996	1500.39440114812
1.35799999999996	1500.0772961979
1.35899999999996	1499.77766162467
1.35999999999996	1499.95289546868
1.36099999999996	1500.44733623803
1.36199999999996	1500.68353215952
1.36299999999996	1500.38550025023
1.36399999999996	1500.10125754713
1.36499999999996	1500.42995177295
1.36599999999996	1501.06402798144
1.36699999999996	1501.23617151797
1.36799999999996	1500.8279174753
1.36899999999996	1500.38628041477
1.36999999999996	1500.38249953764
1.37099999999996	1500.73431065265
1.37199999999996	1500.85733221952
1.37299999999996	1500.41149884884
1.37399999999996	1500.02075037552
1.37499999999996	1500.16692344982
1.37599999999996	1500.59485004947
1.37699999999996	1500.68217576975
1.37799999999996	1500.14581513318
1.37899999999996	1499.50476611945
1.37999999999996	1499.34314731727
1.38099999999996	1499.59012246351
1.38199999999996	1499.62513616979
1.38299999999996	1499.17102167445
1.38399999999996	1498.72314553707
1.38499999999996	1498.90415072623
1.38599999999996	1499.46324844144
1.38699999999996	1499.63998355431
1.38799999999996	1499.21107245164
1.38899999999996	1498.77299647637
1.38999999999996	1498.92477527672
1.39099999999996	1499.4146880844
1.39199999999996	1499.63205218234
1.39299999999996	1499.37385497515
1.39399999999996	1499.13112013945
1.39499999999996	1499.46778566278
1.39599999999996	1500.14224157812
1.39699999999996	1500.42212292832
1.39799999999996	1500.10087062625
1.39899999999996	1499.79071954801
1.39999999999996	1499.95580819041
1.40099999999996	1500.44248552311
1.40199999999996	1500.67371439168
1.40299999999996	1500.36955517814
1.40399999999996	1500.07300263059
1.40499999999996	1500.38825637405
1.40599999999996	1501.0213567098
1.40699999999996	1501.19796703844
1.40799999999996	1500.78454284738
1.40899999999996	1500.33193453271
1.40999999999996	1500.3243626825
1.41099999999996	1500.67856370617
1.41199999999996	1500.8049397179
1.41299999999996	1500.36219259206
1.41399999999996	1499.97692477014
1.41499999999995	1500.12604850464
1.41599999999995	1500.55755483861
1.41699999999995	1500.65723491972
1.41799999999995	1500.13082776843
1.41899999999995	1499.49671895187
1.41999999999995	1499.33842206488
1.42099999999995	1499.58708960132
1.42199999999995	1499.63180933877
1.42299999999995	1499.19247679252
1.42399999999995	1498.75926269936
1.42499999999995	1498.94816562094
1.42599999999995	1499.5164209732
1.42699999999995	1499.70717594072
1.42799999999995	1499.28152934142
1.42899999999995	1498.83619431959
1.42999999999995	1498.98764380763
1.43099999999995	1499.48387817674
1.43199999999995	1499.70142676219
1.43299999999995	1499.4365667327
1.43399999999995	1499.18207888233
1.43499999999995	1499.50522123106
1.43599999999995	1500.17655676102
1.43699999999995	1500.46026931694
1.43799999999995	1500.13239254841
1.43899999999995	1499.80908580082
1.43999999999995	1499.96078056465
1.44099999999995	1500.43683322044
1.44199999999995	1500.66103939554
1.44299999999995	1500.34868596369
1.44399999999995	1500.03712843659
1.44499999999995	1500.33694399282
1.44599999999995	1500.96790632757
1.44699999999995	1501.14745985136
1.44799999999995	1500.72759508901
1.44899999999995	1500.26263968005
1.44999999999995	1500.24942098408
1.45099999999995	1500.60485299346
1.45199999999995	1500.73347147733
1.45299999999995	1500.29341705778
1.45399999999995	1499.91347249866
1.45499999999995	1500.06589005605
1.45599999999995	1500.50390153373
1.45699999999995	1500.61848244713
1.45799999999995	1500.10332742877
1.45899999999995	1499.47838860788
1.45999999999995	1499.3263590867
1.46099999999995	1499.57952890443
1.46199999999995	1499.63673258807
1.46299999999995	1499.21571850202
1.46399999999995	1498.79994321197
1.46499999999995	1498.99812133382
1.46599999999995	1499.57809422318
1.46699999999995	1499.78504665127
1.46799999999995	1499.36357850759
1.46899999999995	1498.91189804246
1.46999999999995	1499.06372036905
1.47099999999995	1499.56736178722
1.47199999999995	1499.78634461822
1.47299999999995	1499.51558409021
1.47399999999995	1499.24877786985
1.47499999999995	1499.55714294845
1.47599999999995	1500.22457291056
1.47699999999995	1500.51103730094
1.47799999999995	1500.17527062538
1.47899999999995	1499.83685237548
1.47999999999995	1499.97250371137
1.48099999999995	1500.43598586783
1.48199999999995	1500.65186065295
1.48299999999995	1500.33077444704
1.48399999999995	1500.00306849155
1.48499999999995	1500.28513954833
1.48599999999995	1500.91219746165
1.48699999999995	1501.09320627017
1.48799999999995	1500.66554361321
1.48899999999995	1500.18661547598
1.48999999999995	1500.16539543184
1.49099999999995	1500.52027587663
1.49199999999995	1500.65030811019
1.49299999999995	1500.21247562425
1.49399999999995	1499.83646499197
1.49499999999995	1499.99134037517
1.49599999999995	1500.43367039979
1.49699999999995	1500.56068076482
1.49799999999995	1500.0571814014
1.49899999999995	1499.44210068637
1.49999999999995	1499.29825698852
1.50099999999995	1499.55878413046
1.50199999999995	1499.63109760104
1.50299999999995	1499.23170924531
1.50399999999995	1498.83609692646
1.50499999999995	1499.04500884154
1.50599999999994	1499.63946620835
1.50699999999994	1499.86516715103
1.50799999999994	1499.4493435902
1.50899999999994	1498.99316617297
1.50999999999994	1499.14723644349
1.51099999999994	1499.660528994
1.51199999999994	1499.88165925056
1.51299999999994	1499.60531269435
1.51399999999994	1499.32702793769
1.51499999999994	1499.62089532819
1.51599999999994	1500.28492116851
1.51699999999994	1500.57425058821
1.51799999999994	1500.2305370317
1.51899999999994	1499.87659235703
1.51999999999994	1499.99520724108
1.52099999999994	1500.44533356147
1.52199999999994	1500.65236441177
1.52299999999994	1500.321722251
1.52399999999994	1499.97643745124
1.52499999999994	1500.2390146217
1.52599999999994	1500.86079060101
1.52699999999994	1501.04202667075
1.52799999999994	1500.60529711813
1.52899999999994	1500.1125442117
1.52999999999994	1500.08260674226
1.53099999999994	1500.43481576615
1.53199999999994	1500.56524254642
1.53299999999994	1500.12861911441
1.53399999999994	1499.75423162797
1.53499999999994	1499.90977391239
1.53599999999994	1500.3559408688
1.53699999999994	1500.49448944901
1.53799999999994	1500.00161931935
1.53899999999994	1499.39511192917
1.53999999999994	1499.26086790051
1.54099999999994	1499.53154186201
1.54199999999994	1499.61991250252
1.54299999999994	1499.24297620428
1.54399999999994	1498.86475867348
1.54499999999994	1499.08087453421
1.54599999999994	1499.68999467887
1.54699999999994	1499.93478553225
1.54799999999994	1499.52520641641
1.54899999999994	1499.06587342914
1.54999999999994	1499.22081989675
1.55099999999994	1499.74306023589
1.55199999999994	1499.96734412177
1.55299999999994	1499.68638330071
1.55399999999994	1499.39862661991
1.55499999999994	1499.67985526853
1.55599999999994	1500.34248391323
1.55699999999994	1500.63638842357
1.55799999999994	1500.28640924131
1.55899999999994	1499.91893752111
1.55999999999994	1500.02223065974
1.56099999999994	1500.46053637064
1.56199999999994	1500.6602211377
1.56299999999994	1500.32151332688
1.56399999999994	1499.95985301815
1.56499999999994	1500.20371937351
1.56599999999994	1500.82132842312
1.56699999999994	1501.00637610265
1.56799999999994	1500.56349472522
1.56899999999994	1500.05855906076
1.56999999999994	1500.0205760932
1.57099999999994	1500.36864634222
1.57199999999994	1500.49861887049
1.57299999999994	1500.06184294886
1.57399999999994	1499.6856847189
1.57499999999994	1499.83904718761
1.57599999999994	1500.28832832417
1.57699999999994	1500.43677806143
1.57799999999994	1499.95218405041
1.57899999999994	1499.35089296691
1.57999999999994	1499.22275211141
1.58099999999994	1499.50181854944
1.58199999999994	1499.60362302746
1.58299999999994	1499.24589787872
1.58399999999994	1498.88160495751
1.58499999999994	1499.10107405059
1.58599999999994	1499.72224438422
1.58699999999994	1499.98409827005
1.58799999999994	1499.57983667445
1.58899999999994	1499.11735624707
1.58999999999994	1499.27027673429
1.59099999999994	1499.7994622167
1.59199999999994	1500.02818099333
1.59299999999994	1499.7442090722
1.59399999999994	1499.45011112087
1.59499999999994	1499.72201346069
1.59599999999994	1500.38613634685
1.59699999999993	1500.6872686419
1.59799999999993	1500.33351203068
1.59899999999993	1499.95571787074
1.59999999999993	1500.04534371243
1.60099999999993	1500.47335280749
1.60199999999993	1500.66858795767
1.60299999999993	1500.3249170898
1.60399999999993	1499.94996378477
1.60499999999993	1500.17781080004
1.60599999999993	1500.79437483873
1.60699999999993	1500.98552206001
1.60799999999993	1500.5377137633
1.60899999999993	1500.02150073672
1.60999999999993	1499.9757399499
1.61099999999993	1500.31999450781
1.61199999999993	1500.45012626269
1.61299999999993	1500.0132557298
1.61399999999993	1499.63367242902
1.61499999999993	1499.78270308019
1.61599999999993	1500.23468894194
1.61699999999993	1500.39257859368
1.61799999999993	1499.91471983039
1.61899999999993	1499.31616785785
1.61999999999993	1499.19167981916
1.62099999999993	1499.47797389371
1.62199999999993	1499.59194892795
1.62299999999993	1499.25151225205
1.62399999999993	1498.89788079656
1.62499999999993	1499.11672726998
1.62599999999993	1499.74768229242
1.62699999999993	1500.02485717446
1.62799999999993	1499.62437251887
1.62899999999993	1499.15777726845
1.62999999999993	1499.30704531997
1.63099999999993	1499.84224689514
1.63199999999993	1500.07539462026
1.63299999999993	1499.78850374424
1.63399999999993	1499.48805880626
1.63499999999993	1499.75075420824
1.63599999999993	1500.41709750984
1.63699999999993	1500.72606571671
1.63799999999993	1500.37277141536
1.63899999999993	1499.98914546325
1.63999999999993	1500.06573892882
1.64099999999993	1500.48454023929
1.64199999999993	1500.67682958359
1.64299999999993	1500.32971798914
1.64399999999993	1499.9430286478
1.64499999999993	1500.15614325722
1.64599999999993	1500.77318965515
1.64699999999993	1500.97156272785
1.64799999999993	1500.51927325354
1.64899999999993	1499.99178898894
1.64999999999993	1499.9376341013
1.65099999999993	1500.27851863137
1.65199999999993	1500.40984121027
1.65299999999993	1499.97288278424
1.65399999999993	1499.58834639661
1.65499999999993	1499.73232124779
1.65599999999993	1500.18818022803
1.65699999999993	1500.35569517659
1.65799999999993	1499.88370007203
1.65899999999993	1499.28635246845
1.65999999999993	1499.16421264797
1.66099999999993	1499.45751432001
1.66199999999993	1499.58360518341
1.66299999999993	1499.25939760934
1.66399999999993	1498.91388390164
1.66499999999993	1499.12927813887
1.66599999999993	1499.76863886657
1.66699999999993	1500.06019861795
1.66799999999993	1499.66272267583
1.66899999999993	1499.19184423005
1.66999999999993	1499.33656631051
1.67099999999993	1499.87719104877
1.67199999999993	1500.11496288716
1.67299999999993	1499.82544144127
1.67399999999993	1499.51864281029
1.67499999999993	1499.77221920158
1.67599999999993	1500.44136520085
1.67699999999993	1500.75844420524
1.67799999999993	1500.40639591017
1.67899999999993	1500.01781142531
1.67999999999993	1500.08151331356
1.68099999999993	1500.49192691973
1.68199999999993	1500.68316196474
1.68299999999993	1500.3344403739
1.68399999999993	1499.93801897732
1.68499999999993	1500.13816788705
1.68599999999993	1500.75697569485
1.68699999999993	1500.96347771493
1.68799999999992	1500.50700181982
1.68899999999992	1499.96812562969
1.68999999999992	1499.90480262856
1.69099999999992	1500.24268107564
1.69199999999992	1500.37622611481
1.69299999999992	1499.93921300545
1.69399999999992	1499.54830219802
1.69499999999992	1499.68626057333
1.69599999999992	1500.14685946233
1.69699999999992	1500.32432681639
1.69799999999992	1499.85750029184
1.69899999999992	1499.26305836107
1.69999999999992	1499.14511982966
1.70099999999992	1499.44519271559
1.70199999999992	1499.58327224959
1.70299999999992	1499.26929856387
1.70399999999992	1498.92456254362
1.70499999999992	1499.13376719102
1.70599999999992	1499.78013157723
1.70699999999992	1500.0865149386
1.70799999999992	1499.69281332179
1.70899999999992	1499.21784178471
1.70999999999992	1499.35749112514
1.71099999999992	1499.90351332015
1.71199999999992	1500.14673199421
1.71299999999992	1499.85521944584
1.71399999999992	1499.54239860827
1.71499999999992	1499.78832757953
1.71599999999992	1500.46215798054
1.71699999999992	1500.78776774388
1.71799999999992	1500.43780585746
1.71899999999992	1500.04516569998
1.71999999999992	1500.09607405394
1.72099999999992	1500.49884784792
1.72199999999992	1500.69095906336
1.72299999999992	1500.34233879736
1.72399999999992	1499.93685472746
1.72499999999992	1500.1245187683
1.72599999999992	1500.74701828945
1.72699999999992	1500.96314265691
1.72799999999992	1500.50312017502
1.72899999999992	1499.95298707588
1.72999999999992	1499.87922887275
1.73099999999992	1500.21379253425
1.73199999999992	1500.34996639794
1.73299999999992	1499.91252083697
1.73399999999992	1499.51340364376
1.73499999999992	1499.64330534628
1.73599999999992	1500.10832450566
1.73699999999992	1500.29570903543
1.73799999999992	1499.83311949607
1.73899999999992	1499.24159058855
1.73999999999992	1499.12805444218
1.74099999999992	1499.4348118708
1.74199999999992	1499.58505434497
1.74299999999992	1499.27980450251
1.74399999999992	1498.93310820765
1.74499999999992	1499.13326988352
1.74599999999992	1499.784875985
1.74699999999992	1500.10550338728
1.74799999999992	1499.71542925336
1.74899999999992	1499.23716643119
1.74999999999992	1499.37177883771
1.75099999999992	1499.92264122773
1.75199999999992	1500.17167588691
1.75299999999992	1499.87866837073
1.75399999999992	1499.55987851113
1.75499999999992	1499.7997553446
1.75599999999992	1500.48024087026
1.75699999999992	1500.81460000594
1.75799999999992	1500.46690198283
1.75899999999992	1500.07040691208
1.75999999999992	1500.10842832925
1.76099999999992	1500.50421690549
1.76199999999992	1500.69854952117
1.76299999999992	1500.35107966003
1.76399999999992	1499.93711985987
1.76499999999992	1500.11280550604
1.76599999999992	1500.73758377129
1.76699999999992	1500.96166620817
1.76799999999992	1500.50041971267
1.76899999999992	1499.94095130781
1.76999999999992	1499.8561461141
1.77099999999992	1500.18779680851
1.77199999999992	1500.32765968568
1.77299999999992	1499.89007314596
1.77399999999992	1499.48178101064
1.77499999999992	1499.60252560409
1.77599999999992	1500.07245117043
1.77699999999992	1500.27039213869
1.77799999999991	1499.8117748011
1.77899999999991	1499.22258482555
1.77999999999991	1499.11309824248
1.78099999999991	1499.427051116
1.78199999999991	1499.59014940964
1.78299999999991	1499.29402667524
1.78399999999991	1498.9445949479
1.78499999999991	1499.13363698986
1.78599999999991	1499.78924173911
1.78699999999991	1500.12369474373
1.78799999999991	1499.73714770152
1.78899999999991	1499.25604097686
1.78999999999991	1499.38511365707
1.79099999999991	1499.93979355836
1.79199999999991	1500.19466073062
1.79299999999991	1499.90006647307
1.79399999999991	1499.5744830734
1.79499999999991	1499.80794828166
1.79599999999991	1500.49513079803
1.79699999999991	1500.83943984724
1.79799999999991	1500.49512448865
1.79899999999991	1500.09843899408
1.79999999999991	1500.1269311924
1.80099999999991	1500.51556476815
1.80199999999991	1500.71265432442
1.80299999999991	1500.36631309523
1.80399999999991	1499.94319834612
1.80499999999991	1500.10614664232
1.80599999999991	1500.73283203647
1.80699999999991	1500.96429367533
1.80799999999991	1500.50102598207
1.80899999999991	1499.93096041138
1.80999999999991	1499.83381277216
1.81099999999991	1500.16234974242
1.81199999999991	1500.30586549052
1.81299999999991	1499.86745202699
1.81399999999991	1499.4481359752
1.81499999999991	1499.55773220224
1.81599999999991	1500.03203110581
1.81699999999991	1500.2404113883
1.81799999999991	1499.78512572537
1.81899999999991	1499.19754808292
1.81999999999991	1499.09169534622
1.82099999999991	1499.41339760243
1.82199999999991	1499.59029308855
1.82299999999991	1499.30410761187
1.82399999999991	1498.95186616287
1.82499999999991	1499.12861117133
1.82599999999991	1499.78781017769
1.82699999999991	1500.13648810115
1.82799999999991	1499.75429953407
1.82899999999991	1499.27170283303
1.82999999999991	1499.39574351857
1.83099999999991	1499.95432767442
1.83199999999991	1500.21599309431
1.83299999999991	1499.92119312386
1.83399999999991	1499.58953832222
1.83499999999991	1499.81721320708
1.83599999999991	1500.51196214839
1.83699999999991	1500.87027378016
1.83799999999991	1500.53323917161
1.83899999999991	1500.13709560541
1.83999999999991	1500.15622224333
1.84099999999991	1500.5375350102
1.84199999999991	1500.73781696255
1.84299999999991	1500.39239573607
1.84399999999991	1499.95920818216
1.84499999999991	1500.10831968232
1.84599999999991	1500.73604012833
1.84699999999991	1500.97415616816
1.84799999999991	1500.50797045194
1.84899999999991	1499.92559373771
1.84999999999991	1499.81439621662
1.85099999999991	1500.1390452944
1.85199999999991	1500.28542956378
1.85299999999991	1499.84486290497
1.85399999999991	1499.4168640109
1.85499999999991	1499.51741342243
1.85599999999991	1499.99450658076
1.85699999999991	1500.21209755552
1.85799999999991	1499.7586048291
1.85899999999991	1499.17078175804
1.85999999999991	1499.06668810208
1.86099999999991	1499.39490614479
1.86199999999991	1499.58401216938
1.86299999999991	1499.30645258318
1.86399999999991	1498.95045571166
1.86499999999991	1499.11328171018
1.86599999999991	1499.77485807495
1.86699999999991	1500.13727039659
1.86799999999991	1499.75979062235
1.8689999999999	1499.27664612266
1.8699999999999	1499.3946131603
1.8709999999999	1499.95571601009
1.8719999999999	1500.22522497529
1.8729999999999	1499.93196468997
1.8739999999999	1499.59544405354
1.8749999999999	1499.81874472839
1.8759999999999	1500.52284613703
1.8769999999999	1500.89608573302
1.8779999999999	1500.56734226963
1.8789999999999	1500.17315735669
1.8799999999999	1500.18397208049
1.8809999999999	1500.55933208233
1.8819999999999	1500.7647959669
1.8829999999999	1500.42262282457
1.8839999999999	1499.9813258942
1.8849999999999	1500.11796437818
1.8859999999999	1500.74833087887
1.8869999999999	1500.99401564699
1.8879999999999	1500.52530897512
1.8889999999999	1499.93083962342
1.8899999999999	1499.80519955705
1.8909999999999	1500.12617860598
1.8919999999999	1500.27589832973
1.8929999999999	1499.83292323117
1.8939999999999	1499.39794237236
1.8949999999999	1499.49075904471
1.8959999999999	1499.96961661237
1.8969999999999	1500.19549595949
1.8979999999999	1499.74189081792
1.8989999999999	1499.1513999862
1.8999999999999	1499.04684365329
1.9009999999999	1499.37977452963
1.9019999999999	1499.57565133649
1.9029999999999	1499.30146318573
1.9039999999999	1498.9401653631
1.9049999999999	1499.08707596485
1.9059999999999	1499.74932023871
1.9069999999999	1500.12443254257
1.9079999999999	1499.75150603227
1.9089999999999	1499.26809419646
1.9099999999999	1499.37650219063
1.9109999999999	1499.9364980731
1.9119999999999	1500.21480031604
1.9129999999999	1499.92488998145
1.9139999999999	1499.58606540812
1.9149999999999	1499.80795522969
1.9159999999999	1500.52361055507
1.9169999999999	1500.91298631793
1.9179999999999	1500.59372742237
1.9189999999999	1500.20335826716
1.9199999999999	1500.20746378735
1.9209999999999	1500.57891491626
1.9219999999999	1500.79233091942
1.9229999999999	1500.45608797208
1.9239999999999	1500.00897429286
1.9249999999999	1500.1342434954
1.9259999999999	1500.76869191706
1.9269999999999	1501.02464746819
1.9279999999999	1500.55550858254
1.9289999999999	1499.94968604556
1.9299999999999	1499.80962326243
1.9309999999999	1500.12754238342
1.9319999999999	1500.28144352847
1.9329999999999	1499.83605892131
1.9339999999999	1499.39251136941
1.9349999999999	1499.47556438415
1.9359999999999	1499.9557106006
1.9369999999999	1500.18960265636
1.9379999999999	1499.73470898541
1.9389999999999	1499.13993868169
1.9399999999999	1499.03215523604
1.9409999999999	1499.36743951055
1.9419999999999	1499.56912972512
1.9429999999999	1499.29725833096
1.9439999999999	1498.92888460027
1.9449999999999	1499.05769496707
1.9459999999999	1499.71859981234
1.9469999999999	1500.10496520101
1.9479999999999	1499.73536696902
1.9489999999999	1499.2506385672
1.9499999999999	1499.34787420559
1.9509999999999	1499.90489564581
1.9519999999999	1500.19187602762
1.9529999999999	1499.90601486678
1.9539999999999	1499.56540106084
1.9549999999999	1499.78661857015
1.9559999999999	1500.51436253603
1.9569999999999	1500.9195334126
1.9579999999999	1500.60895534354
1.9589999999999	1500.22219693954
1.95999999999989	1500.22005914423
1.96099999999989	1500.58894045292
1.96199999999989	1500.81254601044
1.96299999999989	1500.4843279678
1.96399999999989	1500.03315913567
1.96499999999989	1500.14581766299
1.96599999999989	1500.78366521874
1.96699999999989	1501.05283684467
1.96799999999989	1500.58592991179
1.96899999999989	1499.97028445411
1.96999999999989	1499.81681203434
1.97099999999989	1500.13355910146
1.97199999999989	1500.29387161022
1.97299999999989	1499.8474529838
1.97399999999989	1499.3953550961
1.97499999999989	1499.46840223434
1.97599999999989	1499.95104158082
1.97699999999989	1500.19419878713
1.97799999999989	1499.7384797532
1.97899999999989	1499.13984458695
1.97999999999989	1499.02866942535
1.98099999999989	1499.36607980032
1.98199999999989	1499.5737301184
1.98299999999989	1499.30402004127
1.98399999999989	1498.9276166544
1.98499999999989	1499.03673272662
1.98599999999989	1499.69465551233
1.98699999999989	1500.0909825946
1.98799999999989	1499.72376159465
1.98899999999989	1499.236520985
1.98999999999989	1499.32018192283
1.99099999999989	1499.8714909999
1.99199999999989	1500.16608056228
1.99299999999989	1499.88381666626
1.99399999999989	1499.53945070213
1.99499999999989	1499.75804393473
1.99599999999989	1500.49577205293
1.99699999999989	1500.91403404127
1.99799999999989	1500.60823996326
1.99899999999989	1500.22171760797
2	1500.21268793538
