"Time [s]"	"CoreLoss [W]"
0	0
0.001	114.953441662282
0.002	53.4210969027506
0.003	50.2208380168899
0.004	56.7504320789413
0.005	74.0313941541766
0.006	86.3854219823288
0.007	78.9208595513528
0.008	64.6119264487525
0.009	55.4487591511866
0.01	55.2089115159869
0.011	69.6775447833294
0.012	81.3392684242834
0.013	100.316569897245
0.014	94.6096799926398
0.015	126.203314646975
0.016	123.508902286945
0.017	148.022068181275
0.018	136.103734692205
0.019	170.426937088254
0.02	190.926975721559
0.021	201.512277422975
0.022	171.487628468245
0.023	166.320437732395
0.024	201.242423765429
0.025	233.702148164101
0.026	147.121596201154
0.027	120.034692307023
0.028	125.340275749172
0.029	111.724046679587
0.03	165.6119658327
0.031	158.360350875225
0.032	125.164546278589
0.033	91.5083434709907
0.034	83.6739581625616
0.035	142.740688900271
0.036	138.019109934592
0.037	171.138905273482
0.038	133.39988357955
0.039	123.572493523709
0.04	183.613163489864
0.041	193.449155296505
0.042	121.022866716802
0.043	100.815977524646
0.044	134.512395529912
0.045	144.71074523286
0.046	129.579748588179
0.047	132.446122101516
0.048	97.4272817925954
0.049	97.4766580704233
0.05	113.124537311471
0.051	127.515434789817
0.052	132.065590989596
0.053	138.606658521248
0.054	122.904404468358
0.055	149.020901482717
0.056	180.633538749137
0.057	175.530626061173
0.058	188.011412874497
0.059	201.644560977392
0.06	163.188212389838
0.061	212.16750046885
0.062	188.479936085793
0.063	189.779309225539
0.064	227.727205717259
0.065	156.210647134404
0.066	178.598160465921
0.067	161.392142675772
0.068	119.865726263025
0.069	164.276322837436
0.07	157.612861566941
0.071	120.601935540394
0.0720000000000001	123.230698584554
0.0730000000000001	156.970967951179
0.0740000000000001	148.195309008879
0.0750000000000001	125.8187519239
0.0760000000000001	172.946474171861
0.0770000000000001	174.477736565777
0.0780000000000001	173.078640861721
0.0790000000000001	197.929471351
0.0800000000000001	190.456780133019
0.0810000000000001	216.924676831461
0.0820000000000001	217.58118291979
0.0830000000000001	209.495266474836
0.0840000000000001	236.525184659505
0.0850000000000001	199.957132276987
0.0860000000000001	200.568365466044
0.0870000000000001	194.008547981607
0.0880000000000001	202.139134300918
0.0890000000000001	197.420789915843
0.0900000000000001	191.23259961652
0.0910000000000001	174.359798049897
0.0920000000000001	199.552016127125
0.0930000000000001	178.298358168747
0.0940000000000001	197.387296151959
0.0950000000000001	165.795861000538
0.0960000000000001	190.375414984286
0.0970000000000001	176.967303631999
0.0980000000000001	189.798551906305
0.0990000000000001	214.52790887813
0.1	188.568803660134
0.101	243.543932386534
0.102	189.367908751398
0.103	223.958575694107
0.104	225.557511369422
0.105	197.645725473777
0.106	219.382429531233
0.107	218.599329027133
0.108	198.333952508676
0.109	190.404904430498
0.11	224.077954986428
0.111	196.377223900133
0.112	171.196615324592
0.113	147.835515791166
0.114	140.121488192613
0.115	146.803400088878
0.116	133.823634422807
0.117	131.840623771642
0.118	129.054605643986
0.119	135.728854123077
0.12	152.968557724625
0.121	166.146669005461
0.122	175.585528341577
0.123	152.605341306571
0.124	163.041187893821
0.125	192.188784477089
0.126	201.344753707129
0.127	180.221216214604
0.128	200.924735195187
0.129	214.203721955696
0.13	199.541059160413
0.131	194.588538772587
0.132	215.126368243359
0.133	205.500512636832
0.134	197.823846926909
0.135	217.011366936639
0.136	210.985044398754
0.137	194.616377776062
0.138	214.786603772428
0.139	217.589738786184
0.14	187.9531925558
0.141	216.326803824757
0.142	218.144459640283
0.143	191.748678783193
0.144	208.223427836419
0.145	218.234375553171
0.146	220.185260017502
0.147	198.711408061612
0.148	193.376444868484
0.149	204.022800186579
0.15	206.630838236514
0.151	202.424435186464
0.152	192.597646800026
0.153	179.432980896948
0.154	187.831994716901
0.155	193.191816634146
0.156	196.780725190138
0.157	196.37513467788
0.158	195.997041675902
0.159	200.635942622116
0.16	194.315644222903
0.161	191.675320034394
0.162	191.051493946238
0.163	202.689980615734
0.164	206.050330493192
0.165	211.988814917175
0.166	215.641608596972
0.167	217.440744211731
0.168	208.414459188557
0.169	203.215645185576
0.17	215.472618558232
0.171	220.794919910928
0.172	225.189223454972
0.173	221.050852602726
0.174	209.717130670868
0.175	224.480488419238
0.176	233.547801696197
0.177	235.148766434402
0.178	217.533263592823
0.179	224.776737550158
0.18	246.007080814957
0.181	240.281720378434
0.182	217.771173274805
0.183	230.42762762248
0.184	252.224860108022
0.185	240.089162410774
0.186	224.701726244679
0.187	234.862969818983
0.188	254.366337923079
0.189	242.024738982025
0.19	227.526418703609
0.191	231.751402479287
0.192	237.755603428628
0.193	242.495680655859
0.194	232.004657065597
0.195	220.526411755685
0.196	228.988455027186
0.197	235.929379394835
0.198	237.558515395746
0.199	227.965889212883
0.2	223.911218915996
0.201	220.631120727791
0.202	225.167254808767
0.203	234.02973480866
0.204	236.54764511035
0.205	233.099524180738
0.206	225.763121416832
0.207	221.249986181594
0.208	227.611497521456
0.209	229.940532948221
0.21	233.66832737443
0.211	233.750470464509
0.212	230.46763712588
0.213	228.68610146542
0.214	231.41203696824
0.215	239.240375496581
0.216	241.864640277066
0.217	235.271285913651
0.218	232.641669081342
0.219	237.635718884371
0.22	246.994195008679
0.221	247.038566377599
0.222	235.46843837751
0.223	237.46975320366
0.224	243.925110361849
0.225	261.432471027183
0.226	246.674736045843
0.227	236.622279096196
0.228	244.469051124409
0.229	257.912519038347
0.23	252.717147109592
0.231	242.786978143835
0.232	238.944500798543
0.233	252.425651585811
0.234	254.163576649444
0.235	247.514317466204
0.236	237.58490455471
0.237	241.060736530836
0.238	253.875721293559
0.239	247.364480033838
0.24	244.131227135188
0.241	236.070052012622
0.242	237.670567138205
0.243	246.67853289313
0.244	247.379480211057
0.245	243.311127547462
0.246	235.695338232244
0.247	233.356062439584
0.248	241.351106805425
0.249	247.577947409931
0.25	247.004081762254
0.251	239.948365938416
0.252	234.675430114702
0.253	239.104526908042
0.254	241.685882167274
0.255	251.596701440384
0.256	246.188128301639
0.257	237.652522175285
0.258	239.404415250162
0.259	244.778903129412
0.26	250.587038916042
0.261	247.316571765753
0.262	241.965006895952
0.263	243.328607970063
0.264	246.328772589372
0.265	259.313600899653
0.266	251.518917664223
0.267	241.616447842972
0.268	245.657048506537
0.269	252.858848170436
0.27	261.722820762893
0.271	249.495174559479
0.272	243.177379321972
0.273	248.558536753975
0.274	260.229935124297
0.275	255.555499622007
0.276	246.727107209744
0.277	241.811640156587
0.278	251.426077822407
0.279	260.669471803274
0.28	252.296623053339
0.281	244.827355144924
0.282	240.136043544835
0.283	243.608159198162
0.284	255.36648591142
0.285	249.604951251686
0.286	241.988785831105
0.287	239.048915378088
0.288	246.661601817689
0.289	255.088604773388
0.29	248.955032300872
0.291	242.747364176895
0.292	239.330900384902
0.293	244.619504164722
0.294	249.695232263145
0.295	253.722303771078
0.296	244.797651161677
0.297	238.441451711995
0.298	243.067523938415
0.299	248.387851566403
0.3	256.398349501852
0.301	247.935205454055
0.302	241.473644978095
0.303	245.213322269622
0.304	247.750435595535
0.305	259.302501873474
0.306	250.27277152315
0.307	241.681927995636
0.308	245.888886856041
0.309	251.617096490818
0.31	261.22756825187
0.311	250.279227077737
0.312	244.062029740468
0.313	247.77139898527
0.314	254.703706852093
0.315	259.609788171977
0.316	248.941263159008
0.317	242.924700563392
0.318	248.960743615463
0.319	259.907067579607
0.32	255.236863027162
0.321	247.743126318107
0.322	243.476624749591
0.323	250.143348964076
0.324	260.109013656314
0.325	253.565273992646
0.326	245.726799206786
0.327	241.67849041003
0.328	248.934326006493
0.329	258.6420765726
0.33	251.650160118522
0.331	244.967240898883
0.332	241.62720778335
0.333	247.08232298494
0.334	254.474540528528
0.335	253.046290293091
0.336	244.955894473575
0.337	240.144634830824
0.338	245.588872803008
0.339	252.385625930828
0.34	255.831346515094
0.341	246.968427793417
0.342	242.039404535457
0.343	245.861775747501
0.344	249.490479643027
0.345	258.885756049937
0.346	248.585140984299
0.347	241.368329685155
0.348	245.981670231343
0.349	251.739676807502
0.35	260.108271367013
0.351	249.72393659954
0.352	243.729135294735
0.353	247.292187051395
0.354	252.169604440241
0.355	260.634019881999
0.356	249.274632412131
0.357	242.849194389016
0.358	247.600303582181
0.359	256.643871038534
0.36	258.069289508154
0.361	248.521350806367
0.362	244.058215701212
0.363	248.881889927762
0.364	258.240982524394
0.365	255.786008976802
0.366	247.28899783771
0.367	242.46197109656
0.368	249.225740743906
0.369	259.10348026227
0.37	253.838406229138
0.371	246.525983444647
0.372	242.867326451821
0.373	248.180409834854
0.374	256.138937087079
0.375	253.704010102879
0.376	245.58673811383
0.377	240.916808911947
0.378	246.657379516742
0.379	254.575088010601
0.38	254.92707912007
0.381	246.661488653677
0.382	242.68803868683
0.383	246.550229133411
0.384	251.518413294756
0.385	257.722769520154
0.386	247.651115156163
0.387	241.396727264911
0.388	245.856831312681
0.389	252.514856492482
0.39	259.056376011495
0.391	248.837458645604
0.392	243.472876405747
0.393	246.971596173403
0.394	251.739610629367
0.395	259.983587713728
0.396	248.906969107729
0.397	242.390643564582
0.398	246.799366453154
0.399	254.765245061421
0.4	258.906753426994
0.401	248.683828557637
0.402	243.963286252549
0.403	248.005073929705
0.404	255.851780248011
0.405	257.446133865991
0.406	247.924689859582
0.407	242.649764617747
0.408	248.44353343602
0.409	257.889099617838
0.41	255.55722012503
0.411	247.510015432471
0.412	243.511901958814
0.413	248.411288056141
0.414	256.395725962927
0.415	254.966509086808
0.416	246.4208305564
0.417	241.535380453939
0.418	247.187554140719
0.419	255.570865075454
0.42	254.995330643287
0.421	246.726471951814
0.422	242.780460128249
0.423	246.852516170537
0.424	253.031684429549
0.425	256.837956518806
0.426	247.226353902311
0.427	241.498796864189
0.428	246.120237130619
0.429	253.261081963603
0.43	257.899437051536
0.431	248.105077768154
0.432	243.21555247777
0.433	246.819039869621
0.434	251.917380376141
0.435	259.168452150715
0.436	248.432155765415
0.437	242.104355218349
0.438	246.464674454388
0.439	254.022947721115
0.44	258.825557825202
0.441	248.665960102706
0.442	243.696180345138
0.443	247.493792543929
0.444	254.24141129714
0.445	258.449791921301
0.446	248.274891938111
0.447	242.657856601647
0.448	247.71467398061
0.449	256.409877581272
0.45	256.837592647499
0.451	247.889622861569
0.452	243.591689326166
0.453	248.054895588528
0.454	255.800368583279
0.455	256.117312035406
0.456	247.12363497586
0.457	241.948775430453
0.458	247.375713003767
0.459	255.92479038523
0.46	255.593363310933
0.461	247.104564432965
0.462	242.993417678167
0.463	247.088691272471
0.464	253.83181578375
0.465	256.476517657567
0.466	247.036284562301
0.467	241.560367665864
0.468	246.436822961058
0.469	253.991579291844
0.47	257.217725716249
0.471	247.813298507033
0.472	243.073886481005
0.473	246.802307008214
0.474	252.288624452523
0.475	258.443353408516
0.476	248.041760005085
0.477	241.935310553553
0.478	246.31894195885
0.479	253.800095201447
0.48	258.500542562026
0.481	248.479373029112
0.482	243.486014331288
0.483	247.173072138969
0.484	253.243045369344
0.485	258.721752875339
0.486	248.26885614833
0.487	242.34133094094
0.488	246.970843243526
0.489	255.31781903171
0.49	257.601321109374
0.491	248.141585425382
0.492	243.490791260877
0.493	247.573279986752
0.494	254.879735092269
0.495	257.066729211642
0.496	247.552412513658
0.497	242.111743902603
0.498	247.16303608718
0.499	255.737052025994
0.5	256.293103820014
0.501	247.516525230815
0.502	243.237169282817
0.503	247.21146597317
0.504	254.123426024524
0.505	256.617088347232
0.506	247.146705994263
0.507	241.624488022892
0.508	246.476762812297
0.509	254.351204654616
0.51	256.855832972037
0.511	247.712056831076
0.512	243.068240434132
0.513	246.855072222544
0.514	252.675693977686
0.515	257.914909371781
0.516	247.774782521641
0.517	241.845011738385
0.518	246.215848646183
0.519	253.762651547681
0.52	258.111786716635
0.521	248.270677031292
0.522	243.313128365351
0.523	246.954930790396
0.524	252.795243054164
0.525	258.665812389327
0.526	248.16123262682
0.527	242.088605865632
0.528	246.528009157512
0.529	254.553077125901
0.53	257.971538078554
0.531	248.26852022841
0.532	243.428192296788
0.533	247.269294029893
0.534	254.069274257882
0.535	257.714538170996
0.536	247.777537784659
0.537	242.094836824332
0.538	246.897200619991
0.539	255.303982754908
0.54	256.875638750278
0.541	247.815752969847
0.542	243.372076406069
0.543	247.19525170364
0.544	254.073077150127
0.545	257.007367211565
0.546	247.372808284405
0.547	241.738471544216
0.548	246.528228607017
0.549	254.524118528839
0.55	256.839850583095
0.551	247.708826972016
0.552	242.990565724145
0.553	246.778109549512
0.554	252.911783090362
0.555	257.681558503461
0.556	247.640999072685
0.557	241.801792376773
0.558	246.181103296127
0.559	253.803211469197
0.56	257.802863290545
0.561	248.113042581321
0.562	243.186938654432
0.563	246.82987217586
0.564	252.651537090583
0.565	258.545598198855
0.566	248.063029853815
0.567	241.950769766533
0.568	246.3325279549
0.569	254.112352834335
0.57	258.009138011413
0.571	248.283673106043
0.572	243.352192218899
0.573	247.034235302716
0.574	253.475446410183
0.575	258.093184388618
0.576	247.910954569794
0.577	242.024543692833
0.578	246.658260125892
0.579	254.820663619409
0.58	257.299800110488
0.581	247.972205145534
0.582	243.365514989794
0.583	247.10601485818
0.584	253.795947188961
0.585	257.429927726506
0.586	247.597022801159
0.587	241.826644568829
0.588	246.523420304807
0.589	254.508244685658
0.59	257.062499663996
0.591	247.825279300482
0.592	243.013675801779
0.593	246.75188524039
0.594	252.988580628221
0.595	257.638553143575
0.596	247.608892376377
0.597	241.76840254014
0.598	246.153206673606
0.599	253.830586663912
0.6	257.64159939619
0.601	248.040995884219
0.602	243.11376896316
0.603	246.747958440753
0.604	252.599229678189
0.605	258.433510124391
0.606	248.003687537606
0.607	241.872531026555
0.608	246.210750254302
0.609	253.900086210507
0.61	258.031330850391
0.611	248.30144338019
0.612	243.270354234189
0.613	246.856768990785
0.614	253.084991989486
0.615	258.278629770806
0.616	247.961141870029
0.617	241.946490012241
0.618	246.458273203767
0.619	254.459976826708
0.62	257.593532271976
0.621	248.082510040531
0.622	243.331578514251
0.623	246.93718981828
0.624	253.44667126281
0.625	257.789649152339
0.626	247.769388559705
0.627	241.878689840659
0.628	246.471465927524
0.629	254.354671657457
0.63	257.354325315312
0.631	247.959393049242
0.632	243.024795099923
0.633	246.709019476155
0.634	252.936837718022
0.635	257.779834141468
0.636	247.67548109144
0.637	241.763190938941
0.638	246.109888917344
0.639	253.801840990898
0.64	257.64599937765
0.641	248.047067671011
0.642	243.064494080862
0.643	246.673997396093
0.644	252.571074576225
0.645	258.390080054237
0.646	247.983715019923
0.647	241.823499783308
0.648	246.130552245556
0.649	253.783340665374
0.65	258.018025877292
0.651	248.296814149643
0.652	243.200185130341
0.653	246.720209603463
0.654	252.841995593816
0.655	258.359917321519
0.656	247.981604680277
0.657	241.877552420972
0.658	246.287509826798
0.659	254.16492516252
0.66	257.756495927765
0.661	248.165802048324
0.662	243.261806954571
0.663	246.789397157378
0.664	253.118846522441
0.665	258.050904854845
0.666	247.894502685112
0.667	241.903850780283
0.668	246.382435525386
0.669	254.142323345333
0.67	257.627683925741
0.671	248.075186206826
0.672	243.012184127972
0.673	246.646039431289
0.674	252.797362522462
0.675	257.994169852537
0.676	247.781059475968
0.677	241.771982586234
0.678	246.081786417827
0.679	253.736127930396
0.68	257.74577631077
0.681	248.105678929782
0.682	243.036827818571
0.683	246.608277452742
0.684	252.529182533326
0.685	258.424785022265
0.686	248.009568572785
0.687	241.809709054954
0.688000000000001	246.079295603409
0.689000000000001	253.69982401043
0.690000000000001	258.021060283072
0.691000000000001	248.307209760693
0.692000000000001	243.146343543678
0.693000000000001	246.61467366885
0.694000000000001	252.681256559249
0.695000000000001	258.409035947698
0.696000000000001	247.995893547869
0.697000000000001	241.825844691565
0.698000000000001	246.168894801184
0.699000000000001	253.940955877808
0.700000000000001	257.855634969014
0.701000000000001	248.224543124804
0.702000000000001	243.184099309994
0.703000000000001	246.662414574073
0.704000000000001	252.829891830869
0.705000000000001	258.227416362509
0.706000000000001	247.975366736588
0.707000000000001	241.883573602867
0.708000000000001	246.256528532287
0.709000000000001	253.902238194585
0.710000000000001	257.850826502917
0.711000000000001	248.171841021605
0.712000000000001	242.988246985338
0.713000000000001	246.555749075709
0.714000000000001	252.614814576639
0.715000000000001	258.21472409134
0.716000000000001	247.888584139203
0.717000000000001	241.773099730794
0.718000000000001	246.019475122215
0.719000000000001	253.623320579342
0.720000000000001	257.885397956747
0.721000000000001	248.184197779173
0.722000000000001	243.02178361229
0.723000000000001	246.546548147641
0.724000000000001	252.455524066444
0.725000000000001	258.526985698597
0.726000000000001	248.063601052301
0.727000000000001	241.809692627512
0.728000000000001	246.042200171281
0.729000000000001	253.613559232699
0.730000000000001	258.060689827163
0.731000000000001	248.334547341482
0.732000000000001	243.10472382905
0.733000000000001	246.52106027227
0.734000000000001	252.555897066066
0.735000000000001	258.456422784349
0.736000000000001	248.016100812545
0.737000000000001	241.787487103366
0.738000000000001	246.075155651883
0.739000000000001	253.763948222511
0.740000000000001	257.931028441796
0.741000000000001	248.268529278147
0.742000000000001	243.114717866481
0.743000000000001	246.556636150028
0.744000000000001	252.59612158978
0.745000000000001	258.361412975622
0.746000000000001	248.044502997383
0.747000000000001	241.85613276028
0.748000000000001	246.138528324667
0.749000000000001	253.678227677036
0.750000000000001	258.041906703539
0.751000000000001	248.252824940858
0.752000000000001	242.957381423905
0.753000000000001	246.4626713158
0.754000000000001	252.424184384003
0.755000000000001	258.395171526274
0.756000000000001	247.991049532636
0.757000000000001	241.7559078813
0.758000000000001	245.921222748801
0.759000000000001	253.478028898504
0.760000000000001	258.035985712422
0.761000000000001	248.272324878227
0.762000000000001	243.015141862531
0.763000000000001	246.478367024566
0.764000000000001	252.360442300746
0.765000000000001	258.659276954772
0.766000000000001	248.15170700723
0.767000000000001	241.826534089966
0.768000000000001	245.995347883528
0.769000000000001	253.535496139845
0.770000000000001	258.168256018846
0.771000000000001	248.390623995639
0.772000000000001	243.079890686445
0.773000000000001	246.435558144141
0.774000000000001	252.44428986617
0.775000000000001	258.518132815147
0.776000000000001	248.047701151725
0.777000000000001	241.758373288493
0.778000000000001	245.995486777364
0.779000000000001	253.611214797001
0.780000000000001	258.001614085322
0.781000000000001	248.304135309298
0.782000000000001	243.054898902052
0.783000000000001	246.462599860991
0.784000000000001	252.410297924344
0.785000000000001	258.484086976033
0.786000000000001	248.105314086675
0.787000000000001	241.824532571847
0.788000000000001	246.032119252947
0.789000000000001	253.469667802307
0.790000000000001	258.166282923117
0.791000000000001	248.311408734112
0.792000000000001	242.919423486588
0.793000000000001	246.370220443061
0.794000000000001	252.243731666951
0.795000000000001	258.548151633095
0.796000000000001	248.075176299854
0.797000000000001	241.734512861017
0.798000000000001	245.842351675337
0.799000000000001	253.322041325789
0.800000000000001	258.173690611619
0.801000000000001	248.361988198156
0.802000000000001	243.013649285354
0.803000000000001	246.406996091447
0.804000000000001	252.238644251469
0.805000000000001	258.82156227251
0.806000000000001	248.239520615687
0.807000000000001	241.827092620432
0.808000000000001	245.932158496453
0.809000000000001	253.420283400475
0.810000000000001	258.260274371095
0.811000000000001	248.447460658663
0.812000000000001	243.059435751329
0.813000000000001	246.359381239353
0.814000000000001	252.334385797168
0.815000000000001	258.595861951963
0.816000000000001	248.093193529598
0.817000000000001	241.73885118755
0.818000000000001	245.931235310793
0.819000000000001	253.471689089422
0.820000000000001	258.070766202978
0.821000000000001	248.339754692276
0.822000000000001	243.000764271009
0.823000000000001	246.374794650369
0.824000000000001	252.239820261791
0.825000000000001	258.576425327615
0.826000000000001	248.149768869597
0.827000000000001	241.783272550095
0.828000000000001	245.922656825086
0.829000000000001	253.276563249533
0.830000000000001	258.265784416991
0.831000000000001	248.361957897071
0.832000000000001	242.885264995097
0.833000000000001	246.279005864572
0.834000000000001	252.059256750564
0.835000000000001	258.680798700946
0.836000000000001	248.14620222652
0.837000000000001	241.708095772424
0.838000000000001	245.749250398363
0.839000000000001	253.157718549475
0.840000000000001	258.301244229963
0.841000000000001	248.445932155889
0.842000000000001	243.002759472727
0.843000000000001	246.330453028405
0.844000000000001	252.096727295907
0.845000000000001	258.962345522811
0.846000000000001	248.317142572312
0.847000000000001	241.819407067877
0.848000000000001	245.873853971628
0.849000000000001	253.291390613642
0.850000000000001	258.361384316333
0.851000000000001	248.508671223386
0.852000000000001	243.035191740847
0.853000000000001	246.283612646933
0.854000000000001	252.224477125563
0.855000000000001	258.685802199558
0.856000000000001	248.148852697718
0.857000000000001	241.723122067224
0.858000000000001	245.868368938787
0.859000000000001	253.342367785475
0.860000000000001	258.141859523937
0.861000000000001	248.374076539295
0.862000000000001	242.949877782476
0.863000000000001	246.284240821707
0.864000000000001	252.080135364808
0.865000000000001	258.658397857065
0.866000000000001	248.191473705477
0.867000000000001	241.745358247694
0.868000000000001	245.824069065676
0.869000000000001	253.099043384869
0.870000000000001	258.349197508557
0.871000000000001	248.406743626139
0.872000000000001	242.852409017647
0.873000000000001	246.19002759198
0.874000000000001	251.871607396027
0.875000000000001	258.7986023376
0.876000000000001	248.214736783839
0.877000000000001	241.687667862961
0.878000000000001	245.662239320189
0.879000000000001	252.988306052032
0.880000000000001	258.419143342111
0.881000000000001	248.520946880038
0.882000000000001	242.98661378903
0.883000000000001	246.254482879857
0.884000000000001	251.938419037847
0.885000000000001	259.089644933098
0.886000000000001	248.400888445454
0.887000000000001	241.826183733889
0.888000000000001	245.830380327772
0.889000000000001	253.153905384427
0.890000000000001	258.468744772042
0.891000000000001	248.57011762384
0.892000000000001	243.005621585518
0.893000000000001	246.209981626409
0.894000000000001	252.106440939989
0.895000000000001	258.775233761811
0.896000000000001	248.205872138744
0.897000000000001	241.709050784448
0.898000000000001	245.789158257954
0.899000000000001	253.207156924527
0.900000000000001	258.220099133557
0.901000000000001	248.416211946694
0.902000000000001	242.905777249217
0.903000000000001	246.196192797235
0.904000000000001	251.929074386055
0.905000000000001	258.73532308246
0.906000000000001	248.232729942087
0.907000000000001	241.712341935897
0.908000000000001	245.720640050846
0.909000000000001	252.930369916487
0.910000000000001	258.419933006327
0.911000000000001	248.450057458235
0.912000000000001	242.820934622927
0.913000000000001	246.103807813831
0.914000000000001	251.690681526556
0.915000000000001	258.90369756543
0.916000000000001	248.277200388864
0.917000000000001	241.665623622624
0.918000000000001	245.59424658507
0.919000000000001	252.818410832292
0.920000000000001	258.524531680436
0.921000000000001	248.592092320255
0.922000000000001	242.964540742204
0.923000000000001	246.177070387449
0.924000000000001	251.780210741556
0.925000000000001	259.212121046612
0.926000000000001	248.486109228198
0.927000000000001	241.840721849604
0.928000000000001	245.794313306762
0.929000000000001	253.025987582606
0.930000000000001	258.586554866771
0.931000000000001	248.636196748106
0.932000000000001	242.974250870108
0.933000000000001	246.139534476832
0.934000000000001	251.982893455909
0.935000000000001	258.862211113411
0.936000000000001	248.26966641835
0.937000000000001	241.703805558879
0.938000000000001	245.719649160213
0.939000000000001	253.074340311944
0.940000000000001	258.302142164251
0.941000000000001	248.458790731496
0.942000000000001	242.867279129756
0.943000000000001	246.126363979756
0.944000000000001	251.787108507854
0.945000000000001	258.816802333415
0.946000000000001	248.287007048505
0.947000000000001	241.697707917985
0.948000000000001	245.646916841284
0.949000000000001	252.773021265265
0.950000000000001	258.486351747203
0.951000000000001	248.494019097875
0.952000000000001	242.793932392177
0.953000000000001	246.022040233756
0.954000000000001	251.515106785965
0.955000000000001	259.002856035043
0.956000000000001	248.333381074926
0.957000000000001	241.645822668404
0.958000000000001	245.549862952839
0.959000000000001	252.655096597786
0.960000000000001	258.620401126495
0.961000000000001	248.661261651202
0.962000000000001	242.945324497749
0.963000000000001	246.101874778367
0.964000000000001	251.625414349317
0.965000000000001	259.322138417957
0.966000000000001	248.560636640946
0.967000000000001	241.849561653684
0.968000000000001	245.750766761457
0.969000000000001	252.889938114074
0.970000000000001	258.685320052704
0.971000000000001	248.699286100929
0.972000000000001	242.947653732303
0.973000000000001	246.07138626813
0.974000000000001	251.853689487765
0.975000000000001	258.948947162863
0.976000000000001	248.340296994845
0.977000000000001	241.693010440402
0.978000000000001	245.660128281979
0.979000000000001	252.936720399267
0.980000000000001	258.381249639515
0.981000000000001	248.497926789848
0.982000000000001	242.827505227542
0.983000000000001	246.050899779881
0.984000000000001	251.635167257975
0.985000000000001	258.891690222189
0.986000000000001	248.332599715854
0.987000000000001	241.672164602087
0.988000000000001	245.554075252709
0.989000000000001	252.617241451169
0.990000000000001	258.550574814729
0.991000000000001	248.543585435794
0.992000000000001	242.768270036952
0.993000000000001	245.942850494036
0.994000000000001	251.342012108095
0.995000000000001	259.09498991915
0.996000000000001	248.382751080238
0.997000000000001	241.614249617395
0.998000000000001	245.477919372249
0.999000000000001	252.490667214412
1	258.713584655299
1.001	248.730629315193
1.002	242.932224986434
1.003	246.026238793481
1.004	251.473309310287
1.005	259.416851952854
1.006	248.61995255433
1.007	241.839837812419
1.008	245.682662208149
1.009	252.747582898204
1.01	258.77431136109
1.011	248.755546091002
1.012	242.923064895875
1.013	246.006418986779
1.014	251.725402629654
1.015	259.027747324248
1.016	248.402578312196
1.017	241.683848526206
1.018	245.589239178832
1.019	252.797006749344
1.02	258.457595228703
1.021	248.537882770223
1.022	242.790630367254
1.023	245.977295037031
1.024	251.477439456634
1.025	258.963828072331
1.026	248.365750371017
1.027	241.637999449848
1.028	245.458950909404
1.029	252.454928324032
1.03	258.608857458866
1.031	248.592218600046
1.032	242.749016045381
1.033	245.873326955155
1.034	251.174550417696
1.035	259.179084144117
1.036	248.436569724777
1.037	241.593971451096
1.038	245.408763766652
1.039	252.327213266929
1.04	258.800050475841
1.041	248.79953593665
1.042	242.920443579198
1.043	245.95541745497
1.044	251.318260099356
1.045	259.503941441182
1.046	248.679227530706
1.047	241.827382597613
1.048	245.618005071598
1.049	252.606558705191
1.05	258.855642777911
1.051	248.801232273239
1.05199999999999	242.906058856794
1.05299999999999	245.949214918334
1.05399999999999	251.590798614155
1.05499999999999	259.103279395308
1.05599999999999	248.466058714524
1.05699999999999	241.679091329134
1.05799999999999	245.515220501615
1.05899999999999	252.651076687087
1.05999999999999	258.533303774691
1.06099999999999	248.583587272264
1.06199999999999	242.761874537551
1.06299999999999	245.908376398308
1.06399999999999	251.323272223783
1.06499999999999	259.038197557147
1.06599999999999	248.401829590182
1.06699999999999	241.60551195014
1.06799999999999	245.366442624251
1.06899999999999	252.296267557948
1.06999999999999	258.670659640708
1.07099999999999	248.647402810954
1.07199999999999	242.737997069805
1.07299999999999	245.805940118727
1.07399999999999	251.012867413565
1.07499999999999	259.259654898171
1.07599999999999	248.489671380577
1.07699999999999	241.577724527948
1.07799999999999	245.334810174724
1.07899999999999	252.168003328157
1.07999999999999	258.878357771471
1.08099999999999	248.86586779022
1.08199999999999	242.894059101593
1.08299999999999	245.902242898813
1.08399999999999	251.181367834549
1.08499999999999	259.594808513373
1.08599999999999	248.760047282596
1.08699999999999	241.848808967171
1.08799999999999	245.590011611159
1.08899999999999	252.475732740455
1.08999999999999	258.926986286281
1.09099999999999	248.84611416869
1.09199999999999	242.884375314807
1.09299999999999	245.893671791088
1.09399999999999	251.450710438056
1.09499999999999	259.178845614408
1.09599999999999	248.528246112869
1.09699999999999	241.663949325732
1.09799999999999	245.447420638622
1.09899999999999	252.505398857596
1.09999999999999	258.608583627531
1.10099999999999	248.629936952078
1.10199999999999	242.733361324927
1.10299999999999	245.845022770484
1.10399999999999	251.172957058087
1.10499999999999	259.119231763233
1.10599999999999	248.446851843982
1.10699999999999	241.588609148914
1.10799999999999	245.28609246585
1.10899999999999	252.144991077936
1.10999999999999	258.730081774042
1.11099999999999	248.703292306728
1.11199999999999	242.727947676801
1.11299999999999	245.740381698057
1.11399999999999	250.863504467586
1.11499999999999	259.337630622969
1.11599999999999	248.544159315401
1.11699999999999	241.563610048304
1.11799999999999	245.271712946127
1.11899999999999	252.021322756481
1.11999999999999	258.952983230071
1.12099999999999	248.930561733954
1.12199999999999	242.870363475744
1.12299999999999	245.844296124224
1.12399999999999	251.033601436965
1.12499999999999	259.666473156745
1.12599999999999	248.806086185332
1.12699999999999	241.833817557053
1.12799999999999	245.537958447205
1.12899999999999	252.346132510935
1.12999999999999	258.993419041349
1.13099999999999	248.892508035727
1.13199999999999	242.854426096351
1.13299999999999	245.838003657144
1.13399999999999	251.311066443647
1.13499999999999	259.252796997892
1.13599999999999	248.589771920762
1.13699999999999	241.651957788444
1.13799999999999	245.38032642718
1.13899999999999	252.360295323248
1.13999999999999	258.680454840833
1.14099999999999	248.678823244759
1.14199999999999	242.701984683967
1.14299999999998	245.783670186359
1.14399999999998	251.025497288106
1.14499999999998	259.199524787355
1.14599999999998	248.489210384869
1.14699999999998	241.572722790216
1.14799999999998	245.211553296795
1.14899999999998	251.992424899158
1.14999999999998	258.783941524344
1.15099999999998	248.762512497325
1.15199999999998	242.711873479521
1.15299999999998	245.676809544287
1.15399999999998	250.719928418071
1.15499999999998	259.413223172778
1.15599999999998	248.599756010954
1.15699999999998	241.550429672631
1.15799999999998	245.208754659432
1.15899999999998	251.876206228874
1.15999999999998	259.022545681197
1.16099999999998	248.995395741914
1.16199999999998	242.856185085258
1.16299999999998	245.806547557183
1.16399999999998	250.904807569612
1.16499999999998	259.736385348522
1.16599999999998	248.869586631427
1.16699999999998	241.837833284046
1.16799999999998	245.491977489463
1.16899999999998	252.210545170666
1.16999999999998	259.054105880879
1.17099999999998	248.939884804132
1.17199999999998	242.827987323917
1.17299999999998	245.781717251108
1.17399999999998	251.171339692215
1.17499999999998	259.326301039255
1.17599999999998	248.645933985262
1.17699999999998	241.641422681779
1.17799999999998	245.30877201193
1.17899999999998	252.224039982052
1.17999999999998	258.746959929433
1.18099999999998	248.731792292966
1.18199999999998	242.674364509961
1.18299999999998	245.717407953989
1.18399999999998	250.880780492382
1.18499999999998	259.273791070619
1.18599999999998	248.526960435357
1.18699999999998	241.554708748759
1.18799999999998	245.137399042336
1.18899999999998	251.84109976672
1.18999999999998	258.834941193563
1.19099999999998	248.82336157714
1.19199999999998	242.696950883324
1.19299999999998	245.604152074862
1.19399999999998	250.578560762841
1.19499999999998	259.486278229368
1.19599999999998	248.657924381367
1.19699999999998	241.53488231735
1.19799999999998	245.167357387264
1.19899999999998	251.74126887466
1.19999999999998	259.089679918684
1.20099999999998	249.060626159985
1.20199999999998	242.844275715364
1.20299999999998	245.752577273867
1.20399999999998	250.767075708117
1.20499999999998	259.79575500956
1.20599999999998	248.913784840423
1.20699999999998	241.810782742121
1.20799999999998	245.426560012983
1.20899999999998	252.075354905072
1.20999999999998	259.107010507407
1.21099999999998	248.991939426778
1.21199999999998	242.807879857684
1.21299999999998	245.725044543946
1.21399999999998	251.028491529939
1.21499999999998	259.39662601655
1.21599999999998	248.703631298452
1.21699999999998	241.628732672281
1.21799999999998	245.234140108309
1.21899999999998	252.08417076422
1.21999999999998	258.813291974696
1.22099999999998	248.784923366217
1.22199999999998	242.656341984044
1.22299999999998	245.654286265502
1.22399999999998	250.732948215808
1.22499999999998	259.356514521194
1.22599999999998	248.569604433887
1.22699999999998	241.532611476695
1.22799999999998	245.068427373989
1.22899999999998	251.702773453697
1.22999999999998	258.88294449587
1.23099999999998	248.88366311882
1.23199999999998	242.688697820605
1.23299999999998	245.537409402769
1.23399999999997	250.442182056735
1.23499999999997	259.551745455272
1.23599999999997	248.713395881216
1.23699999999997	241.529565902344
1.23799999999997	245.08896627269
1.23899999999997	251.597736610291
1.23999999999997	259.15147372983
1.24099999999997	249.114779945262
1.24199999999997	242.823796775734
1.24299999999997	245.688061718359
1.24399999999997	250.63626779925
1.24499999999997	259.861788446252
1.24599999999997	248.967022436271
1.24699999999997	241.800427171289
1.24799999999997	245.381847790775
1.24899999999997	251.93839847974
1.24999999999997	259.155479422822
1.25099999999997	249.044216775879
1.25199999999997	242.785710369288
1.25299999999997	245.662472515887
1.25399999999997	250.886668286991
1.25499999999997	259.470042069514
1.25599999999997	248.763352090622
1.25699999999997	241.624197883189
1.25799999999997	245.171048615917
1.25899999999997	251.946373288843
1.25999999999997	258.878658609071
1.26099999999997	248.841462811335
1.26199999999997	242.643366304279
1.26299999999997	245.590271431038
1.26399999999997	250.583259971586
1.26499999999997	259.437028988693
1.26599999999997	248.611736790574
1.26699999999997	241.502304486355
1.26799999999997	245.01756057217
1.26899999999997	251.563906705254
1.26999999999997	258.928676816576
1.27099999999997	248.948079887632
1.27199999999997	242.686297817764
1.27299999999997	245.48757794186
1.27399999999997	250.316187739179
1.27499999999997	259.613744839028
1.27599999999997	248.766797756105
1.27699999999997	241.51887162805
1.27799999999997	245.017506089345
1.27899999999997	251.456426686486
1.27999999999997	259.204976509386
1.28099999999997	249.169229001232
1.28199999999997	242.793550076559
1.28299999999997	245.608525683819
1.28399999999997	250.508737044104
1.28499999999997	259.916450878133
1.28599999999997	249.014465454927
1.28699999999997	241.786805257083
1.28799999999997	245.371962177495
1.28899999999997	251.812933731593
1.28999999999997	259.198682765913
1.29099999999997	249.096211010979
1.29199999999997	242.758375061222
1.29299999999997	245.595998360274
1.29399999999997	250.745742338099
1.29499999999997	259.539686047189
1.29599999999997	248.824550488899
1.29699999999997	241.611410595458
1.29799999999997	245.100542122029
1.29899999999997	251.807353625
1.29999999999997	258.941652081877
1.30099999999997	248.898351966251
1.30199999999997	242.618832884771
1.30299999999997	245.522776497932
1.30399999999997	250.441541013675
1.30499999999997	259.516257381
1.30599999999997	248.662583974155
1.30699999999997	241.489524715967
1.30799999999997	244.957887345912
1.30899999999997	251.432748796571
1.30999999999997	258.974501711196
1.31099999999997	249.012562061491
1.31199999999997	242.686908671696
1.31299999999997	245.432922918855
1.31399999999997	250.195137677959
1.31499999999997	259.675111235224
1.31599999999997	248.818353864821
1.31699999999997	241.495107538471
1.31799999999997	244.968226269432
1.31899999999997	251.323015257072
1.31999999999997	259.252267708157
1.32099999999997	249.222799224147
1.32199999999997	242.76522816207
1.32299999999997	245.541491162551
1.32399999999996	250.375173407363
1.32499999999996	259.957784227499
1.32599999999996	249.049492751715
1.32699999999996	241.76081410165
1.32799999999996	245.287140055363
1.32899999999996	251.673268573519
1.32999999999996	259.236873178776
1.33099999999996	249.150053408102
1.33199999999996	242.735821713865
1.33299999999996	245.542483561871
1.33399999999996	250.60328750967
1.33499999999996	259.60530092286
1.33599999999996	248.883128478135
1.33699999999996	241.595125899521
1.33799999999996	245.029919260097
1.33899999999996	251.664012978467
1.33999999999996	258.999305032161
1.34099999999996	248.95775125204
1.34199999999996	242.600034140041
1.34299999999996	245.463752569301
1.34399999999996	250.301993693867
1.34499999999996	259.585428920177
1.34599999999996	248.709093914564
1.34699999999996	241.469448190182
1.34799999999996	244.923900190306
1.34899999999996	251.307019145402
1.34999999999996	259.024504754821
1.35099999999996	249.078174904745
1.35199999999996	242.681126359916
1.35299999999996	245.377024104817
1.35399999999996	250.079902947715
1.35499999999996	259.72530217197
1.35599999999996	248.874226380218
1.35699999999996	241.476289109657
1.35799999999996	244.946473035633
1.35899999999996	251.202765774466
1.35999999999996	259.294359623726
1.36099999999996	249.271920280313
1.36199999999996	242.740980231624
1.36299999999996	245.482957448192
1.36399999999996	250.253786077839
1.36499999999996	259.994917514505
1.36599999999996	249.090108652539
1.36699999999996	241.750268164087
1.36799999999996	245.205177512327
1.36899999999996	251.531191939678
1.36999999999996	259.274080359437
1.37099999999996	249.194918782304
1.37199999999996	242.717527591109
1.37299999999996	245.490985329187
1.37399999999996	250.458694710954
1.37499999999996	259.66839416395
1.37599999999996	248.940148606285
1.37699999999996	241.580492531708
1.37799999999996	244.951240952624
1.37899999999996	251.517006567027
1.37999999999996	259.05534184686
1.38099999999996	249.021175913181
1.38199999999996	242.590171946402
1.38299999999996	245.411326485242
1.38399999999996	250.171046261175
1.38499999999996	259.656862584229
1.38599999999996	248.764091682108
1.38699999999996	241.469485724908
1.38799999999996	244.882763531548
1.38899999999996	251.175518585787
1.38999999999996	259.072146244707
1.39099999999996	249.142448417796
1.39199999999996	242.666663452278
1.39299999999996	245.319802130884
1.39399999999996	249.967879769732
1.39499999999996	259.771276568925
1.39599999999996	248.926920140511
1.39699999999996	241.46230368318
1.39799999999996	244.869376877328
1.39899999999996	251.075856691045
1.39999999999996	259.333967244303
1.40099999999996	249.31461667201
1.40199999999996	242.716341294847
1.40299999999996	245.431195358379
1.40399999999996	250.137089469417
1.40499999999996	260.0187617919
1.40599999999996	249.123466671597
1.40699999999996	241.73277146794
1.40799999999996	245.120142186243
1.40899999999996	251.386479709328
1.40999999999996	259.302437118975
1.41099999999996	249.237653827158
1.41199999999996	242.697839657642
1.41299999999996	245.432583921504
1.41399999999996	250.313526666032
1.41499999999995	259.726351573256
1.41599999999995	248.996287220406
1.41699999999995	241.557636809253
1.41799999999995	244.87847164756
1.41899999999995	251.374512292034
1.41999999999995	259.111805357843
1.42099999999995	249.086510369727
1.42199999999995	242.58194368583
1.42299999999995	245.368790951713
1.42399999999995	250.043393750918
1.42499999999995	259.726272665418
1.42599999999995	248.817433662698
1.42699999999995	241.460389453242
1.42799999999995	244.859088235298
1.42899999999995	251.057031167247
1.42999999999995	259.121889566703
1.43099999999995	249.209976675146
1.43199999999995	242.660067588106
1.43299999999995	245.264672415677
1.43399999999995	249.865657601593
1.43499999999995	259.815485617289
1.43599999999995	248.981044925332
1.43699999999995	241.45477795608
1.43799999999995	244.820050870815
1.43899999999995	250.964356716587
1.43999999999995	259.371103214498
1.44099999999995	249.361545065868
1.44199999999995	242.698403498261
1.44299999999995	245.380992044968
1.44399999999995	250.022974805058
1.44499999999995	260.041687219222
1.44599999999995	249.160850442289
1.44699999999995	241.700889730574
1.44799999999995	245.041968730166
1.44899999999995	251.249611184216
1.44999999999995	259.326349117035
1.45099999999995	249.278252950503
1.45199999999995	242.675335690919
1.45299999999995	245.367989395589
1.45399999999995	250.172184134463
1.45499999999995	259.778051872488
1.45599999999995	249.045307169461
1.45699999999995	241.533783722494
1.45799999999995	244.822361192418
1.45899999999995	251.225223753064
1.45999999999995	259.162683789254
1.46099999999995	249.151056195997
1.46199999999995	242.571824700243
1.46299999999995	245.311468136485
1.46399999999995	249.916648186452
1.46499999999995	259.791071165729
1.46599999999995	248.876168529511
1.46699999999995	241.449795978142
1.46799999999995	244.793472806636
1.46899999999995	250.922790231839
1.46999999999995	259.171268589281
1.47099999999995	249.289444343739
1.47199999999995	242.662215808068
1.47299999999995	245.216604086961
1.47399999999995	249.776225252354
1.47499999999995	259.88001531213
1.47599999999995	249.046229160899
1.47699999999995	241.459125009151
1.47799999999995	244.776726259897
1.47899999999995	250.862642299379
1.47999999999995	259.412728037639
1.48099999999995	249.408398909636
1.48199999999995	242.687156285844
1.48299999999995	245.331571829707
1.48399999999995	249.918087388522
1.48499999999995	260.06223160157
1.48599999999995	249.200156721619
1.48699999999995	241.684327231791
1.48799999999995	244.979120044798
1.48899999999995	251.122972955374
1.48999999999995	259.341650215088
1.49099999999995	249.317888734095
1.49199999999995	242.656334849712
1.49299999999995	245.306876875254
1.49399999999995	250.035089442875
1.49499999999995	259.83698456811
1.49599999999995	249.103283999805
1.49699999999995	241.509397916693
1.49799999999995	244.786215824162
1.49899999999995	251.084071828465
1.49999999999995	259.220880348275
1.50099999999995	249.21979215289
1.50199999999995	242.561827647848
1.50299999999995	245.254392978852
1.50399999999995	249.785262907186
1.50499999999995	259.849864114281
1.50599999999994	248.93547963862
1.50699999999994	241.438904337235
1.50799999999994	244.751883548687
1.50899999999994	250.797807721368
1.50999999999994	259.217608261863
1.51099999999994	249.364723419866
1.51199999999994	242.67044624093
1.51299999999994	245.179054310156
1.51399999999994	249.689015209585
1.51499999999994	259.948415517903
1.51599999999994	249.121651916814
1.51699999999994	241.471345123123
1.51799999999994	244.741122428413
1.51899999999994	250.774945065719
1.51999999999994	259.487463501328
1.52099999999994	249.475840634101
1.52199999999994	242.687331616221
1.52299999999994	245.282971654729
1.52399999999994	249.817521646719
1.52499999999994	260.082183115526
1.52599999999994	249.238460651786
1.52699999999994	241.676320222777
1.52799999999994	244.927776568785
1.52899999999994	251.002626643641
1.52999999999994	259.353030351598
1.53099999999994	249.355589953645
1.53199999999994	242.640383128595
1.53299999999994	245.245126140593
1.53399999999994	249.899355828897
1.53499999999994	259.882131070074
1.53599999999994	249.160624160796
1.53699999999994	241.486688863768
1.53799999999994	244.725141697717
1.53899999999994	250.933502681101
1.53999999999994	259.264376699251
1.54099999999994	249.284933047939
1.54199999999994	242.559470900165
1.54299999999994	245.200793958308
1.54399999999994	249.649223978006
1.54499999999994	259.899841033797
1.54599999999994	248.997758564263
1.54699999999994	241.437661792623
1.54799999999994	244.717495695722
1.54899999999994	250.678023774899
1.54999999999994	259.264685356524
1.55099999999994	249.445001067762
1.55199999999994	242.683477294702
1.55299999999994	245.157927709633
1.55399999999994	249.60414511567
1.55499999999994	260.038772946127
1.55599999999994	249.20158227761
1.55699999999994	241.485322131649
1.55799999999994	244.709093680735
1.55899999999994	250.674169356974
1.55999999999994	259.541075545719
1.56099999999994	249.540439816197
1.56199999999994	242.682349863925
1.56299999999994	245.232638664811
1.56399999999994	249.710840951539
1.56499999999994	260.102354507074
1.56599999999994	249.27515912888
1.56699999999994	241.658462291207
1.56799999999994	244.87647342135
1.56899999999994	250.883960208689
1.56999999999994	259.366733829178
1.57099999999994	249.396363965911
1.57199999999994	242.630253447827
1.57299999999994	245.184385469489
1.57399999999994	249.773331268178
1.57499999999994	259.928276150809
1.57599999999994	249.212422049167
1.57699999999994	241.478462894866
1.57799999999994	244.654361618238
1.57899999999994	250.783915924694
1.57999999999994	259.301487288326
1.58099999999994	249.342943483142
1.58199999999994	242.555819586848
1.58299999999994	245.147018110168
1.58399999999994	249.519910304942
1.58499999999994	259.939748211331
1.58599999999994	249.058817976126
1.58699999999994	241.43892241521
1.58799999999994	244.678133662406
1.58899999999994	250.55523646576
1.58999999999994	259.296879856563
1.59099999999994	249.51272578341
1.59199999999994	242.686083250023
1.59299999999994	245.131058437877
1.59399999999994	249.515532756792
1.59499999999994	260.109270901124
1.59599999999994	249.275067494983
1.59699999999993	241.492455708728
1.59799999999993	244.681452004862
1.59899999999993	250.566637970133
1.59999999999993	259.573222878939
1.60099999999993	249.595954081438
1.60199999999993	242.676077347685
1.60299999999993	245.180316861458
1.60399999999993	249.602185095744
1.60499999999993	260.123753992069
1.60599999999993	249.325046792492
1.60699999999993	241.64709563239
1.60799999999993	244.842244375715
1.60899999999993	250.766845611986
1.60999999999993	259.382672402757
1.61099999999993	249.448292107027
1.61199999999993	242.626708222956
1.61299999999993	245.127421687278
1.61399999999993	249.658505711071
1.61499999999993	259.992875113778
1.61599999999993	249.264238599532
1.61699999999993	241.47164191648
1.61799999999993	244.606986623408
1.61899999999993	250.642795987881
1.61999999999993	259.313043711071
1.62099999999993	249.397201724713
1.62199999999993	242.550800950206
1.62299999999993	245.096423759401
1.62399999999993	249.398629113583
1.62499999999993	259.97472463423
1.62599999999993	249.12174577919
1.62699999999993	241.440179302754
1.62799999999993	244.644736378213
1.62899999999993	250.434943566256
1.62999999999993	259.325637383668
1.63099999999993	249.580155711777
1.63199999999993	242.687179364882
1.63299999999993	245.098088381393
1.63399999999993	249.421134634218
1.63499999999993	260.165194363029
1.63599999999993	249.345832651303
1.63699999999993	241.497913788666
1.63799999999993	244.652011666271
1.63899999999993	250.462285669176
1.63999999999993	259.595962168015
1.64099999999993	249.649802095796
1.64199999999993	242.675642714741
1.64299999999993	245.140012093302
1.64399999999993	249.49659620634
1.64499999999993	260.14289548378
1.64599999999993	249.374485522143
1.64699999999993	241.632198648492
1.64799999999993	244.790142610826
1.64899999999993	250.652609008748
1.64999999999993	259.39825783626
1.65099999999993	249.49609620849
1.65199999999993	242.621834485197
1.65299999999993	245.075114440769
1.65399999999993	249.534644084016
1.65499999999993	260.024405952099
1.65599999999993	249.300584976503
1.65699999999993	241.45195149973
1.65799999999993	244.562569316033
1.65899999999993	250.504529794283
1.65999999999993	259.327970909869
1.66099999999993	249.452452766889
1.66199999999993	242.555296533529
1.66299999999993	245.046235036759
1.66399999999993	249.278854807687
1.66499999999993	260.000110252128
1.66599999999993	249.177845387214
1.66699999999993	241.438047026896
1.66799999999993	244.614555385316
1.66899999999993	250.317192351011
1.66999999999993	259.348268237307
1.67099999999993	249.648690944395
1.67199999999993	242.696545960468
1.67299999999993	245.05387624801
1.67399999999993	249.32263157479
1.67499999999993	260.232661622646
1.67599999999993	249.426006264895
1.67699999999993	241.511121793816
1.67799999999993	244.605831100428
1.67899999999993	250.360063935374
1.67999999999993	259.619101271247
1.68099999999993	249.711101209002
1.68199999999993	242.682899522676
1.68299999999993	245.098961856645
1.68399999999993	249.38552816149
1.68499999999993	260.16483676534
1.68599999999993	249.428993308077
1.68699999999993	241.623831890904
1.68799999999992	244.739431555269
1.68899999999992	250.538511502384
1.68999999999992	259.409752411752
1.69099999999992	249.546754025668
1.69199999999992	242.624176390179
1.69299999999992	245.02579403817
1.69399999999992	249.420959779914
1.69499999999992	260.069611613484
1.69599999999992	249.343680222942
1.69699999999992	241.438476239232
1.69799999999992	244.518162846007
1.69899999999992	250.369029822366
1.69999999999992	259.335294393845
1.70099999999992	249.515456644358
1.70199999999992	242.560369945252
1.70299999999992	244.992650273436
1.70399999999992	249.159708566533
1.70499999999992	260.018753372263
1.70599999999992	249.237934011036
1.70699999999992	241.433766610998
1.70799999999992	244.577634521797
1.70899999999992	250.199180048266
1.70999999999992	259.361876831251
1.71099999999992	249.712821088877
1.71199999999992	242.706634472011
1.71299999999992	245.004701746751
1.71399999999992	249.223532093754
1.71499999999992	260.276055912129
1.71599999999992	249.498979947842
1.71699999999992	241.521083577036
1.71799999999992	244.571261604195
1.71899999999992	250.258075138809
1.71999999999992	259.634574821339
1.72099999999992	249.774352071553
1.72199999999992	242.682401964496
1.72299999999992	245.056438292699
1.72399999999992	249.276678138091
1.72499999999992	260.187227430122
1.72599999999992	249.483688146628
1.72699999999992	241.629210695975
1.72799999999992	244.695791464469
1.72899999999992	250.424816894196
1.72999999999992	259.418285158761
1.73099999999992	249.59452448528
1.73199999999992	242.629592811711
1.73299999999992	244.977207896429
1.73399999999992	249.305018054978
1.73499999999992	260.103595707552
1.73599999999992	249.384031145553
1.73699999999992	241.423667114257
1.73799999999992	244.478959582129
1.73899999999992	250.240008769941
1.73999999999992	259.346458399301
1.74099999999992	249.578766378969
1.74199999999992	242.563484271441
1.74299999999992	244.92979894842
1.74399999999992	249.044004519226
1.74499999999992	260.037669206919
1.74599999999992	249.300736342671
1.74699999999992	241.438533117088
1.74799999999992	244.546577523557
1.74899999999992	250.084257534807
1.74999999999992	259.372497169133
1.75099999999992	249.767825864311
1.75199999999992	242.717749503139
1.75299999999992	244.967884461699
1.75399999999992	249.118674552924
1.75499999999992	260.302368180654
1.75599999999992	249.573035610673
1.75699999999992	241.528862347048
1.75799999999992	244.52520347469
1.75899999999992	250.151772361427
1.75999999999992	259.643607043987
1.76099999999992	249.825627556863
1.76199999999992	242.685527581899
1.76299999999992	245.011671955541
1.76399999999992	249.163572070292
1.76499999999992	260.206620320862
1.76599999999992	249.536147011436
1.76699999999992	241.619323541966
1.76799999999992	244.649654893915
1.76899999999992	250.310412856267
1.76999999999992	259.421816994561
1.77099999999992	249.644184450356
1.77199999999992	242.636715848931
1.77299999999992	244.92849306109
1.77399999999992	249.190683286507
1.77499999999992	260.132872696494
1.77599999999992	249.429416231249
1.77699999999992	241.4173012263
1.77799999999991	244.445137433116
1.77899999999991	250.113547650197
1.77999999999991	259.35540904543
1.78099999999991	249.635573761857
1.78199999999991	242.569035785867
1.78299999999991	244.876966671003
1.78399999999991	248.935685323068
1.78499999999991	260.047543934162
1.78599999999991	249.360677048413
1.78699999999991	241.439209063552
1.78799999999991	244.510335973567
1.78899999999991	249.968710671993
1.78999999999991	259.379630315371
1.79099999999991	249.829511113338
1.79199999999991	242.722998241392
1.79299999999991	244.926177079971
1.79399999999991	249.013346847723
1.79499999999991	260.32121459725
1.79599999999991	249.641961423209
1.79699999999991	241.535126429566
1.79799999999991	244.468095620269
1.79899999999991	250.037353544891
1.79999999999991	259.647697650679
1.80099999999991	249.882552853641
1.80199999999991	242.698640175047
1.80299999999991	244.966362225961
1.80399999999991	249.053520242228
1.80499999999991	260.22503967024
1.80599999999991	249.585584788391
1.80699999999991	241.614344652168
1.80799999999991	244.604419402211
1.80899999999991	250.199709115272
1.80999999999991	259.423258900603
1.81099999999991	249.692583080995
1.81199999999991	242.644248552589
1.81299999999991	244.880206896362
1.81399999999991	249.07510827953
1.81499999999991	260.151313941074
1.81599999999991	249.475929163941
1.81699999999991	241.412027151489
1.81799999999991	244.393002067414
1.81899999999991	249.991253783973
1.81999999999991	259.361096852076
1.82099999999991	249.698245437827
1.82199999999991	242.579559045672
1.82299999999991	244.831604977813
1.82399999999991	248.833124205019
1.82499999999991	260.055567489385
1.82599999999991	249.425931355877
1.82699999999991	241.445862349068
1.82799999999991	244.487653331633
1.82899999999991	249.858883998042
1.82999999999991	259.377820372786
1.83099999999991	249.886465248297
1.83199999999991	242.725557590138
1.83299999999991	244.883074972617
1.83399999999991	248.907654550556
1.83499999999991	260.333230617301
1.83599999999991	249.710987497046
1.83699999999991	241.543483181805
1.83799999999991	244.407390717297
1.83899999999991	249.9167319549
1.83999999999991	259.644097544476
1.84099999999991	249.92867854296
1.84199999999991	242.713162854574
1.84299999999991	244.923240578104
1.84399999999991	248.948113643567
1.84499999999991	260.237889310502
1.84599999999991	249.641252829086
1.84699999999991	241.616201084012
1.84799999999991	244.569132636703
1.84899999999991	250.097930742285
1.84999999999991	259.42050467202
1.85099999999991	249.742081134176
1.85199999999991	242.656660835017
1.85299999999991	244.837254405704
1.85399999999991	248.961298785656
1.85499999999991	260.166870568121
1.85599999999991	249.522591616187
1.85699999999991	241.397492579343
1.85799999999991	244.358238736558
1.85899999999991	249.877853350983
1.85999999999991	259.358765813395
1.86099999999991	249.742685595664
1.86199999999991	242.589943773074
1.86299999999991	244.785422988526
1.86399999999991	248.732976238653
1.86499999999991	260.055274986787
1.86599999999991	249.485776080398
1.86699999999991	241.449216110896
1.86799999999991	244.452905247655
1.8689999999999	249.751321907428
1.8699999999999	259.371829020143
1.8709999999999	249.938480515787
1.8719999999999	242.733639837173
1.8729999999999	244.836808761565
1.8739999999999	248.794975080529
1.8749999999999	260.336800679081
1.8759999999999	249.778808082519
1.8769999999999	241.555455631363
1.8779999999999	244.356197683399
1.8789999999999	249.806260403574
1.8799999999999	259.637691335978
1.8809999999999	249.989846181037
1.8819999999999	242.72443687759
1.8829999999999	244.887637355414
1.8839999999999	248.840702181771
1.8849999999999	260.244998817406
1.8859999999999	249.692149517368
1.8869999999999	241.600485647378
1.8879999999999	244.55457408453
1.8889999999999	249.994334831843
1.8899999999999	259.410047064018
1.8909999999999	249.788180920408
1.8919999999999	242.669470897373
1.8929999999999	244.796872049547
1.8939999999999	248.848081307414
1.8949999999999	260.180306457671
1.8959999999999	249.566804706588
1.8969999999999	241.388905329258
1.8979999999999	244.320034190693
1.8989999999999	249.770731860173
1.8999999999999	259.351943767372
1.9009999999999	249.781874991366
1.9019999999999	242.60059880068
1.9029999999999	244.741138024502
1.9039999999999	248.642004503003
1.9049999999999	260.049744867156
1.9059999999999	249.552326111834
1.9069999999999	241.466206025313
1.9079999999999	244.424538525091
1.9089999999999	249.650936935959
1.9099999999999	259.362130467302
1.9109999999999	249.978690554232
1.9119999999999	242.739903813482
1.9129999999999	244.793854504577
1.9139999999999	248.679343737499
1.9149999999999	260.33099157413
1.9159999999999	249.839367744105
1.9169999999999	241.572103221316
1.9179999999999	244.32097934145
1.9189999999999	249.701249944265
1.9199999999999	259.623078805441
1.9209999999999	250.038582893492
1.9219999999999	242.72521222118
1.9229999999999	244.848929691016
1.9239999999999	248.735266525419
1.9249999999999	260.251964353562
1.9259999999999	249.747453237656
1.9269999999999	241.596366407424
1.9279999999999	244.529278296356
1.9289999999999	249.895208985631
1.9299999999999	259.400592879889
1.9309999999999	249.837090136015
1.9319999999999	242.682933715374
1.9329999999999	244.758806037349
1.9339999999999	248.736713532845
1.9349999999999	260.189942142698
1.9359999999999	249.610632141479
1.9369999999999	241.392068749547
1.9379999999999	244.273243748789
1.9389999999999	249.662812147049
1.9399999999999	259.345682531048
1.9409999999999	249.836034954966
1.9419999999999	242.608004955045
1.9429999999999	244.695452823477
1.9439999999999	248.551829901067
1.9449999999999	260.043296316329
1.9459999999999	249.609067542105
1.9469999999999	241.471901675645
1.9479999999999	244.389943129188
1.9489999999999	249.543560585839
1.9499999999999	259.342700184027
1.9509999999999	250.018262314592
1.9519999999999	242.730884024788
1.9529999999999	244.738370004878
1.9539999999999	248.564855906143
1.9549999999999	260.320129497874
1.9559999999999	249.897820066259
1.9569999999999	241.589980458554
1.9579999999999	244.267662987002
1.9589999999999	249.590325537376
1.95999999999989	259.602748517926
1.96099999999989	250.088353341293
1.96199999999989	242.734691254036
1.96299999999989	244.813431255954
1.96399999999989	248.62573235874
1.96499999999989	260.259007818426
1.96599999999989	249.785701583258
1.96699999999989	241.579285722176
1.96799999999989	244.498491169758
1.96899999999989	249.790470474549
1.96999999999989	259.389219674684
1.97099999999989	249.888805732836
1.97199999999989	242.697633170199
1.97299999999989	244.721182674977
1.97399999999989	248.624582504876
1.97499999999989	260.199257135174
1.97599999999989	249.660656981768
1.97699999999989	241.398525302632
1.97799999999989	244.218211605828
1.97899999999989	249.551681651821
1.97999999999989	259.338401213421
1.98099999999989	249.892963201441
1.98199999999989	242.61569099061
1.98299999999989	244.647581720693
1.98399999999989	248.460343277714
1.98499999999989	260.031309379505
1.98599999999989	249.660158088608
1.98699999999989	241.472897835227
1.98799999999989	244.335813378225
1.98899999999989	249.435380337109
1.98999999999989	259.320407830544
1.99099999999989	250.058699975813
1.99199999999989	242.724290311851
1.99299999999989	244.69489314227
1.99399999999989	248.45393192393
1.99499999999989	260.302258899189
1.99599999999989	249.95385730861
1.99699999999989	241.608102667743
1.99799999999989	244.194434315484
1.99899999999989	249.472415574981
2	259.578338548165
