"Time [s]"	"Pro [W]"
0	0
0.001	0.000754845345439455
0.002	0.0255692749127859
0.003	0.196279515047145
0.004	0.675560718186784
0.005	1.31534602458075
0.006	1.47292070683372
0.007	0.799620475167737
0.008	0.0936710895651559
0.009	0.0479885428422487
0.01	0.135471534664344
0.011	0.0164053426106903
0.012	0.0656561199137223
0.013	0.340657243655032
0.014	0.613301098889035
0.015	0.766193807992073
0.016	0.834292323994433
0.017	0.872338172047781
0.018	0.958097833010405
0.019	1.16368344745806
0.02	1.50522650630965
0.021	2.08730804718736
0.022	3.1174359881434
0.023	4.97687325598024
0.024	7.39978277661687
0.025	7.51353256829917
0.026	5.26744622126906
0.027	3.70435853216509
0.028	3.50170441985381
0.029	4.41493626446356
0.03	4.50532264700535
0.031	2.42982157799909
0.032	0.450589002552241
0.033	0.0273370760110541
0.034	0.431937578221733
0.035	0.603420326508124
0.036	0.700368837359866
0.037	1.25550814294187
0.038	1.97845894324011
0.039	1.85161756678872
0.04	1.56702256087898
0.041	1.87626089860427
0.042	1.65733383911689
0.043	0.640877524216611
0.044	0.126544862766722
0.045	0.0470047628864132
0.046	0.184639852883577
0.047	0.869480918064173
0.048	1.24193647493533
0.049	0.47342980098572
0.05	0.0585335338409029
0.051	0.0162805082400827
0.052	0.129015779149198
0.053	0.922161740198647
0.054	2.67981739726386
0.055	3.65471400782315
0.056	4.46360904373966
0.057	6.11396052908439
0.058	6.89685380654772
0.059	7.98642530653748
0.06	8.49751639889459
0.061	8.72655667625474
0.062	8.62792162120307
0.063	7.54596994728269
0.064	7.76374329663174
0.065	6.3092983337653
0.066	5.06048028443486
0.067	5.25063678159364
0.068	3.50273385268419
0.069	2.08148429850752
0.07	2.88898834468969
0.071	3.3085702054101
0.0720000000000001	2.02583326703828
0.0730000000000001	1.69521285755688
0.0740000000000001	2.96653947824852
0.0750000000000001	4.05466417249445
0.0760000000000001	4.13954017407212
0.0770000000000001	5.62741461756706
0.0780000000000001	7.06585263908197
0.0790000000000001	8.2936809898722
0.0800000000000001	9.79100633173342
0.0810000000000001	10.8535678182395
0.0820000000000001	12.0646235590425
0.0830000000000001	12.9830536094326
0.0840000000000001	13.7091109079018
0.0850000000000001	14.1814519091197
0.0860000000000001	14.2500393094978
0.0870000000000001	14.3561916581631
0.0880000000000001	14.2623838415269
0.0890000000000001	13.8597481592984
0.0900000000000001	13.5548599993058
0.0910000000000001	12.9601548556467
0.0920000000000001	13.2285150958874
0.0930000000000001	13.1152104605293
0.0940000000000001	13.6774470661169
0.0950000000000001	14.442077062547
0.0960000000000001	15.0943996260603
0.0970000000000001	16.458837075182
0.0980000000000001	16.8284407787557
0.0990000000000001	18.2382466730316
0.1	18.6896856087995
0.101	20.1795561786441
0.102	22.9168532741682
0.103	23.5271698391789
0.104	26.6812123169803
0.105	29.6316401394823
0.106	29.6825526691849
0.107	33.3372225974606
0.108	39.250229653437
0.109	40.4541434644271
0.11	39.133353752173
0.111	42.2394356631051
0.112	50.6229905217284
0.113	59.6177587428716
0.114	67.3174771253195
0.115	74.5897818048172
0.116	83.1252596045644
0.117	94.0440768185209
0.118	102.775619997431
0.119	102.916820429835
0.12	99.6083398173435
0.121	101.212727054224
0.122	109.028146403997
0.123	114.424818064381
0.124	112.658960668145
0.125	113.068688382558
0.126	119.988043743168
0.127	122.318089000369
0.128	119.698852186051
0.129	123.695839540949
0.13	127.21564209685
0.131	124.923916280785
0.132	126.038268013953
0.133	129.304565660075
0.134	127.094859923356
0.135	125.701078669789
0.136	128.169865717467
0.137	125.958859988761
0.138	122.558523633234
0.139	124.13364090485
0.14	122.295744884883
0.141	117.146454827386
0.142	116.485096875621
0.143	116.07041917338
0.144	111.455131262923
0.145	107.164039295882
0.146	106.66871356759
0.147	106.756567479151
0.148	103.276454174558
0.149	98.1345435879719
0.15	95.1490824505305
0.151	94.7972150954372
0.152	95.7461060602883
0.153	95.2693064713796
0.154	92.1658681774197
0.155	88.2457890393072
0.156	85.4028341681132
0.157	84.1754816650616
0.158	84.3015991759751
0.159	85.3402611143631
0.16	86.461313822652
0.161	86.9426453639651
0.162	86.7068722890747
0.163	86.3435902268783
0.164	86.5872423511746
0.165	87.8761201633299
0.166	90.3230513620256
0.167	93.3278397208846
0.168	95.6297398840144
0.169	96.6353834748211
0.17	97.4420003396219
0.171	99.3627061406136
0.172	102.513191715521
0.173	105.51220214113
0.174	106.859691935314
0.175	107.597093326245
0.176	109.365302648939
0.177	111.644077841654
0.178	112.871556825809
0.179	113.116278139561
0.18	113.653500423923
0.181	114.546868130068
0.182	114.888137349118
0.183	114.405343379087
0.184	113.865576588606
0.185	113.74096832672
0.186	113.383868748626
0.187	112.080692095469
0.188	110.488425245303
0.189	109.57465397951
0.19	108.858026979199
0.191	107.252659269546
0.192	105.024046591834
0.193	103.320000798561
0.194	102.426998841802
0.195	101.456417580826
0.196	99.6585824837437
0.197	97.5352345090313
0.198	95.9317086580336
0.199	95.1023376579732
0.2	94.6391616543954
0.201	94.0122277182216
0.202	93.1804279609404
0.203	92.4856483757368
0.204	92.2186947061975
0.205	92.3784614927904
0.206	92.70175431073
0.207	92.9559379278051
0.208	93.2351635819575
0.209	93.8370864043178
0.21	94.898568242262
0.211	96.1796188753842
0.212	97.2766010451198
0.213	98.0857048775707
0.214	98.9686401414916
0.215	100.298232706745
0.216	101.959774127956
0.217	103.397292791085
0.218	104.312033532765
0.219	105.122855882119
0.22	106.235750455799
0.221	107.423773137947
0.222	108.249214076768
0.223	108.685258395768
0.224	109.027545875211
0.225	109.432349625045
0.226	109.764080895183
0.227	109.792370470094
0.228	109.505770986515
0.229	109.073327665567
0.23	108.724017914886
0.231	108.394991056031
0.232	107.730947423355
0.233	106.675759544486
0.234	105.650531835058
0.235	104.949663953634
0.236	104.237620974878
0.237	103.115568480442
0.238	101.781135976144
0.239	100.742086766217
0.24	100.095993498479
0.241	99.500811527855
0.242	98.6875452695732
0.243	97.7516278563725
0.244	97.0157931756653
0.245	96.6412217970251
0.246	96.4530734408476
0.247	96.2361580534302
0.248	96.0411931448377
0.249	96.0132604093764
0.25	96.2011371284566
0.251	96.5158780633863
0.252	96.8142405233471
0.253	97.1484892081423
0.254	97.6741646507957
0.255	98.4542079138619
0.256	99.31895203633
0.257	99.9980237132506
0.258	100.558149244114
0.259	101.278990864728
0.26	102.233732491195
0.261	103.168425994536
0.262	103.83593110318
0.263	104.32659928776
0.264	104.861640313487
0.265	105.495115860553
0.266	106.090392789801
0.267	106.459250611688
0.268	106.610975319973
0.269	106.722767505127
0.27	106.832918236982
0.271	106.87535595773
0.272	106.783201725535
0.273	106.485170976748
0.274	106.045791494711
0.275	105.682801611358
0.276	105.388675015362
0.277	104.913783813439
0.278	104.190739027035
0.279	103.465729091491
0.28	102.941708154537
0.281	102.510043083007
0.282	101.962398319347
0.283	101.234774603107
0.284	100.513532921216
0.285	100.038328308232
0.286	99.7333073960359
0.287	99.3567973384105
0.288	98.9001682726434
0.289	98.5316543076176
0.29	98.3767572974831
0.291	98.3485270410819
0.292	98.3341400729246
0.293	98.3465308213052
0.294	98.4444201155738
0.295	98.6850073087018
0.296	98.9890755585794
0.297	99.2454695531966
0.298	99.4898822913435
0.299	99.8713609264471
0.3	100.408212615409
0.301	100.946265343742
0.302	101.362768792214
0.303	101.726408493316
0.304	102.173035275796
0.305	102.72422164243
0.306	103.279596775785
0.307	103.66899650362
0.308	103.913461730815
0.309	104.187916950382
0.31	104.527834932553
0.311	104.809295754045
0.312	104.948013999976
0.313	104.97571966009
0.314	104.941480072953
0.315	104.926447433342
0.316	104.925872678186
0.317	104.808996060986
0.318	104.515292722592
0.319	104.146134468044
0.32	103.88601667433
0.321	103.696776450258
0.322	103.392837111416
0.323	102.933710487275
0.324	102.444431673875
0.325	102.099879859487
0.326	101.859934201127
0.327	101.529559958222
0.328	101.078029678801
0.329	100.653914757463
0.33	100.411126950345
0.331	100.283408181515
0.332	100.126283938132
0.333	99.9167319513725
0.334	99.7090707089951
0.335	99.6481700890304
0.336	99.7100481472431
0.337	99.7442820369179
0.338	99.7658693304727
0.339	99.8641614849183
0.34	100.07414579345
0.341	100.320452543165
0.342	100.515382145954
0.343	100.704140870528
0.344	100.987243445489
0.345	101.376575467747
0.346	101.768571397671
0.347	102.051329172775
0.348	102.250540593487
0.349	102.505288628029
0.35	102.854293603082
0.351	103.176043672605
0.352	103.376159078935
0.353	103.497040419999
0.354	103.636670130766
0.355	103.822150945689
0.356	103.983642865612
0.357	104.028038980038
0.358	103.962127146072
0.359	103.856633759849
0.36	103.788892139447
0.361	103.749315037314
0.362	103.648002093692
0.363	103.433636461977
0.364	103.139069542291
0.365	102.927718358024
0.366	102.804483214343
0.367	102.600684324361
0.368	102.271209537172
0.369	101.909802191483
0.37	101.678528400649
0.371	101.551820632786
0.372	101.386497255212
0.373	101.138475167161
0.374	100.857681855906
0.375	100.711074539394
0.376	100.682278284466
0.377	100.621695695006
0.378	100.51319317797
0.379	100.425057695209
0.38	100.453901793283
0.381	100.560085430333
0.382	100.635339127345
0.383	100.68876000204
0.384	100.798996758389
0.385	101.008644303733
0.386	101.240147154452
0.387	101.398546662829
0.388	101.506119504989
0.389	101.674485278194
0.39	101.936182497101
0.391	102.18926760219
0.392	102.357540170469
0.393	102.473177718433
0.394	102.62648552311
0.395	102.84735278834
0.396	103.05271652411
0.397	103.152006261108
0.398	103.170745987766
0.399	103.189177823072
0.4	103.246787365593
0.401	103.31459351123
0.402	103.324900070261
0.403	103.248306205727
0.404	103.117417341884
0.405	103.046707268392
0.406	103.026708156608
0.407	102.926939415076
0.408	102.724426681014
0.409	102.472109771922
0.41	102.302969007481
0.411	102.220956597097
0.412	102.110760197624
0.413	101.915641241336
0.414	101.656803535785
0.415	101.505867468376
0.416	101.464559277521
0.417	101.380079912657
0.418	101.223295212602
0.419	101.060281475806
0.42	101.012172727226
0.421	101.045912935299
0.422	101.050525219083
0.423	101.024355811565
0.424	101.022134379235
0.425	101.104455044675
0.426	101.228635331865
0.427	101.29645370789
0.428	101.318185667183
0.429	101.392495843144
0.43	101.54798595602
0.431	101.720383582668
0.432	101.841385984054
0.433	101.919355278311
0.434	102.031909160015
0.435	102.219049632022
0.436	102.410979012218
0.437	102.512525088993
0.438	102.545935367288
0.439	102.598187695748
0.44	102.700603297754
0.441	102.815057763633
0.442	102.871307434869
0.443	102.851426715157
0.444	102.814820640297
0.445	102.839692598482
0.446	102.896108338157
0.447	102.869326782243
0.448	102.753415136963
0.449	102.608476070184
0.45	102.517800525261
0.451	102.486393037377
0.452	102.42935496987
0.453	102.297890259902
0.454	102.101922574162
0.455	101.988726452256
0.456	101.968830570694
0.457	101.89750641745
0.458	101.744381564196
0.459	101.571837367196
0.46	101.502673569036
0.461	101.511690531419
0.462	101.488216028746
0.463	101.418366399402
0.464	101.351701658542
0.465	101.366584452117
0.466	101.432610912328
0.467	101.44467276791
0.468	101.402511057862
0.469	101.394055132453
0.47	101.464201908999
0.471	101.57434447865
0.472	101.651324877194
0.473	101.685866865533
0.474	101.740653350985
0.475	101.872766889336
0.476	102.032633192431
0.477	102.114892436082
0.478	102.134622309104
0.479	102.180161657433
0.48	102.283522823066
0.481	102.407038953211
0.482	102.477306828662
0.483	102.478556485774
0.484	102.483970490144
0.485	102.56029387903
0.486	102.657635010067
0.487	102.670323522888
0.488	102.603531067326
0.489	102.524131020529
0.49	102.492638420804
0.491	102.508502401179
0.492	102.493786680218
0.493	102.40989459132
0.494	102.279937908023
0.495	102.222129545918
0.496	102.238696575458
0.497	102.192588439855
0.498	102.062527621688
0.499	101.911450026434
0.5	101.85036658691
0.501	101.860042914636
0.502	101.832731317365
0.503	101.749600118219
0.504	101.658889007588
0.505	101.644933754189
0.506	101.684105806596
0.507	101.668817830294
0.508	101.590015744426
0.509	101.527235589347
0.51	101.542215792831
0.511	101.610584073466
0.512	101.653416724834
0.513	101.651801589077
0.514	101.654186277204
0.515	101.734565126994
0.516	101.861648538256
0.517	101.918803695822
0.518	101.913829171822
0.519	101.934006960466
0.52	102.017333970628
0.521	102.130975909261
0.522	102.197804880695
0.523	102.200627156151
0.524	102.215910596938
0.525	102.307912187678
0.526	102.420819060521
0.527	102.451179400417
0.528	102.407450743388
0.529	102.366651210615
0.53	102.374869682792
0.531	102.420932151615
0.532	102.433000313447
0.533	102.379665544932
0.534	102.299495235087
0.535	102.287866055447
0.536	102.33579122147
0.537	102.314900507132
0.538	102.210333036892
0.539	102.089023260031
0.54	102.047335640528
0.541	102.06868800146
0.542	102.049547704504
0.543	101.970019569352
0.544	101.87947516439
0.545	101.860118727079
0.546	101.891840148128
0.547	101.867016215039
0.548	101.772473909704
0.549	101.684063700045
0.55	101.671390834947
0.551	101.716985810539
0.552	101.738945981488
0.553	101.713348811859
0.554	101.680089995647
0.555	101.723974417645
0.556	101.825974071242
0.557	101.862221488389
0.558	101.834262029821
0.559	101.827100129176
0.56	101.886302789468
0.561	101.984511650716
0.562	102.041167141864
0.563	102.035887884509
0.564	102.044112481646
0.565	102.132755407486
0.566	102.246422272003
0.567	102.281004415567
0.568	102.244673913822
0.569	102.218809329502
0.57	102.24474744965
0.571	102.305443777675
0.572	102.330988338441
0.573	102.292878437561
0.574	102.24228247616
0.575	102.260793852399
0.576	102.328503696085
0.577	102.326302451292
0.578	102.242717178443
0.579	102.146976192254
0.58	102.124156075031
0.581	102.15992101166
0.582	102.153322842951
0.583	102.083958333266
0.584	102.004505924503
0.585	101.991839958449
0.586	102.026946343965
0.587	102.003136014105
0.588	101.906649047265
0.589	101.813016473323
0.59	101.792024236147
0.591	101.828912973524
0.592	101.842126645956
0.593	101.80416497962
0.594	101.751910967846
0.595	101.775652350319
0.596	101.862375652352
0.597	101.885216012203
0.598	101.84101178713
0.599	101.812714937758
0.6	101.851924038106
0.601	101.935824172627
0.602	101.981650357367
0.603	101.965572739476
0.604	101.960646799618
0.605	102.037804900905
0.606	102.144964327794
0.607	102.176264766504
0.608	102.137913430692
0.609	102.1123554819
0.61	102.140854421654
0.611	102.205123954233
0.612	102.234945376222
0.613	102.20194870483
0.614	102.164728285206
0.615	102.198489551274
0.616	102.276564026374
0.617	102.285512274025
0.618	102.215243744672
0.619	102.136041189969
0.62	102.126531513427
0.621	102.173554904675
0.622	102.178606900964
0.623	102.120176710045
0.624	102.053271405641
0.625	102.05126215641
0.626	102.094245394755
0.627	102.07669000029
0.628	101.985346705752
0.629	101.897157718943
0.63	101.878681708393
0.631	101.915355264026
0.632	101.927703249809
0.633	101.885558406536
0.634	101.826629017863
0.635	101.842682525534
0.636	101.922182500458
0.637	101.938279136738
0.638	101.884939419322
0.639	101.8436919081
0.64	101.869545654165
0.641	101.943185241174
0.642	101.980650103325
0.643	101.955034193687
0.644	101.937535191978
0.645	102.002633266156
0.646	102.101684593043
0.647	102.12723832569
0.648	102.083092350809
0.649	102.051412398391
0.65	102.075053604778
0.651	102.136870330519
0.652	102.165892262876
0.653	102.132387904034
0.654	102.098327097689
0.655	102.136753559005
0.656	102.218278790728
0.657	102.232298668097
0.658	102.168545301094
0.659	102.098168173223
0.66	102.096164012952
0.661	102.149477764135
0.662	102.161510854403
0.663	102.110181331575
0.664	102.052880321086
0.665	102.060822897615
0.666	102.112004245191
0.667	102.102003977971
0.668	102.018306494099
0.669	101.939436112611
0.67	101.928125585676
0.671	101.968649479919
0.672	101.983923650747
0.673	101.942222950412
0.674	101.884128428021
0.675	101.900290710173
0.676	101.977982756688
0.677	101.992145872824
0.678	101.935356899731
0.679	101.888366889165
0.68	101.907203864206
0.681	101.974973966106
0.682	102.007351437342
0.683	101.974849161462
0.684	101.94811565238
0.685	102.004062601506
0.686	102.096263589643
0.687	102.116436809019
0.688000000000001	102.066139096667
0.689000000000001	102.026865604515
0.690000000000001	102.043420599897
0.691000000000001	102.100497989275
0.692000000000001	102.126381868926
0.693000000000001	102.089447146524
0.694000000000001	102.05315937059
0.695000000000001	102.090391015593
0.696000000000001	102.171217819996
0.697000000000001	102.186372550992
0.698000000000001	102.124509112488
0.699000000000001	102.057181163532
0.700000000000001	102.057802827267
0.701000000000001	102.113471060071
0.702000000000001	102.128767749684
0.703000000000001	102.08084945806
0.704000000000001	102.029115394052
0.705000000000001	102.044686616747
0.706000000000001	102.10289470542
0.707000000000001	102.099541895561
0.708000000000001	102.02302408642
0.709000000000001	101.952699172878
0.710000000000001	101.948714315186
0.711000000000001	101.994101467559
0.712000000000001	102.01319810611
0.713000000000001	101.97377276321
0.714000000000001	101.919931232801
0.715000000000001	101.939942421942
0.716000000000001	102.018697008481
0.717000000000001	102.033827875631
0.718000000000001	101.977270220853
0.719000000000001	101.92919667362
0.720000000000001	101.94541508113
0.721000000000001	102.010600217149
0.722000000000001	102.040580316634
0.723000000000001	102.003803185016
0.724000000000001	101.971525738059
0.725000000000001	102.021934598896
0.726000000000001	102.109428665185
0.727000000000001	102.125727284536
0.728000000000001	102.070544884408
0.729000000000001	102.024770938224
0.730000000000001	102.034914055114
0.731000000000001	102.087257872865
0.732000000000001	102.109624618751
0.733000000000001	102.068377165668
0.734000000000001	102.027946675021
0.735000000000001	102.061746661143
0.736000000000001	102.140039417738
0.737000000000001	102.154389295579
0.738000000000001	102.091932263351
0.739000000000001	102.024206881884
0.740000000000001	102.024488849543
0.741000000000001	102.080222754772
0.742000000000001	102.096389125013
0.743000000000001	102.049329930573
0.744000000000001	101.999895483892
0.745000000000001	102.01986521945
0.746000000000001	102.082739391489
0.747000000000001	102.084314641259
0.748000000000001	102.013280949664
0.749000000000001	101.94957072123
0.750000000000001	101.95168704657
0.751000000000001	102.001506097983
0.752000000000001	102.024017808416
0.753000000000001	101.987027829743
0.754000000000001	101.938183742679
0.755000000000001	101.963140872557
0.756000000000001	102.044121246638
0.757000000000001	102.061447488206
0.758000000000001	102.006769661783
0.759000000000001	101.960059614986
0.760000000000001	101.976222592143
0.761000000000001	102.040730733092
0.762000000000001	102.070003507782
0.763000000000001	102.031073953781
0.764000000000001	101.996283741836
0.765000000000001	102.04402358942
0.766000000000001	102.128686521807
0.767000000000001	102.142636615519
0.768000000000001	102.084131698444
0.769000000000001	102.033678861212
0.770000000000001	102.039061889636
0.771000000000001	102.087560371521
0.772000000000001	102.106867466635
0.773000000000001	102.061614785725
0.774000000000001	102.017101746772
0.775000000000001	102.047166044362
0.776000000000001	102.122423364454
0.777000000000001	102.1352877191
0.778000000000001	102.07108872577
0.779000000000001	102.001244571263
0.780000000000001	101.999810291666
0.781000000000001	102.054478056253
0.782000000000001	102.070158505889
0.783000000000001	102.022433322489
0.784000000000001	101.973248927389
0.785000000000001	101.995301522821
0.786000000000001	102.060945826083
0.787000000000001	102.06606281328
0.788000000000001	101.998982905893
0.789000000000001	101.939924402882
0.790000000000001	101.946554759353
0.791000000000001	101.999674469224
0.792000000000001	102.024605905768
0.793000000000001	101.989516969179
0.794000000000001	101.945131474358
0.795000000000001	101.974592732296
0.796000000000001	102.057615434238
0.797000000000001	102.07725653567
0.798000000000001	102.024907899452
0.799000000000001	101.980304390957
0.800000000000001	101.997455227842
0.801000000000001	102.06219269046
0.802000000000001	102.091645859607
0.803000000000001	102.051867133815
0.804000000000001	102.016481013177
0.805000000000001	102.063497655028
0.806000000000001	102.146727503626
0.807000000000001	102.159767614732
0.808000000000001	102.099547410624
0.809000000000001	102.046156578076
0.810000000000001	102.048517328354
0.811000000000001	102.094327272002
0.812000000000001	102.111336845101
0.813000000000001	102.062772009112
0.814000000000001	102.015034407668
0.815000000000001	102.042030438931
0.816000000000001	102.114481025037
0.817000000000001	102.125921621848
0.818000000000001	102.059618552458
0.819000000000001	101.98701265027
0.820000000000001	101.983269194585
0.821000000000001	102.036225074543
0.822000000000001	102.050742914981
0.823000000000001	102.001547207879
0.824000000000001	101.951520105956
0.825000000000001	101.974308862096
0.826000000000001	102.041396721066
0.827000000000001	102.048911631122
0.828000000000001	101.98374431397
0.829000000000001	101.927004666214
0.830000000000001	101.936910140848
0.831000000000001	101.992435251512
0.832000000000001	102.019096847902
0.833000000000001	101.985517851375
0.834000000000001	101.945065099573
0.835000000000001	101.978548932201
0.836000000000001	102.06318305589
0.837000000000001	102.084956738013
0.838000000000001	102.035055523689
0.839000000000001	101.992775911301
0.840000000000001	102.011553945352
0.841000000000001	102.077118274962
0.842000000000001	102.107243706534
0.843000000000001	102.067491585526
0.844000000000001	102.032668481546
0.845000000000001	102.080118580147
0.846000000000001	102.162842125714
0.847000000000001	102.175857552684
0.848000000000001	102.11496967384
0.849000000000001	102.059863980328
0.850000000000001	102.060464751827
0.851000000000001	102.104627340137
0.852000000000001	102.120064959539
0.853000000000001	102.068738453946
0.854000000000001	102.018486931494
0.855000000000001	102.042999054359
0.856000000000001	102.112894643328
0.857000000000001	102.123061348324
0.858000000000001	102.054698260612
0.859000000000001	101.979203909854
0.860000000000001	101.972866823686
0.861000000000001	102.023739247504
0.862000000000001	102.036667310316
0.863000000000001	101.985492287551
0.864000000000001	101.933878027953
0.865000000000001	101.956455598825
0.866000000000001	102.024017535059
0.867000000000001	102.033108305837
0.868000000000001	101.969195985942
0.869000000000001	101.913800554327
0.870000000000001	101.92601786426
0.871000000000001	101.983255641927
0.872000000000001	102.011082949411
0.873000000000001	101.978623724112
0.874000000000001	101.941169862074
0.875000000000001	101.977736013229
0.876000000000001	102.06361324094
0.877000000000001	102.087351624682
0.878000000000001	102.039424572713
0.879000000000001	101.998992514614
0.880000000000001	102.019619226106
0.881000000000001	102.086272688941
0.882000000000001	102.117295455164
0.883000000000001	102.07813706193
0.884000000000001	102.044392326588
0.885000000000001	102.092813647927
0.886000000000001	102.175704311528
0.887000000000001	102.189345197737
0.888000000000001	102.128598990268
0.889000000000001	102.072741346744
0.890000000000001	102.072637223922
0.891000000000001	102.11607177467
0.892000000000001	102.130571943425
0.893000000000001	102.077062226916
0.894000000000001	102.025090561752
0.895000000000001	102.047851839917
0.896000000000001	102.115617426945
0.897000000000001	102.124817525346
0.898000000000001	102.05462945289
0.899000000000001	101.976398883531
0.900000000000001	101.967497313209
0.901000000000001	102.01616027356
0.902000000000001	102.027331167976
0.903000000000001	101.973962980595
0.904000000000001	101.920370244622
0.905000000000001	101.942175986698
0.906000000000001	102.009797414153
0.907000000000001	102.020085366272
0.908000000000001	101.956920763871
0.909000000000001	101.902085910505
0.910000000000001	101.91578312912
0.911000000000001	101.974129347778
0.912000000000001	102.002646592531
0.913000000000001	101.970919015379
0.914000000000001	101.93588196423
0.915000000000001	101.974946720624
0.916000000000001	102.061654453133
0.917000000000001	102.087040082382
0.918000000000001	102.040634117081
0.919000000000001	102.001501663274
0.920000000000001	102.023712126954
0.921000000000001	102.091309755778
0.922000000000001	102.123124253229
0.923000000000001	102.084724193803
0.924000000000001	102.052162381728
0.925000000000001	102.101659345614
0.926000000000001	102.185024394858
0.927000000000001	102.199600429414
0.928000000000001	102.139432566108
0.929000000000001	102.083361186103
0.930000000000001	102.083212402037
0.931000000000001	102.126546362047
0.932000000000001	102.140580711307
0.933000000000001	102.085393929662
0.934000000000001	102.032320174
0.935000000000001	102.053982144933
0.936000000000001	102.120076820083
0.937000000000001	102.128646277025
0.938000000000001	102.056954476012
0.939000000000001	101.976325270597
0.940000000000001	101.965117023385
0.941000000000001	102.011639511434
0.942000000000001	102.021077194587
0.943000000000001	101.965547067166
0.944000000000001	101.909941043005
0.945000000000001	101.930826778594
0.946000000000001	101.998388591783
0.947000000000001	102.009752072287
0.948000000000001	101.947135848808
0.949000000000001	101.89243682981
0.950000000000001	101.907148599926
0.951000000000001	101.966260039046
0.952000000000001	101.995174805775
0.953000000000001	101.963955005363
0.954000000000001	101.930893072978
0.955000000000001	101.972408393841
0.956000000000001	102.060075580165
0.957000000000001	102.086824058588
0.958000000000001	102.041607878874
0.959000000000001	102.003303192236
0.960000000000001	102.026656696579
0.961000000000001	102.094875369474
0.962000000000001	102.127252185263
0.963000000000001	102.089568045659
0.964000000000001	102.057965774908
0.965000000000001	102.108258653359
0.966000000000001	102.192031827834
0.967000000000001	102.207478196734
0.968000000000001	102.147884369316
0.969000000000001	102.091602322016
0.970000000000001	102.091535977825
0.971000000000001	102.135009237672
0.972000000000001	102.148660476365
0.973000000000001	102.09194953054
0.974000000000001	102.038026793968
0.975000000000001	102.058845970246
0.976000000000001	102.123533443371
0.977000000000001	102.131711201354
0.978000000000001	102.05878579768
0.979000000000001	101.97635642083
0.980000000000001	101.963392847959
0.981000000000001	102.007937328349
0.982000000000001	102.015793157091
0.983000000000001	101.958406039706
0.984000000000001	101.901110654061
0.985000000000001	101.9212333861
0.986000000000001	101.988885738444
0.987000000000001	102.001140345172
0.988000000000001	101.938841349252
0.989000000000001	101.884246235567
0.990000000000001	101.899929356798
0.991000000000001	101.959777808995
0.992000000000001	101.989039364822
0.993000000000001	101.958234718531
0.994000000000001	101.926929775862
0.995000000000001	101.970893027459
0.996000000000001	102.059600233912
0.997000000000001	102.087591895764
0.998000000000001	102.043366698843
0.999000000000001	102.005843096954
1	102.030287516705
1.001	102.098889030223
1.002	102.131597162374
1.003	102.094491058733
1.004	102.063534286892
1.005	102.114249407404
1.006	102.1983078203
1.007	102.214492337994
1.008	102.155346124572
1.009	102.098666982442
1.01	102.09848462979
1.011	102.142046493429
1.012	102.155457606817
1.013	102.097425049492
1.014	102.042601761808
1.015	102.062513980181
1.016	102.125855645099
1.017	102.133802294845
1.018	102.059826778717
1.019	101.975738433592
1.02	101.961125455319
1.021	102.003789835488
1.022	102.01020160586
1.023	101.951147311799
1.024	101.892364797283
1.025	101.912471095536
1.026	101.981017654412
1.027	101.994364880083
1.028	101.932500051624
1.029	101.878235973448
1.03	101.895072781478
1.031	101.955595907703
1.032	101.985143182724
1.033	101.954108807811
1.034	101.923758465152
1.035	101.969796636289
1.036	102.059313704284
1.037	102.088374559803
1.038	102.044877455294
1.039	102.007887681353
1.04	102.033186003367
1.041	102.102184417759
1.042	102.135252342093
1.043	102.097929473503
1.044	102.066713679412
1.045	102.117653334579
1.046	102.202037695763
1.047	102.219011767133
1.048	102.160412760736
1.049	102.103460620814
1.05	102.103131654981
1.051	102.14684255697
1.05199999999999	102.160433864884
1.05299999999999	102.101569780713
1.05399999999999	102.046187369462
1.05499999999999	102.065515284054
1.05599999999999	102.127835763942
1.05699999999999	102.135844229203
1.05799999999999	102.061111475716
1.05899999999999	101.975742990666
1.05999999999999	101.959800199264
1.06099999999999	102.000953463017
1.06199999999999	102.006280326262
1.06299999999999	101.945776661474
1.06399999999999	101.885713811227
1.06499999999999	101.905910210263
1.06599999999999	101.975575715791
1.06699999999999	101.990253911069
1.06799999999999	101.928856276081
1.06899999999999	101.874693025535
1.06999999999999	101.892391486539
1.07099999999999	101.953433653055
1.07199999999999	101.983153537445
1.07299999999999	101.951790316522
1.07399999999999	101.922074860769
1.07499999999999	101.969667722382
1.07599999999999	102.059677677937
1.07699999999999	102.089608991053
1.07799999999999	102.046539205738
1.07899999999999	102.009690399193
1.07999999999999	102.035438258456
1.08099999999999	102.104662472345
1.08199999999999	102.137976718649
1.08299999999999	102.100246415621
1.08399999999999	102.068416009418
1.08499999999999	102.119219734099
1.08599999999999	102.203827387605
1.08699999999999	102.221506911438
1.08799999999999	102.163393631788
1.08899999999999	102.106103935067
1.08999999999999	102.105633932496
1.09099999999999	102.149624497984
1.09199999999999	102.163469646254
1.09299999999999	102.103927511337
1.09399999999999	102.048351226224
1.09499999999999	102.06744211807
1.09599999999999	102.128976085118
1.09699999999999	102.137256924103
1.09799999999999	102.061982375296
1.09899999999999	101.975635328053
1.09999999999999	101.958614879807
1.10099999999999	101.998469334177
1.10199999999999	102.002949450527
1.10299999999999	101.941263703717
1.10399999999999	101.880187829042
1.10499999999999	101.900653496718
1.10599999999999	101.971593374057
1.10699999999999	101.987759264471
1.10799999999999	101.926938781082
1.10899999999999	101.872769741489
1.10999999999999	101.891226389673
1.11099999999999	101.952814158078
1.11199999999999	101.982715233087
1.11299999999999	101.951082293119
1.11399999999999	101.921734146726
1.11499999999999	101.970396783854
1.11599999999999	102.060744675707
1.11699999999999	102.091494492025
1.11799999999999	102.048690316191
1.11899999999999	102.011739112519
1.11999999999999	102.037670134688
1.12099999999999	102.106928526337
1.12199999999999	102.140369978015
1.12299999999999	102.102211298358
1.12399999999999	102.069544651855
1.12499999999999	102.119889459839
1.12599999999999	102.204626671407
1.12699999999999	102.222941591045
1.12799999999999	102.165231924823
1.12899999999999	102.107478019542
1.12999999999999	102.106788339629
1.13099999999999	102.151103283843
1.13199999999999	102.165213162793
1.13299999999999	102.105065824304
1.13399999999999	102.049510671816
1.13499999999999	102.068562929509
1.13599999999999	102.129453414689
1.13699999999999	102.138113855354
1.13799999999999	102.062416880083
1.13899999999999	101.975265509764
1.13999999999999	101.957281467088
1.14099999999999	101.995930875693
1.14199999999999	101.999717128572
1.14299999999998	101.93708772759
1.14399999999998	101.875209226656
1.14499999999998	101.896024840378
1.14599999999998	101.967911087649
1.14699999999998	101.985285329624
1.14799999999998	101.925152369798
1.14899999999998	101.870910852181
1.14999999999998	101.890337457696
1.15099999999998	101.95283441349
1.15199999999998	101.983015112718
1.15299999999998	101.951269098316
1.15399999999998	101.922124549068
1.15499999999998	101.971502889667
1.15599999999998	102.062189898666
1.15699999999998	102.09384108959
1.15799999999998	102.05121699358
1.15899999999998	102.014031085817
1.15999999999998	102.040058427234
1.16099999999998	102.109263655662
1.16199999999998	102.14268882443
1.16299999999998	102.104084434473
1.16399999999998	102.070489722122
1.16499999999998	102.120168841171
1.16599999999998	102.205026171981
1.16699999999998	102.223991739392
1.16799999999998	102.166660448508
1.16899999999998	102.108360555919
1.16999999999998	102.107403838737
1.17099999999998	102.152093689823
1.17199999999998	102.166474401093
1.17299999999998	102.105768971985
1.17399999999998	102.050231506541
1.17499999999998	102.069231498991
1.17599999999998	102.129313741277
1.17699999999998	102.138141058836
1.17799999999998	102.062569783176
1.17899999999998	101.975193270245
1.17999999999998	101.956276785793
1.18099999999998	101.99375206551
1.18199999999998	101.997250253854
1.18299999999998	101.934168432358
1.18399999999998	101.871605106804
1.18499999999998	101.892721952713
1.18599999999998	101.9652098348
1.18699999999998	101.983488126737
1.18799999999998	101.923948431562
1.18899999999998	101.869342310885
1.18999999999998	101.889499933317
1.19099999999998	101.952869347385
1.19199999999998	101.983041970858
1.19299999999998	101.950940016771
1.19399999999998	101.921857195406
1.19499999999998	101.971655921607
1.19599999999998	102.062782795011
1.19699999999998	102.095536262357
1.19799999999998	102.053051908797
1.19899999999998	102.015576182027
1.19999999999998	102.041670057505
1.20099999999998	102.110802800417
1.20199999999998	102.144173532975
1.20299999999998	102.105224336787
1.20399999999998	102.070735856065
1.20499999999998	102.119693738097
1.20599999999998	102.20481141763
1.20699999999998	102.2245770396
1.20799999999998	102.167727023879
1.20899999999998	102.109207579549
1.20999999999998	102.108334328945
1.21099999999998	102.153547093184
1.21199999999998	102.168278885797
1.21299999999998	102.107120015834
1.21399999999998	102.051649124791
1.21499999999998	102.070613668926
1.21599999999998	102.129819955732
1.21699999999998	102.138675833103
1.21799999999998	102.063206704265
1.21899999999998	101.975578788638
1.21999999999998	101.955699635504
1.22099999999998	101.991994908024
1.22199999999998	101.995309250913
1.22299999999998	101.93196279359
1.22399999999998	101.869339319741
1.22499999999998	101.891204191582
1.22599999999998	101.964275647548
1.22699999999998	101.983459182537
1.22799999999998	101.924255993434
1.22899999999998	101.868837261927
1.22999999999998	101.889331533693
1.23099999999998	101.953388020726
1.23199999999998	101.983426459449
1.23299999999998	101.950794518966
1.23399999999997	101.921391952682
1.23499999999997	101.971132999207
1.23599999999997	102.062658606103
1.23699999999997	102.096577179914
1.23799999999997	102.054077905679
1.23899999999997	102.016118154444
1.23999999999997	102.042033379536
1.24099999999997	102.110940144128
1.24199999999997	102.144181346191
1.24299999999997	102.104917571249
1.24399999999997	102.069471183598
1.24499999999997	102.117571254727
1.24599999999997	102.203041547957
1.24699999999997	102.223728948189
1.24799999999997	102.16743365256
1.24899999999997	102.108797175078
1.24999999999997	102.10817193116
1.25099999999997	102.1540886664
1.25199999999997	102.169294257922
1.25299999999997	102.107895457537
1.25399999999997	102.052712401213
1.25499999999997	102.071848823327
1.25599999999997	102.130474009847
1.25699999999997	102.13959763752
1.25799999999997	102.064395033821
1.25899999999997	101.976673962257
1.25999999999997	101.956030791105
1.26099999999997	101.991320702864
1.26199999999997	101.994615857405
1.26299999999997	101.93125026656
1.26399999999997	101.868718773124
1.26499999999997	101.891274139156
1.26599999999997	101.964968211637
1.26699999999997	101.985128075532
1.26799999999997	101.926159305054
1.26899999999997	101.86966932134
1.26999999999997	101.890210686101
1.27099999999997	101.954834629811
1.27199999999997	101.984659740588
1.27299999999997	101.95150938389
1.27399999999997	101.92158962459
1.27499999999997	101.970813850398
1.27599999999997	102.062554487042
1.27699999999997	102.097544806667
1.27799999999997	102.054854590428
1.27899999999997	102.016172009616
1.27999999999997	102.04168591499
1.28099999999997	102.1102275983
1.28199999999997	102.143202925789
1.28299999999997	102.103584140356
1.28399999999997	102.06721403999
1.28499999999997	102.114413913374
1.28599999999997	102.200240766169
1.28699999999997	102.221885790551
1.28799999999997	102.166096734826
1.28899999999997	102.107267222063
1.28999999999997	102.106852470868
1.29099999999997	102.153509688462
1.29199999999997	102.169216314553
1.29299999999997	102.107924509314
1.29399999999997	102.053328318392
1.29499999999997	102.072705522314
1.29599999999997	102.130985249779
1.29699999999997	102.140508087237
1.29799999999997	102.06560956873
1.29899999999997	101.977879362794
1.29999999999997	101.956576574014
1.30099999999997	101.990974276072
1.30199999999997	101.994407555658
1.30299999999997	101.931270281676
1.30399999999997	101.869020186509
1.30499999999997	101.892344522088
1.30599999999997	101.966829804226
1.30699999999997	101.988076954529
1.30799999999997	101.929285032768
1.30899999999997	101.871652420909
1.30999999999997	101.892141410804
1.31099999999997	101.957274669561
1.31199999999997	101.986855716886
1.31299999999997	101.953122052412
1.31399999999997	101.922433563746
1.31499999999997	101.9707661219
1.31599999999997	102.062587785852
1.31699999999997	102.098695597505
1.31799999999997	102.055793938234
1.31899999999997	102.016199539235
1.31999999999997	102.041055361731
1.32099999999997	102.109057396254
1.32199999999997	102.141661763436
1.32299999999997	102.101640547329
1.32399999999996	102.064233184608
1.32499999999996	102.110349403741
1.32599999999996	102.196497943843
1.32699999999996	102.219095478051
1.32799999999996	102.163741842315
1.32899999999996	102.104618136293
1.32999999999996	102.104307379683
1.33099999999996	102.151676737964
1.33199999999996	102.167900222121
1.33299999999996	102.1068429328
1.33399999999996	102.052905727374
1.33499999999996	102.072421506316
1.33599999999996	102.130452118068
1.33699999999996	102.140918663049
1.33799999999996	102.066774874895
1.33899999999996	101.979159859609
1.33999999999996	101.957350118356
1.34099999999996	101.991098676083
1.34199999999996	101.994941991992
1.34299999999996	101.932304959075
1.34399999999996	101.870555362802
1.34499999999996	101.894412012549
1.34599999999996	101.969531855184
1.34699999999996	101.991990594898
1.34799999999996	101.933340709667
1.34899999999996	101.87475667993
1.34999999999996	101.895354500352
1.35099999999996	101.961093022365
1.35199999999996	101.990537806784
1.35299999999996	101.956152959774
1.35399999999996	101.924446188395
1.35499999999996	101.971665088189
1.35599999999996	102.063541535406
1.35699999999996	102.100778873839
1.35799999999996	102.057625898846
1.35899999999996	102.016858747525
1.35999999999996	102.040699415555
1.36099999999996	102.107983391859
1.36199999999996	102.14013298738
1.36299999999996	102.099567477807
1.36399999999996	102.060886341429
1.36499999999996	102.105617320961
1.36599999999996	102.191934476444
1.36699999999996	102.215374768655
1.36799999999996	102.159788357072
1.36899999999996	102.099673656496
1.36999999999996	102.099159087895
1.37099999999996	102.147045317233
1.37199999999996	102.16379285813
1.37299999999996	102.103105860004
1.37399999999996	102.049931863836
1.37499999999996	102.069821827462
1.37599999999996	102.128061508376
1.37699999999996	102.139948349159
1.37799999999996	102.066949471156
1.37899999999996	101.979736699264
1.37999999999996	101.957754835589
1.38099999999996	101.991347019465
1.38199999999996	101.996109836591
1.38299999999996	101.934346536065
1.38399999999996	101.873450025672
1.38499999999996	101.898058622197
1.38599999999996	101.974089630507
1.38699999999996	101.998129518607
1.38799999999996	101.939793018521
1.38899999999996	101.880227223515
1.38999999999996	101.900862825672
1.39099999999996	101.967484843063
1.39199999999996	101.997050615704
1.39299999999996	101.961931218989
1.39399999999996	101.928920493659
1.39499999999996	101.974706757624
1.39599999999996	102.066463196521
1.39699999999996	102.104551803804
1.39799999999996	102.060833692339
1.39899999999996	102.018635189666
1.39999999999996	102.041095716601
1.40099999999996	102.10732319419
1.40199999999996	102.138796549936
1.40299999999996	102.097397400433
1.40399999999996	102.05704167474
1.40499999999996	102.099942580484
1.40599999999996	102.186124467367
1.40699999999996	102.210172342045
1.40799999999996	102.153883511186
1.40899999999996	102.092277432731
1.40999999999996	102.091246960121
1.41099999999996	102.139456658714
1.41199999999996	102.156660237138
1.41299999999996	102.096395381923
1.41399999999996	102.043968833381
1.41499999999995	102.064259724381
1.41599999999995	102.122985067849
1.41699999999995	102.136553311881
1.41799999999995	102.064910060129
1.41899999999995	101.978642143451
1.41999999999995	101.957112187018
1.42099999999995	101.990934472886
1.42199999999995	101.997017581832
1.42299999999995	101.937264187298
1.42399999999995	101.878360104325
1.42499999999995	101.90404312517
1.42599999999995	101.981321974032
1.42699999999995	102.007269914095
1.42799999999995	101.9493747641
1.42899999999995	101.888819246975
1.42999999999995	101.909410942295
1.43099999999995	101.976895585171
1.43199999999995	102.006487818908
1.43299999999995	101.970460573571
1.43399999999995	101.935850184948
1.43499999999995	101.979798602594
1.43599999999995	102.071132712936
1.43699999999995	102.10974363531
1.43799999999995	102.065122987173
1.43899999999995	102.0211338203
1.43999999999995	102.041772253008
1.44099999999995	102.106553900579
1.44199999999995	102.137071187024
1.44299999999995	102.094557196624
1.44399999999995	102.052160351862
1.44499999999995	102.092959185926
1.44599999999995	102.178847035717
1.44699999999995	102.203294819471
1.44799999999995	102.146131133498
1.44899999999995	102.082847111629
1.44999999999995	102.081048231701
1.45099999999995	102.129423081334
1.45199999999995	102.146931080816
1.45299999999995	102.087035544359
1.45399999999995	102.035335654357
1.45499999999995	102.056073873048
1.45599999999995	102.115682265395
1.45699999999995	102.131278299327
1.45799999999995	102.061167994551
1.45899999999995	101.976148917369
1.45999999999995	101.955471594803
1.46099999999995	101.989906028987
1.46199999999995	101.997687289645
1.46299999999995	101.940424841693
1.46399999999995	101.883890705886
1.46499999999995	101.910835586798
1.46599999999995	101.989710877036
1.46699999999995	102.017863428539
1.46799999999995	101.960533562382
1.46899999999995	101.899111976441
1.46999999999995	101.919755409549
1.47099999999995	101.988251007586
1.47199999999995	102.01804000834
1.47299999999995	101.981208142121
1.47399999999995	101.944920689912
1.47499999999995	101.986861009418
1.47599999999995	102.077666798787
1.47699999999995	102.116653506415
1.47799999999995	102.070957697183
1.47899999999995	102.024911372628
1.47999999999995	102.043367301837
1.48099999999995	102.106438573857
1.48199999999995	102.135821754949
1.48299999999995	102.092119553345
1.48399999999995	102.047525997891
1.48499999999995	102.085909065952
1.48599999999995	102.171262380468
1.48699999999995	102.195907411236
1.48799999999995	102.137684314544
1.48899999999995	102.072501495654
1.48999999999995	102.069613898009
1.49099999999995	102.117910965125
1.49199999999995	102.135610419924
1.49299999999995	102.076020568209
1.49399999999995	102.024858669877
1.49499999999995	102.04593024038
1.49599999999995	102.106123433438
1.49699999999995	102.123410548693
1.49799999999995	102.054888900404
1.49899999999995	101.971213257424
1.49999999999995	101.951649697317
1.50099999999995	101.98708424745
1.50199999999995	101.99692076459
1.50299999999995	101.94259946118
1.50399999999995	101.888806005675
1.50499999999995	101.917211071535
1.50599999999994	101.998059143968
1.50699999999994	102.028763577924
1.50799999999994	101.972198383123
1.50899999999994	101.910161825116
1.50999999999994	101.931112064871
1.51099999999994	102.000924337092
1.51199999999994	102.031007349981
1.51299999999994	101.99341329068
1.51399999999994	101.955562559699
1.51499999999994	101.995532960779
1.51599999999994	102.085879346932
1.51699999999994	102.125257595505
1.51799999999994	102.078478416982
1.51899999999994	102.030317989758
1.51999999999994	102.046456374667
1.52099999999994	102.107710820975
1.52199999999994	102.135890327588
1.52299999999994	102.090887618217
1.52399999999994	102.043902528433
1.52499999999994	102.079632082251
1.52599999999994	102.164263684731
1.52699999999994	102.188938814726
1.52799999999994	102.129483534561
1.52899999999994	102.062422146186
1.52999999999994	102.058348504955
1.53099999999994	102.10627932032
1.53199999999994	102.124031470472
1.53299999999994	102.064609518464
1.53399999999994	102.013671293738
1.53499999999994	102.034832443961
1.53599999999994	102.09554455126
1.53699999999994	102.114401204496
1.53799999999994	102.04732881914
1.53899999999994	101.964822313083
1.53999999999994	101.94656487626
1.54099999999994	101.98337871177
1.54199999999994	101.995399268597
1.54299999999994	101.94413169585
1.54399999999994	101.892702814819
1.54499999999994	101.922088009955
1.54599999999994	102.004932653056
1.54699999999994	102.038235418946
1.54799999999994	101.982516964264
1.54899999999994	101.920048178312
1.54999999999994	101.941118590064
1.55099999999994	102.012151537434
1.55199999999994	102.042665287646
1.55299999999994	102.004441380935
1.55399999999994	101.965300339499
1.55499999999994	102.003553346164
1.55599999999994	102.093713133784
1.55699999999994	102.133715655917
1.55799999999994	102.086081856861
1.55899999999994	102.036079199136
1.55999999999994	102.050133278354
1.56099999999994	102.10977998254
1.56199999999994	102.136959803527
1.56299999999994	102.090859185318
1.56399999999994	102.041646051762
1.56499999999994	102.074829002833
1.56599999999994	102.158891339246
1.56699999999994	102.18408478613
1.56799999999994	102.123793567529
1.56899999999994	102.055076355841
1.56999999999994	102.049908150167
1.57099999999994	102.097273711235
1.57199999999994	102.114963251188
1.57299999999994	102.05552318882
1.57399999999994	102.004346349824
1.57499999999994	102.025209972673
1.57599999999994	102.086343022695
1.57699999999994	102.106546393303
1.57799999999994	102.040602621048
1.57899999999994	101.958808271674
1.57999999999994	101.941381356226
1.58099999999994	101.979335777406
1.58199999999994	101.993183450474
1.58299999999994	101.944529026848
1.58399999999994	101.894993245691
1.58499999999994	101.924834747362
1.58599999999994	102.009319778935
1.58699999999994	102.044944867264
1.58799999999994	101.989947893307
1.58899999999994	101.927048833158
1.58999999999994	101.947844441829
1.59099999999994	102.019824579246
1.59199999999994	102.050942911075
1.59299999999994	102.012307824616
1.59399999999994	101.972302777193
1.59499999999994	102.009288364651
1.59599999999994	102.099654049163
1.59699999999993	102.140641615981
1.59799999999993	102.092492119149
1.59899999999993	102.041083427815
1.59999999999993	102.053278176118
1.60099999999993	102.111524365819
1.60199999999993	102.138098720819
1.60299999999993	102.091322410663
1.60399999999993	102.040300535316
1.60499999999993	102.071303361167
1.60599999999993	102.155221983646
1.60699999999993	102.181245442485
1.60799999999993	102.120284449755
1.60899999999993	102.050033961528
1.60999999999993	102.043807625952
1.61099999999993	102.090652486335
1.61199999999993	102.108363124022
1.61299999999993	102.04891210971
1.61399999999993	101.997271017063
1.61499999999993	102.017544601613
1.61599999999993	102.079043425168
1.61699999999993	102.100530826905
1.61799999999993	102.0355053601
1.61899999999993	101.954085575001
1.61999999999993	101.937155807269
1.62099999999993	101.976092509823
1.62199999999993	101.991595465596
1.62299999999993	101.945292551653
1.62399999999993	101.897206142973
1.62499999999993	101.926963303143
1.62599999999993	102.012780320684
1.62699999999993	102.05049065494
1.62799999999993	101.996005958094
1.62899999999993	101.932545468825
1.62999999999993	101.95284490649
1.63099999999993	102.025645287624
1.63199999999993	102.057367151679
1.63299999999993	102.018333743463
1.63399999999993	101.977464218447
1.63499999999993	102.013198224306
1.63599999999993	102.103867839959
1.63699999999993	102.145922941972
1.63799999999993	102.097835118995
1.63899999999993	102.045631596436
1.63999999999993	102.056053309349
1.64099999999993	102.113047045275
1.64199999999993	102.139220602519
1.64299999999993	102.091975777065
1.64399999999993	102.03935695474
1.64499999999993	102.068354886193
1.64599999999993	102.152337961833
1.64699999999993	102.179344857448
1.64799999999993	102.117774498138
1.64899999999993	102.045991279687
1.64999999999993	102.038622986776
1.65099999999993	102.085008036117
1.65199999999993	102.102880255291
1.65299999999993	102.043418878618
1.65399999999993	101.991105428987
1.65499999999993	102.010690616041
1.65599999999993	102.072714426814
1.65699999999993	102.095511113757
1.65799999999993	102.031285008169
1.65899999999993	101.950030699047
1.65999999999993	101.93342059489
1.66099999999993	101.973309710498
1.66199999999993	101.990460504247
1.66299999999993	101.946364922985
1.66399999999993	101.899381982198
1.66499999999993	101.928670011213
1.66599999999993	102.015631271356
1.66699999999993	102.055299447432
1.66799999999993	102.001222748277
1.66899999999993	101.937178165423
1.66999999999993	101.956859799383
1.67099999999993	102.030399442753
1.67199999999993	102.062751262926
1.67299999999993	102.023358943613
1.67399999999993	101.981624186197
1.67499999999993	102.016118347245
1.67599999999993	102.107170715083
1.67699999999993	102.150330630154
1.67799999999993	102.102411350528
1.67899999999993	102.049531976867
1.67999999999993	102.058199721834
1.68099999999993	102.114052424916
1.68199999999993	102.140082594691
1.68299999999993	102.092618460262
1.68399999999993	102.038675351919
1.68499999999993	102.065908866854
1.68599999999993	102.150130719571
1.68699999999993	102.178244078299
1.68799999999992	102.11610424118
1.68899999999992	102.042771619523
1.68999999999992	102.034156078914
1.69099999999992	102.080131030383
1.69199999999992	102.09830529247
1.69299999999992	102.038837808095
1.69399999999992	101.985658470746
1.69499999999992	102.004424685794
1.69599999999992	102.067091579379
1.69699999999992	102.091242079023
1.69799999999992	102.027720499946
1.69899999999992	101.946862769838
1.69999999999992	101.930824236373
1.70099999999992	101.97163381157
1.70199999999992	101.990415216916
1.70299999999992	101.947711414002
1.70399999999992	101.900833901359
1.70499999999992	101.929280450629
1.70599999999992	102.017194766678
1.70699999999992	102.058880295114
1.70799999999992	102.005316086635
1.70899999999992	101.940713590658
1.70999999999992	101.95970564911
1.71099999999992	102.033980663196
1.71199999999992	102.067074234011
1.71299999999992	102.027410191344
1.71399999999992	101.984855455195
1.71499999999992	102.018309777377
1.71599999999992	102.110000691202
1.71699999999992	102.154322529641
1.71799999999992	102.10668627889
1.71899999999992	102.053253954512
1.71999999999992	102.060181014383
1.72099999999992	102.11499441686
1.72199999999992	102.141143975782
1.72299999999992	102.093693384403
1.72399999999992	102.038516947417
1.72499999999992	102.06405156677
1.72599999999992	102.148775207779
1.72699999999992	102.178198460087
1.72799999999992	102.115575915846
1.72899999999992	102.040711879496
1.72999999999992	102.0306766923
1.73099999999992	102.076199776147
1.73199999999992	102.094731456681
1.73299999999992	102.035206176102
1.73399999999992	101.980911560473
1.73499999999992	101.998581382983
1.73599999999992	102.061847958849
1.73699999999992	102.087347458523
1.73799999999992	102.024403522435
1.73899999999992	101.943943260313
1.73999999999992	101.928503608319
1.74099999999992	101.970221891954
1.74199999999992	101.990657626603
1.74299999999992	101.949140190213
1.74399999999992	101.901995818103
1.74499999999992	101.929212824659
1.74599999999992	102.017840210535
1.74699999999992	102.061464082192
1.74799999999992	102.008392666882
1.74899999999992	101.94334160227
1.74999999999992	101.961648852006
1.75099999999992	102.03658310926
1.75199999999992	102.070468530396
1.75299999999992	102.030600434974
1.75399999999992	101.987233108216
1.75499999999992	102.019864457724
1.75599999999992	102.112461872911
1.75699999999992	102.157975352664
1.75799999999992	102.110646373389
1.75899999999992	102.056688477099
1.75999999999992	102.0618620864
1.76099999999992	102.115725190183
1.76199999999992	102.142177233164
1.76299999999992	102.094882965646
1.76399999999992	102.038553020562
1.76499999999992	102.062457701299
1.76599999999992	102.147490885459
1.76699999999992	102.177997441428
1.76799999999992	102.115208360436
1.76899999999992	102.039074316952
1.76999999999992	102.027536264302
1.77099999999992	102.072662251139
1.77199999999992	102.091695657142
1.77299999999992	102.032152081136
1.77399999999992	101.976610337237
1.77499999999992	101.993034171478
1.77599999999992	102.056966637882
1.77699999999992	102.083902120365
1.77799999999991	102.021499646998
1.77899999999991	101.941358606638
1.77999999999991	101.926469818815
1.78099999999991	101.969166342444
1.78199999999991	101.99135068483
1.78299999999991	101.951074379088
1.78399999999991	101.903557630615
1.78499999999991	101.929262745324
1.78599999999991	102.018434142986
1.78699999999991	102.063939438394
1.78799999999991	102.011347200772
1.78899999999991	101.945908436138
1.78999999999991	101.963462473196
1.79099999999991	102.038916796569
1.79199999999991	102.073596294741
1.79299999999991	102.033511706198
1.79399999999991	101.989219672636
1.79499999999991	102.020979066003
1.79599999999991	102.114488497033
1.79699999999991	102.161356994734
1.79799999999991	102.114487638278
1.79899999999991	102.06050281565
1.79999999999991	102.064379835487
1.80099999999991	102.117269737134
1.80199999999991	102.144097275112
1.80299999999991	102.096956165314
1.80399999999991	102.039380043496
1.80499999999991	102.061551611456
1.80599999999991	102.14684403417
1.80699999999991	102.178355171508
1.80799999999991	102.115290878691
1.80899999999991	102.037714985538
1.80999999999991	102.024497841055
1.81099999999991	102.069199447672
1.81199999999991	102.088729651463
1.81299999999991	102.029074436863
1.81399999999991	101.972034132017
1.81499999999991	101.98694116129
1.81599999999991	102.051466778717
1.81699999999991	102.079822160613
1.81799999999991	102.017874186042
1.81899999999991	101.937953831025
1.81999999999991	101.92355942321
1.82099999999991	101.967309325049
1.82199999999991	101.991370228846
1.82299999999991	101.952445378714
1.82399999999991	101.904546278859
1.82499999999991	101.928579314432
1.82599999999991	102.018239388175
1.82699999999991	102.065680289537
1.82799999999991	102.013680531721
1.82899999999991	101.948038386529
1.82999999999991	101.964908214275
1.83099999999991	102.040894279467
1.83199999999991	102.076499233429
1.83299999999991	102.036386086432
1.83399999999991	101.991267561292
1.83499999999991	102.022239520293
1.83599999999991	102.11677938667
1.83699999999991	102.165554737281
1.83799999999991	102.119675406889
1.83899999999991	102.065762955812
1.83999999999991	102.068365634384
1.84099999999991	102.120260119388
1.84199999999991	102.147522629722
1.84299999999991	102.100505940275
1.84399999999991	102.041558315933
1.84499999999991	102.061847302525
1.84599999999991	102.147280749889
1.84699999999991	102.179697957089
1.84799999999991	102.11623608058
1.84899999999991	102.036984815745
1.84999999999991	102.021856279719
1.85099999999991	102.066028260396
1.85199999999991	102.085948533774
1.85299999999991	102.026001192153
1.85399999999991	101.96778079043
1.85499999999991	101.981456965975
1.85599999999991	102.046361041181
1.85699999999991	102.075969119835
1.85799999999991	102.014266227154
1.85899999999991	101.934313910407
1.85999999999991	101.920158956003
1.86099999999991	101.964794324774
1.86199999999991	101.990515864538
1.86299999999991	101.952764294329
1.86399999999991	101.90435450309
1.86499999999991	101.926494767189
1.86599999999991	102.016477345567
1.86699999999991	102.065786740567
1.86799999999991	102.014427543616
1.8689999999999	101.948710658955
1.8699999999999	101.964754476566
1.8709999999999	102.041083174658
1.8719999999999	102.077755533849
1.8729999999999	102.037851624263
1.8739999999999	101.992070893396
1.8749999999999	102.022447878102
1.8759999999999	102.11826080358
1.8769999999999	102.169068851999
1.8779999999999	102.124317272572
1.8789999999999	102.070670126508
1.8799999999999	102.072141783402
1.8809999999999	102.123226974653
1.8819999999999	102.151195307517
1.8829999999999	102.104619840246
1.8839999999999	102.04456765436
1.8849999999999	102.063159685941
1.8859999999999	102.148953891405
1.8869999999999	102.182401866367
1.8879999999999	102.118596021333
1.8889999999999	102.037698551545
1.8899999999999	102.020605115032
1.8909999999999	102.064277427823
1.8919999999999	102.084651444622
1.8929999999999	102.024376821054
1.8939999999999	101.9652072762
1.8949999999999	101.97783149542
1.8959999999999	102.042974482608
1.8969999999999	102.073709953107
1.8979999999999	102.011992450454
1.8989999999999	101.931678246922
1.8999999999999	101.91746056239
1.9009999999999	101.962736315592
1.9019999999999	101.989378584766
1.9029999999999	101.952085737901
1.9039999999999	101.902955353807
1.9049999999999	101.922931278757
1.9059999999999	102.013003146894
1.9069999999999	102.06403983368
1.9079999999999	102.013300502625
1.9089999999999	101.947547624279
1.9099999999999	101.962291256534
1.9109999999999	102.038468422071
1.9119999999999	102.076336917359
1.9129999999999	102.036889065463
1.9139999999999	101.990795156688
1.9149999999999	102.02098001125
1.9159999999999	102.118364848728
1.9169999999999	102.171369779773
1.9179999999999	102.127908700059
1.9189999999999	102.07477986302
1.9199999999999	102.075338548135
1.9209999999999	102.125892481041
1.9219999999999	102.15494373515
1.9229999999999	102.109174535993
1.9239999999999	102.048329561047
1.9249999999999	102.065374854607
1.9259999999999	102.151725672413
1.9269999999999	102.186572522571
1.9279999999999	102.122706545195
1.9289999999999	102.040262746603
1.9299999999999	102.021206939543
1.9309999999999	102.06446300291
1.9319999999999	102.085406080122
1.9329999999999	102.024803424793
1.9339999999999	101.964468616605
1.9349999999999	101.975764779538
1.9359999999999	102.041082438649
1.9369999999999	102.072907990785
1.9379999999999	102.011015440617
1.9389999999999	101.930119677803
1.9399999999999	101.915463294783
1.9409999999999	101.961058679084
1.9419999999999	101.988491488948
1.9429999999999	101.951513880775
1.9439999999999	101.901421551762
1.9449999999999	101.918936089792
1.9459999999999	102.008823980665
1.9469999999999	102.061390849918
1.9479999999999	102.011104951904
1.9489999999999	101.94517373499
1.9499999999999	101.958397708679
1.9509999999999	102.0341687343
1.9519999999999	102.073217351402
1.9529999999999	102.034321009053
1.9539999999999	101.987984302764
1.9549999999999	102.018077277704
1.9559999999999	102.117106101893
1.9569999999999	102.172261140025
1.9579999999999	102.129981484459
1.9589999999999	102.077343469346
1.95999999999989	102.077052552025
1.96099999999989	102.127257114769
1.96199999999989	102.157695728681
1.96299999999989	102.113018153691
1.96399999999989	102.051620264967
1.96499999999989	102.066949815403
1.96599999999989	102.153764036145
1.96699999999989	102.190410704465
1.96799999999989	102.126847331663
1.96899999999989	102.043065349213
1.96999999999989	102.022184942262
1.97099999999989	102.065281725732
1.97199999999989	102.08709740415
1.97299999999989	102.026353569416
1.97399999999989	101.964855385719
1.97499999999989	101.974790620335
1.97599999999989	102.040447178437
1.97699999999989	102.073533433263
1.97799999999989	102.011528411789
1.97899999999989	101.930106882349
1.97999999999989	101.914989312157
1.98099999999989	101.96087375119
1.98199999999989	101.989117252551
1.98299999999989	101.95243346914
1.98399999999989	101.901249154748
1.98499999999989	101.916085720105
1.98599999999989	102.005566689082
1.98699999999989	102.059488212915
1.98799999999989	102.00952617673
1.98899999999989	101.943253825727
1.98999999999989	101.954631491708
1.99099999999989	102.02962394305
1.99199999999989	102.069707129083
1.99299999999989	102.031300871078
1.99399999999989	101.984454477556
1.99499999999989	102.014189922585
1.99599999999989	102.114575776797
1.99699999999989	102.171512422774
1.99799999999989	102.129884108314
1.99899999999989	102.077278240494
2	102.076049459953
