"Time [s]"	"Pem [kW]"
0	0
0.001	0.0220378432278893
0.002	0.489987912304816
0.003	2.30476833839647
0.004	4.81706687913118
0.005	4.1615701115409
0.006	-2.035355969146
0.007	-6.83724921989272
0.008	-2.91483104153529
0.009	1.27213006921303
0.01	-0.535920994421502
0.011	-0.7107803151312
0.012	1.453068251021
0.013	2.26999090812512
0.014	1.51616108489084
0.015	0.662832725764542
0.016	0.325253447433899
0.017	0.230723703533241
0.018	1.04127647391446
0.019	2.00137932108593
0.02	3.0325911772606
0.021	5.62255278746951
0.022	9.67454065848476
0.023	18.0879458404546
0.024	16.8221401653395
0.025	-15.2678828750456
0.026	-17.0875360454613
0.027	-6.47671666338983
0.028	3.38691853491462
0.029	10.3072056339108
0.03	-9.07666427320225
0.031	-18.9849746528869
0.032	-9.21619160351304
0.033	1.76821797131854
0.034	2.41016703038797
0.035	-0.13531905859815
0.036	1.61508949056153
0.037	7.1173896033505
0.038	2.81701471914534
0.039	-4.54191094539059
0.04	0.200481477743488
0.041	4.5011567207209
0.042	-7.32344425850825
0.043	-6.82213513694391
0.044	-1.58782960335451
0.045	0.0884288079699121
0.046	2.49560982993834
0.047	8.2722901359244
0.048	-3.96364250336479
0.049	-6.115880441233
0.05	-1.00045851858442
0.051	0.101694077150245
0.052	2.14238226885173
0.053	11.1257494330602
0.054	13.3805586081718
0.055	-0.285664183991492
0.056	12.7220003753046
0.057	11.1037927333679
0.058	-0.00687093730670136
0.059	16.5107583614506
0.06	-9.43742439346496
0.061	12.9469180618262
0.062	-14.2918149112198
0.063	-1.88323205705708
0.064	5.12656769031241
0.065	-24.7387038302591
0.066	4.94067240247524
0.067	-2.2215110745412
0.068	-21.1186662225384
0.069	-1.77785225151605
0.07	14.8502067512491
0.071	-9.55294189090494
0.0720000000000001	-8.95952908603627
0.0730000000000001	3.58764300076
0.0740000000000001	16.3960838745771
0.0750000000000001	-2.03860700739582
0.0760000000000001	3.31402169578814
0.0770000000000001	19.5291612209325
0.0780000000000001	0.321611473777047
0.0790000000000001	18.3085670992752
0.0800000000000001	2.88972406007883
0.0810000000000001	12.8892151422138
0.0820000000000001	4.58006839299293
0.0830000000000001	8.92721657931351
0.0840000000000001	1.59658181818797
0.0850000000000001	5.35783637384541
0.0860000000000001	-4.33968866918876
0.0870000000000001	5.93690630100318
0.0880000000000001	-7.2559298764483
0.0890000000000001	1.34541763411013
0.0900000000000001	-5.72920428811768
0.0910000000000001	-2.95541926519775
0.0920000000000001	6.94923509438601
0.0930000000000001	-8.5433501193007
0.0940000000000001	17.0447021565525
0.0950000000000001	-6.17272154481434
0.0960000000000001	15.9680137386532
0.0970000000000001	3.70610021940022
0.0980000000000001	1.71178523492379
0.0990000000000001	19.2468092993954
0.1	-12.8157000728321
0.101	35.5212770990875
0.102	3.41814691941089
0.103	5.55219699163397
0.104	41.6267597183447
0.105	0.388143665559029
0.106	0.415871498400317
0.107	54.5198097518462
0.108	30.753912648932
0.109	-13.4322122295324
0.11	-5.82905942787694
0.111	52.343589417575
0.112	70.7062465403838
0.113	60.0509427449786
0.114	52.1300159997756
0.115	54.1523107700144
0.116	70.9660727311827
0.117	89.0029164628538
0.118	37.4476564554978
0.119	-35.201320382512
0.12	-13.0678724012053
0.121	36.8855940576965
0.122	78.1352136504529
0.123	-0.088331492268193
0.124	-25.3595988400799
0.125	31.6169828732004
0.126	70.1687724818569
0.127	-36.4243776691101
0.128	-1.75219279611085
0.129	60.8487305592574
0.13	-9.71443044802344
0.131	-23.4212169080203
0.132	40.0782234708768
0.133	7.64670775388888
0.134	-39.4404448302718
0.135	19.1855290772376
0.136	17.0937108588255
0.137	-48.8252279760539
0.138	-0.888023457972491
0.139	24.2050180210976
0.14	-50.5067578760713
0.141	-24.6883593332734
0.142	15.2090950524068
0.143	-20.9976712758214
0.144	-45.8854423425071
0.145	-16.8149840639821
0.146	9.76560460286383
0.147	-8.27372834875216
0.148	-42.0325577414039
0.149	-32.9287169033574
0.15	-10.6292109337293
0.151	5.66634919007547
0.152	8.38173617399338
0.153	-15.1207884606324
0.154	-29.8679998307024
0.155	-27.1971592759794
0.156	-14.233348559616
0.157	-3.55267271577959
0.158	5.56489884299558
0.159	9.77900200428966
0.16	6.74735849421359
0.161	0.443884878317362
0.162	-3.70877435790892
0.163	-1.42354642976122
0.164	5.15754156786316
0.165	13.8628022063838
0.166	22.0888991961942
0.167	21.9530832761047
0.168	11.7751810944614
0.169	3.0748566217999
0.17	8.90604879583341
0.171	19.3783002036832
0.172	26.8680860661115
0.173	17.0452525472152
0.174	2.79264324668487
0.175	8.19565980533674
0.176	17.8713737395121
0.177	15.601412023075
0.178	2.50593565399513
0.179	1.29222822785746
0.18	6.78303755664971
0.181	6.48536520954433
0.182	-1.2797234116695
0.183	-5.53371290829643
0.184	-2.12130465470611
0.185	0.528998520745544
0.186	-5.50979978191563
0.187	-13.2649307988859
0.188	-9.76782500463675
0.189	-3.36454212919651
0.19	-6.87236684195837
0.191	-16.310201091924
0.192	-16.0102635922117
0.193	-8.68614669999328
0.194	-4.15395755390762
0.195	-9.7967546875284
0.196	-16.2165587747223
0.197	-14.5897074845857
0.198	-8.6489104833124
0.199	-3.27885574055116
0.2	-3.2928105428485
0.201	-5.6662111125537
0.202	-6.28732495185725
0.203	-3.67403754774946
0.204	-0.040974492720281
0.205	2.55869259452172
0.206	2.34541127343836
0.207	1.55020275821225
0.208	2.71286646501644
0.209	6.26635949660236
0.21	9.42598229894348
0.211	9.46515605864986
0.212	6.73381444718263
0.213	5.26957471431611
0.214	7.82182122363909
0.215	11.7991185048147
0.216	12.66059870445
0.217	8.51440825135348
0.218	5.03885548544281
0.219	7.01045472702989
0.22	9.45264566300689
0.221	8.09934557790839
0.222	4.15837117852007
0.223	2.42220292269431
0.224	2.79241653791364
0.225	3.335668765022
0.226	1.72481911183357
0.227	-1.09233273131532
0.228	-2.87070929646688
0.229	-3.22291387222987
0.23	-1.65966050355532
0.231	-2.92526752251418
0.232	-6.54628960714509
0.233	-8.63706955049655
0.234	-6.12245487721775
0.235	-3.90175387846388
0.236	-6.27908740135224
0.237	-9.8827460511634
0.238	-9.39313623172884
0.239	-5.58177703679083
0.24	-3.65206332455568
0.241	-4.83480387162481
0.242	-6.83447258067529
0.243	-6.63157029668314
0.244	-3.92025685775423
0.245	-1.35657908194449
0.246	-1.19700899381259
0.247	-1.77640182269205
0.248	-0.877804108336825
0.249	0.661912559394845
0.25	2.27352780803737
0.251	2.51377736445791
0.252	2.03456095418145
0.253	3.03947073241443
0.254	4.83125293567879
0.255	6.75527913502247
0.256	6.06405864865841
0.257	4.04469172339505
0.258	4.33279248239253
0.259	6.39516237662619
0.26	7.74825510985126
0.261	6.09760179569712
0.262	3.84985231109853
0.263	3.52057313438683
0.264	4.50014142753697
0.265	4.95804968058324
0.266	3.94171569536914
0.267	1.65339252629635
0.268	0.774287990041748
0.269	1.07103967589767
0.27	0.750369063387334
0.271	0.0827951716045827
0.272	-1.21401915518378
0.273	-2.92194439375111
0.274	-3.27895907629386
0.275	-1.80938314678623
0.276	-2.27279373566572
0.277	-4.44661673127664
0.278	-5.89632741346749
0.279	-4.48184873386067
0.28	-2.96320124192619
0.281	-3.13247726312729
0.282	-4.65523178085363
0.283	-5.7610190823987
0.284	-4.56772431440359
0.285	-2.17151680939467
0.286	-2.0814323063638
0.287	-3.21450444537773
0.288	-3.2528288129015
0.289	-1.93042792106932
0.29	-0.134599071765679
0.291	-0.0808364603649175
0.292	0.0674917435298189
0.293	0.310058222827179
0.294	1.31588765235387
0.295	2.39381960191808
0.296	2.24236670152406
0.297	1.6982722891129
0.298	2.068531932796
0.299	3.70098543853923
0.3	4.33679419430197
0.301	3.71799112283644
0.302	2.56312954912213
0.303	2.94858963367917
0.304	3.77584029924856
0.305	4.47592324057321
0.306	3.83633917508091
0.307	2.05330707065643
0.308	1.72275487979153
0.309	2.49222145379201
0.31	2.67859273934329
0.311	1.63872196198206
0.312	0.595713557441893
0.313	0.0186634480532504
0.314	-0.308503991233946
0.315	0.29890027840472
0.316	-0.097444683360067
0.317	-1.39851642467731
0.318	-2.67853134396739
0.319	-2.50174199676958
0.32	-1.0882549385372
0.321	-1.46647556744065
0.322	-2.76220568681269
0.323	-3.73244405226744
0.324	-3.20507154102686
0.325	-1.62141211098843
0.326	-1.67727414687095
0.327	-2.94092895553742
0.328	-3.44708401253985
0.329	-2.54319605199501
0.33	-0.800996397426911
0.331	-0.862732708764237
0.332	-1.23033348118639
0.333	-1.62834166277812
0.334	-1.20360690493989
0.335	0.513626372350406
0.336	0.58895253635281
0.337	0.110206760122085
0.338	0.40444805824874
0.339	1.23017520227177
0.34	2.03539367405491
0.341	1.76029684946107
0.342	1.28583588756712
0.343	1.67098892735337
0.344	2.6639649009497
0.345	3.22218598142299
0.346	2.70264645929649
0.347	1.62806242328874
0.348	1.48421677999837
0.349	2.43981118704604
0.35	2.86048589889147
0.351	2.04169095786853
0.352	1.08566068689521
0.353	0.885769675652406
0.354	1.35977122135647
0.355	1.55532410447812
0.356	1.00967388974378
0.357	-0.153651574583961
0.358	-0.600386126973432
0.359	-0.731690933502392
0.36	-0.0496579195797587
0.361	-0.320522363296161
0.362	-0.950820076828168
0.363	-1.97073434386231
0.364	-2.12250916094941
0.365	-0.757382426188814
0.366	-0.83584161776637
0.367	-1.93314019415354
0.368	-2.67086620353118
0.369	-2.40084735539857
0.37	-0.772592592033136
0.371	-0.873825377145435
0.372	-1.3363508297097
0.373	-2.081149840556
0.374	-1.81592517994963
0.375	-0.123301581934386
0.376	-0.0957217857237231
0.377	-0.587244072617093
0.378	-0.795415908194959
0.379	-0.290332220818985
0.38	0.91229330469979
0.381	0.838687462871554
0.382	0.460975249862556
0.383	0.520183549901211
0.384	1.29067722236198
0.385	1.97178216861099
0.386	1.60963061751484
0.387	0.90501974941275
0.388	0.868204550673848
0.389	1.79306264278389
0.39	2.23092936541448
0.391	1.66728173910315
0.392	0.993403615021877
0.393	0.899456114438901
0.394	1.54378941690629
0.395	1.88596298149824
0.396	1.31747587783953
0.397	0.337936727963415
0.398	0.141972228004477
0.399	0.333456744999825
0.4	0.713973089714847
0.401	0.482351348570146
0.402	-0.125247345774487
0.403	-0.786099161912715
0.404	-0.91812767997645
0.405	0.0918920129500633
0.406	-0.177769661401013
0.407	-1.0724030695894
0.408	-1.67779298910097
0.409	-1.80012738026194
0.41	-0.464737404039342
0.411	-0.527952882180971
0.412	-0.876208971167688
0.413	-1.76756154953057
0.414	-1.80721373953507
0.415	-0.193579150422274
0.416	-0.206503849037295
0.417	-0.823696353415802
0.418	-1.26217266372951
0.419	-0.915287457968942
0.42	0.414872459004813
0.421	0.279659075632761
0.422	-0.0102231598633981
0.423	-0.169686481009659
0.424	0.339290645419362
0.425	1.06462449659215
0.426	0.950385131911595
0.427	0.242034262976818
0.428	0.277839540829006
0.429	1.00972831110872
0.43	1.46312556127801
0.431	1.25663591153778
0.432	0.713133133479562
0.433	0.628796622380284
0.434	1.21831511093517
0.435	1.71792638816197
0.436	1.28820518428653
0.437	0.398870943885518
0.438	0.293922534489176
0.439	0.674018539920683
0.44	1.02636374420372
0.441	0.849855789916249
0.442	0.176877202678433
0.443	-0.261305790763335
0.444	-0.0673972651181527
0.445	0.636134186576331
0.446	0.393086241807503
0.447	-0.578162127692463
0.448	-0.908107943753726
0.449	-1.00224301457615
0.45	-0.116497802490212
0.451	-0.136999632681107
0.452	-0.490640803869466
0.453	-1.22342700856499
0.454	-1.43269559788151
0.455	-0.0160382234244725
0.456	-0.0704800848362785
0.457	-0.766666687253461
0.458	-1.26471656912115
0.459	-1.05077699907728
0.46	0.243954752908465
0.461	0.0906430259060507
0.462	-0.230279445079931
0.463	-0.586365608527272
0.464	-0.184076463024376
0.465	0.604035802829542
0.466	0.562558119633863
0.467	-0.183602026499011
0.468	-0.228978247380467
0.469	0.308310643456979
0.47	0.918587550805225
0.471	0.892239609197892
0.472	0.434644113087721
0.473	0.272930292514478
0.474	0.730298237419616
0.475	1.40203325914389
0.476	1.13541585585107
0.477	0.269382551701152
0.478	0.222904555962417
0.479	0.646209146531203
0.48	1.06715565832447
0.481	0.940524068024658
0.482	0.290016858174965
0.483	-0.0667855872713668
0.484	0.350782954014202
0.485	0.968478177161821
0.486	0.657601186302255
0.487	-0.267037771790426
0.488	-0.502619062650565
0.489	-0.45130605994742
0.49	0.196533122852491
0.491	0.240021876972929
0.492	-0.249800754472554
0.493	-0.769776674150703
0.494	-0.922515967428565
0.495	0.282948946947506
0.496	0.16330852348618
0.497	-0.631823812418701
0.498	-1.06231615765912
0.499	-0.939113234502549
0.5	0.250980817161511
0.501	0.0939415350948808
0.502	-0.288888055723453
0.503	-0.720928479033614
0.504	-0.399894212966834
0.505	0.399419191536297
0.506	0.375698485423257
0.507	-0.395456927939775
0.508	-0.551542604957827
0.509	-0.16184721278854
0.51	0.583580125240176
0.511	0.617563677010942
0.512	0.210923657282507
0.513	-0.0311723381585153
0.514	0.269288783833449
0.515	1.10756391197633
0.516	0.951071231291515
0.517	0.0869504693166735
0.518	0.0442976989352965
0.519	0.45410489375805
0.52	0.966292829977825
0.521	0.896719056260343
0.522	0.283074582257752
0.523	-0.0374479387289302
0.524	0.464978404365464
0.525	1.0826472450307
0.526	0.770152781232965
0.527	-0.122117864315128
0.528	-0.31129920184293
0.529	-0.0795260277841819
0.53	0.404222623729813
0.531	0.47296293132701
0.532	-0.0919425800833079
0.533	-0.481720291456182
0.534	-0.483879849477565
0.535	0.518646479011028
0.536	0.385523640704098
0.537	-0.485748118116946
0.538	-0.836028074484437
0.539	-0.730525556355216
0.54	0.325975545553147
0.541	0.189794809326986
0.542	-0.265037178275234
0.543	-0.691748840621228
0.544	-0.426185023214781
0.545	0.347294988902567
0.546	0.319485506760722
0.547	-0.478019353876123
0.548	-0.698344750386193
0.549	-0.388844806059613
0.55	0.407144332355192
0.551	0.461797706504657
0.552	0.062214015102082
0.553	-0.232376355007708
0.554	-0.0497398130893701
0.555	0.89381380601062
0.556	0.798632079883941
0.557	-0.0658630451495272
0.558	-0.138544045830738
0.559	0.237641918533513
0.56	0.830340462696694
0.561	0.807117687761175
0.562	0.223881320702633
0.563	-0.0968335721025368
0.564	0.420976537666826
0.565	1.07727544795024
0.566	0.786272254326199
0.567	-0.076962354728877
0.568	-0.248798956503507
0.569	0.0756761318850515
0.57	0.507422906209499
0.571	0.583141124443902
0.572	-0.00563487884106909
0.573	-0.345990376501705
0.574	-0.188066759469455
0.575	0.662795242204511
0.576	0.530147894414784
0.577	-0.357586218455821
0.578	-0.657886090189233
0.579	-0.535334272876814
0.58	0.406397678540884
0.581	0.319931351440781
0.582	-0.211905687779478
0.583	-0.596314909820488
0.584	-0.359451202644974
0.585	0.37849869630831
0.586	0.337961272825355
0.587	-0.481427314025906
0.588	-0.723046360070518
0.589	-0.440110119025358
0.59	0.3372027442851
0.591	0.404881977433716
0.592	-0.00832475193916203
0.593	-0.342121034360525
0.594	-0.217114331470013
0.595	0.767228235871124
0.596	0.702315468985192
0.597	-0.165170378954114
0.598	-0.276332889374585
0.599	0.0668890632456582
0.6	0.709161943943135
0.601	0.719345117233094
0.602	0.153479590890132
0.603	-0.184182552638128
0.604	0.316190311082436
0.605	1.01422125079023
0.606	0.754147353819639
0.607	-0.0929421467516455
0.608	-0.262529944145549
0.609	0.0936671183420334
0.61	0.526605053076704
0.611	0.615917234328869
0.612	0.0238177194862038
0.613	-0.30099502876085
0.614	-0.0379884921098716
0.615	0.735213144376131
0.616	0.608914636007799
0.617	-0.273714457573683
0.618	-0.547449196287718
0.619	-0.40438902364591
0.62	0.469778066020766
0.621	0.420916223544215
0.622	-0.142803079127759
0.623	-0.505754358451513
0.624	-0.266763180505905
0.625	0.441501592372066
0.626	0.390067611510588
0.627	-0.442097050957153
0.628	-0.687140937188964
0.629	-0.396387482396086
0.63	0.330390332540165
0.631	0.408728638394021
0.632	-0.0246357278674265
0.633	-0.386699401026468
0.634	-0.269823866369961
0.635	0.707836715285083
0.636	0.656394240504377
0.637	-0.21756450226368
0.638	-0.357190522673493
0.639	-0.0412330576917205
0.64	0.622357193323322
0.641	0.656398125850516
0.642	0.0943888076263815
0.643	-0.264329557499212
0.644	0.212754373393586
0.645	0.94153566372981
0.646	0.708405507226316
0.647	-0.131169478769996
0.648	-0.308990886122735
0.649	0.0506403523463558
0.65	0.498588989502137
0.651	0.607995493243405
0.652	0.0199321225880122
0.653	-0.304658800893192
0.654	0.0116577908830664
0.655	0.753544493401556
0.656	0.640838222223017
0.657	-0.23172740226097
0.658	-0.494437292091142
0.659	-0.32865755352077
0.66	0.503557714768742
0.661	0.478909223428025
0.662	-0.0989405090314502
0.663	-0.445999752016782
0.664	-0.186327188214896
0.665	0.506364212607758
0.666	0.444903516844075
0.667	-0.38661833992388
0.668	-0.630955786348969
0.669	-0.316467007747616
0.67	0.35517575063753
0.671	0.440254677666331
0.672	-0.0133404048453277
0.673	-0.391395962397008
0.674	-0.252829145127507
0.675	0.692544268449365
0.676	0.64541071781171
0.677	-0.234692033657117
0.678	-0.390305364319146
0.679	-0.0918510340240956
0.68	0.570618714987032
0.681	0.62252763626885
0.682	0.0540602693361547
0.683	-0.324470314596062
0.684	0.138115315235886
0.685	0.882588140757965
0.686	0.667357434020845
0.687	-0.168669650406936
0.688000000000001	-0.361314105713934
0.689000000000001	-0.00793066649382981
0.690000000000001	0.453654768890201
0.691000000000001	0.58367927648886
0.692000000000001	-0.00163166881616733
0.693000000000001	-0.333248976909597
0.694000000000001	0.00764695101197428
0.695000000000001	0.740018843616953
0.696000000000001	0.644078346496886
0.697000000000001	-0.218497370351196
0.698000000000001	-0.480170620964454
0.699000000000001	-0.298500566246199
0.700000000000001	0.511657605954063
0.701000000000001	0.505107175153937
0.702000000000001	-0.0775717885101183
0.703000000000001	-0.417638579770132
0.704000000000001	-0.133478117586346
0.705000000000001	0.564847208976436
0.706000000000001	0.488965928409261
0.707000000000001	-0.33366889213882
0.708000000000001	-0.579101411084697
0.709000000000001	-0.243557910817852
0.710000000000001	0.389250664979327
0.711000000000001	0.477220206390443
0.712000000000001	0.00554303248968471
0.713000000000001	-0.377004757156557
0.714000000000001	-0.20507351687723
0.715000000000001	0.701056039540782
0.716000000000001	0.652490830581176
0.717000000000001	-0.227564944618515
0.718000000000001	-0.3939704016149
0.719000000000001	-0.103919406408598
0.720000000000001	0.544537302069442
0.721000000000001	0.610950591305511
0.722000000000001	0.0307127199466377
0.723000000000001	-0.363456862014557
0.724000000000001	0.0962206910821583
0.725000000000001	0.843671558528629
0.726000000000001	0.637599392253043
0.727000000000001	-0.195441332342527
0.728000000000001	-0.405828181563149
0.729000000000001	-0.0583093901846744
0.730000000000001	0.410417812577187
0.731000000000001	0.557795640571164
0.732000000000001	-0.0271152521530697
0.733000000000001	-0.370753567328087
0.734000000000001	-0.0153733698288033
0.735000000000001	0.712884530044117
0.736000000000001	0.634165297322775
0.737000000000001	-0.220395292245266
0.738000000000001	-0.48700125421456
0.739000000000001	-0.297538617137384
0.740000000000001	0.505669917574748
0.741000000000001	0.511988513169876
0.742000000000001	-0.071825208573427
0.743000000000001	-0.410909122176215
0.744000000000001	-0.106701007002183
0.745000000000001	0.602230740297872
0.746000000000001	0.519648943652207
0.747000000000001	-0.29245952042621
0.748000000000001	-0.540284022709906
0.749000000000001	-0.185827810023356
0.750000000000001	0.420592552501013
0.751000000000001	0.510585767749413
0.752000000000001	0.0220431414183147
0.753000000000001	-0.357932378305939
0.754000000000001	-0.151167112822551
0.755000000000001	0.719398721301473
0.756000000000001	0.666688172644557
0.757000000000001	-0.209666622640413
0.758000000000001	-0.384370148537631
0.759000000000001	-0.0935543298037882
0.760000000000001	0.533424508747986
0.761000000000001	0.612243987054727
0.762000000000001	0.0191537531513063
0.763000000000001	-0.383257799699312
0.764000000000001	0.0793904548946046
0.765000000000001	0.821582040504304
0.766000000000001	0.618404654753171
0.767000000000001	-0.210488543728472
0.768000000000001	-0.43924638130218
0.769000000000001	-0.0931723403464779
0.770000000000001	0.375802584109769
0.771000000000001	0.536282402984856
0.772000000000001	-0.0502640801555223
0.773000000000001	-0.406075730755052
0.774000000000001	-0.0396688929046222
0.775000000000001	0.682615314389901
0.776000000000001	0.620095487097829
0.777000000000001	-0.22804472694716
0.778000000000001	-0.50481732295366
0.779000000000001	-0.310696927304977
0.780000000000001	0.493723932358404
0.781000000000001	0.508321761658571
0.782000000000001	-0.0753032953551174
0.783000000000001	-0.417205012131518
0.784000000000001	-0.096810742688236
0.785000000000001	0.622697279890803
0.786000000000001	0.53957228404072
0.787000000000001	-0.260729364332017
0.788000000000001	-0.514332668446178
0.789000000000001	-0.143897767025099
0.790000000000001	0.444548187835108
0.791000000000001	0.534806188897
0.792000000000001	0.0331403838549582
0.793000000000001	-0.34127790338018
0.794000000000001	-0.102729934805811
0.795000000000001	0.736736688340714
0.796000000000001	0.679188193501159
0.797000000000001	-0.188350644323253
0.798000000000001	-0.371651526291342
0.799000000000001	-0.0754831574200993
0.800000000000001	0.529816344125742
0.801000000000001	0.619244493137132
0.802000000000001	0.0148286298320569
0.803000000000001	-0.391284396580147
0.804000000000001	0.0787577774251057
0.805000000000001	0.81169499605999
0.806000000000001	0.607410500043308
0.807000000000001	-0.212740900604715
0.808000000000001	-0.461996151113433
0.809000000000001	-0.113284539393517
0.810000000000001	0.351815291456827
0.811000000000001	0.521039501516108
0.812000000000001	-0.0685452439791727
0.813000000000001	-0.436133622732788
0.814000000000001	-0.0566872088412559
0.815000000000001	0.654830921462146
0.816000000000001	0.606898145783805
0.817000000000001	-0.235645706223101
0.818000000000001	-0.527947322454529
0.819000000000001	-0.327909524014626
0.820000000000001	0.477192568342304
0.821000000000001	0.499829629876406
0.822000000000001	-0.0838187400352607
0.823000000000001	-0.430194035159466
0.824000000000001	-0.0961684769033799
0.825000000000001	0.632759507188525
0.826000000000001	0.550541443609445
0.827000000000001	-0.236736273771956
0.828000000000001	-0.510436675465972
0.829000000000001	-0.113973951382037
0.830000000000001	0.462414590559618
0.831000000000001	0.55203683229736
0.832000000000001	0.0411507593578032
0.833000000000001	-0.327258072345194
0.834000000000001	-0.0593470931687173
0.835000000000001	0.752083555617485
0.836000000000001	0.687373212046649
0.837000000000001	-0.16539586135111
0.838000000000001	-0.358862021003706
0.839000000000001	-0.054325881039234
0.840000000000001	0.532440697891827
0.841000000000001	0.628721106645936
0.842000000000001	0.0151943665608234
0.843000000000001	-0.391230224638382
0.844000000000001	0.0869537945495392
0.845000000000001	0.809858873511495
0.846000000000001	0.601888539446403
0.847000000000001	-0.207546910260857
0.848000000000001	-0.476901351423883
0.849000000000001	-0.123384625427032
0.850000000000001	0.336247596041929
0.851000000000001	0.512582058381393
0.852000000000001	-0.0830134992287373
0.853000000000001	-0.461959882735801
0.854000000000001	-0.0675530128894189
0.855000000000001	0.629436856472937
0.856000000000001	0.594997445692306
0.857000000000001	-0.242343085503522
0.858000000000001	-0.551324359558016
0.859000000000001	-0.346711445610251
0.860000000000001	0.458110266574994
0.861000000000001	0.488476203625966
0.862000000000001	-0.0956967874040953
0.863000000000001	-0.447236823901379
0.864000000000001	-0.102330938065289
0.865000000000001	0.635803128913039
0.866000000000001	0.554382665013067
0.867000000000001	-0.217610164179241
0.868000000000001	-0.511270752703325
0.869000000000001	-0.0935469473376946
0.870000000000001	0.475713282365126
0.871000000000001	0.563719325137992
0.872000000000001	0.046466020342195
0.873000000000001	-0.316243721397664
0.874000000000001	-0.0265966432358261
0.875000000000001	0.764327066444312
0.876000000000001	0.693275024930697
0.877000000000001	-0.142618426159571
0.878000000000001	-0.352813660738953
0.879000000000001	-0.0333938505752321
0.880000000000001	0.538511085686979
0.881000000000001	0.638567907646821
0.882000000000001	0.018463946042354
0.883000000000001	-0.385812762371133
0.884000000000001	0.0973009005574136
0.885000000000001	0.813714688570943
0.886000000000001	0.600497059393779
0.887000000000001	-0.196999949914668
0.888000000000001	-0.485350167498442
0.889000000000001	-0.125886970172144
0.890000000000001	0.32848441783274
0.891000000000001	0.509741479936261
0.892000000000001	-0.0938342973201765
0.893000000000001	-0.482985885883944
0.894000000000001	-0.071626064641988
0.895000000000001	0.607959307685011
0.896000000000001	0.585392021329416
0.897000000000001	-0.246841792536991
0.898000000000001	-0.573459498518127
0.899000000000001	-0.364523115044154
0.900000000000001	0.43847337154059
0.901000000000001	0.475847808176996
0.902000000000001	-0.108733451678052
0.903000000000001	-0.466233046547479
0.904000000000001	-0.112243714581378
0.905000000000001	0.634419740558708
0.906000000000001	0.556606150297794
0.907000000000001	-0.202387440412992
0.908000000000001	-0.515601183384427
0.909000000000001	-0.0810590172583993
0.910000000000001	0.484807995164734
0.911000000000001	0.570785951407911
0.912000000000001	0.0494522978539792
0.913000000000001	-0.308566875434698
0.914000000000001	0.000992289572670678
0.915000000000001	0.773206681048124
0.916000000000001	0.696513518428626
0.917000000000001	-0.121816067504058
0.918000000000001	-0.351409440083036
0.919000000000001	-0.0158236863180476
0.920000000000001	0.544067908233227
0.921000000000001	0.64680375439722
0.922000000000001	0.0217948262216131
0.923000000000001	-0.378062533782144
0.924000000000001	0.106833903836873
0.925000000000001	0.81990161554592
0.926000000000001	0.60125213234003
0.927000000000001	-0.184086155581767
0.928000000000001	-0.489798121388457
0.929000000000001	-0.124538182718056
0.930000000000001	0.326504745997562
0.931000000000001	0.510274067289502
0.932000000000001	-0.101145639005375
0.933000000000001	-0.500133781458512
0.934000000000001	-0.0705542330000848
0.935000000000001	0.590850802975932
0.936000000000001	0.578121805069754
0.937000000000001	-0.248768255296885
0.938000000000001	-0.593472878151311
0.939000000000001	-0.379523552825131
0.940000000000001	0.41979495015924
0.941000000000001	0.463274013844959
0.942000000000001	-0.12146886215534
0.943000000000001	-0.485068473033353
0.944000000000001	-0.122819236655756
0.945000000000001	0.631541775736054
0.946000000000001	0.558591517889918
0.947000000000001	-0.188696673838003
0.948000000000001	-0.521304234542757
0.949000000000001	-0.0733939942404169
0.950000000000001	0.491935644938144
0.951000000000001	0.574812007678073
0.952000000000001	0.0512132751772223
0.953000000000001	-0.302930768162163
0.954000000000001	0.0241755410875874
0.955000000000001	0.785791558350383
0.956000000000001	0.697928399154438
0.957000000000001	-0.103340247893234
0.958000000000001	-0.352514916026632
0.959000000000001	-0.00263251091303741
0.960000000000001	0.547567970970949
0.961000000000001	0.65237670988255
0.962000000000001	0.0244369942224095
0.963000000000001	-0.370246283978929
0.964000000000001	0.113036434943837
0.965000000000001	0.825331290862658
0.966000000000001	0.601792683233042
0.967000000000001	-0.171908500065278
0.968000000000001	-0.493577866254346
0.969000000000001	-0.123817391368654
0.970000000000001	0.327003887273143
0.971000000000001	0.511825298680124
0.972000000000001	-0.108272271797904
0.973000000000001	-0.515238470725963
0.974000000000001	-0.0678339363807778
0.975000000000001	0.575836032642252
0.976000000000001	0.572604972543234
0.977000000000001	-0.248962369416498
0.978000000000001	-0.611276884962363
0.979000000000001	-0.387998386796226
0.980000000000001	0.402641383597147
0.981000000000001	0.451548507349675
0.982000000000001	-0.132841526638522
0.983000000000001	-0.500813396817421
0.984000000000001	-0.131753432065308
0.985000000000001	0.629317995635444
0.986000000000001	0.562118364698248
0.987000000000001	-0.17923519759913
0.988000000000001	-0.526149642248642
0.989000000000001	-0.0670495874159113
0.990000000000001	0.49975618372122
0.991000000000001	0.577735929168473
0.992000000000001	0.053338710921021
0.993000000000001	-0.299008339450357
0.994000000000001	0.0458906123570669
0.995000000000001	0.799808290267098
0.996000000000001	0.699089145327097
0.997000000000001	-0.0863546779859739
0.998000000000001	-0.355030367268386
0.999000000000001	0.0112884563345431
1	0.549578509646852
1.001	0.655963081533596
1.002	0.0256947330336209
1.003	-0.363058046155211
1.004	0.115282522732165
1.005	0.829261530034877
1.006	0.602037660450966
1.007	-0.161366208741087
1.008	-0.497569704279795
1.009	-0.125607892520005
1.01	0.327114688585928
1.011	0.513021937103375
1.012	-0.112959989090011
1.013	-0.52982756007694
1.014	-0.0663840183482709
1.015	0.561152744614867
1.016	0.567650437391042
1.017	-0.247377009117173
1.018	-0.628183531562685
1.019	-0.395310830566578
1.02	0.385870737882713
1.021	0.440868337546435
1.022	-0.14324901178334
1.023	-0.514753389561591
1.024	-0.139540265150559
1.025	0.636847419824385
1.026	0.567624623935679
1.027	-0.16880842407623
1.028	-0.530249568228143
1.029	-0.0581310055986834
1.03	0.507668932539046
1.031	0.579662235276735
1.032	0.055574986074803
1.033	-0.304605067333393
1.034	0.0654132455128954
1.035	0.810572497899283
1.036	0.700143881113036
1.037	-0.0718024943340337
1.038	-0.358950205275922
1.039	0.0230036098661962
1.04	0.550333498653827
1.041	0.661009138056046
1.042	0.025906799015336
1.043	-0.366426443510297
1.044	0.114875930241175
1.045	0.832953029229879
1.046	0.603110582270598
1.047	-0.150906616853668
1.048	-0.500030286534079
1.049	-0.127122527160613
1.05	0.326498338636632
1.051	0.515823615358463
1.05199999999999	-0.113121878735068
1.05299999999999	-0.541791783230547
1.05399999999999	-0.0625768277647355
1.05499999999999	0.54882106435337
1.05599999999999	0.565081953703106
1.05699999999999	-0.243902692130921
1.05799999999999	-0.642703952986306
1.05899999999999	-0.399478707813103
1.05999999999999	0.37062314097012
1.06099999999999	0.434053856308591
1.06199999999999	-0.152277005149164
1.06299999999999	-0.526890038550535
1.06399999999999	-0.146107537175741
1.06499999999999	0.64471693849191
1.06599999999999	0.576076417697301
1.06699999999999	-0.157843243651905
1.06799999999999	-0.53440031025033
1.06899999999999	-0.0525166100633732
1.06999999999999	0.514627242902875
1.07099999999999	0.580275130438135
1.07199999999999	0.0574776642025513
1.07299999999999	-0.311311208564688
1.07399999999999	0.0813816435815699
1.07499999999999	0.817298320635122
1.07599999999999	0.700612279551713
1.07699999999999	-0.0595636840324194
1.07799999999999	-0.364946445550127
1.07899999999999	0.0310601053782516
1.07999999999999	0.548843041272912
1.08099999999999	0.665801691507487
1.08199999999999	0.0247142746123629
1.08299999999999	-0.371175392084627
1.08399999999999	0.110656382257493
1.08499999999999	0.835191912459462
1.08599999999999	0.604134027931249
1.08699999999999	-0.141629057536876
1.08799999999999	-0.502210608464116
1.08899999999999	-0.129863912496183
1.08999999999999	0.327185814557837
1.09099999999999	0.519224046962513
1.09199999999999	-0.112811517472747
1.09299999999999	-0.551991948589906
1.09399999999999	-0.0552050913915786
1.09499999999999	0.537992273161066
1.09599999999999	0.56443439981608
1.09699999999999	-0.239277547606968
1.09799999999999	-0.655231621497774
1.09899999999999	-0.401237565711577
1.09999999999999	0.356648039652
1.10099999999999	0.429066591160078
1.10199999999999	-0.159655053439166
1.10299999999999	-0.536773745560723
1.10399999999999	-0.151023359571799
1.10499999999999	0.65355322496528
1.10599999999999	0.585833087757038
1.10699999999999	-0.145892326531047
1.10799999999999	-0.537928386491766
1.10899999999999	-0.0490775233574695
1.10999999999999	0.522253635155819
1.11099999999999	0.580610517581523
1.11199999999999	0.059786259784208
1.11299999999999	-0.317557065085858
1.11399999999999	0.0929870324080394
1.11499999999999	0.821310134800809
1.11599999999999	0.701534901340994
1.11699999999999	-0.0485361830053584
1.11799999999999	-0.372090669869149
1.11899999999999	0.0367127051527964
1.11999999999999	0.545867999444322
1.12099999999999	0.669281322862215
1.12199999999999	0.023095531882047
1.12299999999999	-0.375804583423907
1.12399999999999	0.103081029099818
1.12499999999999	0.836070025915909
1.12599999999999	0.605148279423488
1.12699999999999	-0.133366915570229
1.12799999999999	-0.504576435546202
1.12899999999999	-0.134270898077644
1.12999999999999	0.328388191735583
1.13099999999999	0.522759583122849
1.13199999999999	-0.112479891746956
1.13299999999999	-0.561152722541669
1.13399999999999	-0.0457363556526568
1.13499999999999	0.527960915570721
1.13599999999999	0.565075924970612
1.13699999999999	-0.234377637468876
1.13799999999999	-0.666292858245491
1.13899999999999	-0.401919966216896
1.13999999999999	0.343261431409465
1.14099999999999	0.424859342912422
1.14199999999999	-0.165581579897191
1.14299999999998	-0.544628406309224
1.14399999999998	-0.154895697477361
1.14499999999998	0.662525096462601
1.14599999999998	0.590666436926919
1.14699999999998	-0.133094773427113
1.14799999999998	-0.540692119244889
1.14899999999998	-0.0473757427010949
1.14999999999998	0.534709495886188
1.15099999999998	0.581424106189397
1.15199999999998	0.0630549700776007
1.15299999999998	-0.322474964625914
1.15399999999998	0.100876667746979
1.15499999999998	0.823869916165233
1.15599999999998	0.703928015159246
1.15699999999998	-0.0377688965254469
1.15799999999998	-0.38022216186269
1.15899999999998	0.0414217053728247
1.15999999999998	0.542569151407356
1.16099999999998	0.671809885540762
1.16199999999998	0.0203335075773352
1.16299999999998	-0.379543920991234
1.16399999999998	0.0932753142854349
1.16499999999998	0.836159389949563
1.16599999999998	0.606812911605545
1.16699999999998	-0.125533363901996
1.16799999999998	-0.506882927341805
1.16899999999998	-0.139931746323263
1.16999999999998	0.330151978631874
1.17099999999998	0.526470208243205
1.17199999999998	-0.112235257205956
1.17299999999998	-0.569539860135889
1.17399999999998	-0.0370921873947048
1.17499999999998	0.51855431148719
1.17599999999998	0.562685998664449
1.17699999999998	-0.229552481785467
1.17799999999998	-0.669281589299983
1.17899999999998	-0.402218239843872
1.17999999999998	0.329946480653444
1.18099999999998	0.421032418504993
1.18199999999998	-0.165964345537333
1.18299999999998	-0.550853867084914
1.18399999999998	-0.15867446338102
1.18499999999998	0.670694950577584
1.18599999999998	0.591271393462074
1.18699999999998	-0.12050849828123
1.18799999999998	-0.544619188536449
1.18899999999998	-0.0487740732361641
1.18999999999998	0.546777667003639
1.19099999999998	0.582089174966744
1.19199999999998	0.0622724201780521
1.19299999999998	-0.326887781792342
1.19399999999998	0.106189128260785
1.19499999999998	0.824693974816835
1.19599999999998	0.709526588198315
1.19699999999998	-0.0272765445285524
1.19799999999998	-0.388668746937001
1.19899999999998	0.0456397650560948
1.19999999999998	0.539324911193349
1.20099999999998	0.674000129299638
1.20199999999998	0.0173513063513988
1.20299999999998	-0.381592041362693
1.20399999999998	0.0822779538663179
1.20499999999998	0.836628177453752
1.20599999999998	0.610143856057717
1.20699999999998	-0.117186531059757
1.20799999999998	-0.508201597722396
1.20899999999998	-0.14181585354867
1.20999999999998	0.333256208067553
1.21099999999998	0.531001822531899
1.21199999999998	-0.111639276955667
1.21299999999998	-0.576749750255529
1.21399999999998	-0.0289099661224893
1.21499999999998	0.509856648356528
1.21599999999998	0.558599707792205
1.21699999999998	-0.225048567028142
1.21799999999998	-0.672291993899233
1.21899999999998	-0.402877177866717
1.21999999999998	0.316551834292277
1.22099999999998	0.417200168073207
1.22199999999998	-0.164819686861734
1.22299999999998	-0.555864469737174
1.22399999999998	-0.154547917320379
1.22499999999998	0.677485257332696
1.22599999999998	0.592996465698418
1.22699999999998	-0.109021449735406
1.22799999999998	-0.551191225609705
1.22899999999998	-0.054064979869333
1.22999999999998	0.5569828653534
1.23099999999998	0.581912187304929
1.23199999999998	0.0604920011654085
1.23299999999998	-0.332842609460941
1.23399999999997	0.107474873631528
1.23499999999997	0.822564608384352
1.23599999999997	0.717477773992783
1.23699999999997	-0.0182214629799167
1.23799999999997	-0.39793705732233
1.23899999999997	0.0478427065430264
1.23999999999997	0.534514196018543
1.24099999999997	0.675513623319334
1.24199999999997	0.0139468844888881
1.24299999999997	-0.382779822805524
1.24399999999997	0.0694812740072022
1.24499999999997	0.836899406598365
1.24599999999997	0.615016203992612
1.24699999999997	-0.108607494656536
1.24799999999997	-0.508683299324237
1.24899999999997	-0.143042919812523
1.24999999999997	0.338103097676364
1.25099999999997	0.536431768723361
1.25199999999997	-0.110152121291304
1.25299999999997	-0.581735918230011
1.25399999999997	-0.0197220594275913
1.25499999999997	0.503179584860052
1.25599999999997	0.556797005219918
1.25699999999997	-0.219336550077371
1.25799999999997	-0.674110182299011
1.25899999999997	-0.402416928681622
1.25999999999997	0.304939790089342
1.26099999999997	0.414136639442418
1.26199999999997	-0.162038048065743
1.26299999999997	-0.558925891155114
1.26399999999997	-0.150146247200249
1.26499999999997	0.68316376766669
1.26599999999997	0.596406911462874
1.26699999999997	-0.098178976022585
1.26799999999997	-0.558605425207772
1.26899999999997	-0.0622862839946365
1.26999999999997	0.565893699702768
1.27099999999997	0.581285439563768
1.27199999999997	0.0580078832115068
1.27299999999997	-0.337923306597804
1.27399999999997	0.105005962061443
1.27499999999997	0.817487841675739
1.27599999999997	0.725695600013102
1.27699999999997	-0.0107959486918548
1.27799999999997	-0.408145467673117
1.27899999999997	0.0474989207239613
1.27999999999997	0.528998425746897
1.28099999999997	0.675699840954138
1.28199999999997	0.00987788535457054
1.28299999999997	-0.38389532913606
1.28399999999997	0.0571094752113622
1.28499999999997	0.836124714994078
1.28599999999997	0.620990440363789
1.28699999999997	-0.100609260980651
1.28799999999997	-0.509293925622506
1.28899999999997	-0.145252603529818
1.28999999999997	0.343382656687114
1.29099999999997	0.541959690363513
1.29199999999997	-0.108367620413172
1.29299999999997	-0.58195822242142
1.29399999999997	-0.010932927909826
1.29499999999997	0.497906573357452
1.29599999999997	0.55702954936423
1.29699999999997	-0.213741178087524
1.29799999999997	-0.675263573461376
1.29899999999997	-0.4013947739642
1.29999999999997	0.29429035124519
1.30099999999997	0.411762743488195
1.30199999999997	-0.157649067709847
1.30299999999997	-0.559981608749402
1.30399999999997	-0.144983166339415
1.30499999999997	0.689228539111083
1.30599999999997	0.60189453887437
1.30699999999997	-0.0877917769844775
1.30799999999997	-0.566402110084627
1.30899999999997	-0.0711646817958326
1.30999999999997	0.574011692769655
1.31099999999997	0.580604920629781
1.31199999999997	0.0551308319092133
1.31299999999997	-0.343556370203875
1.31399999999997	0.0994191421929331
1.31499999999997	0.81005754592774
1.31599999999997	0.734311790350002
1.31699999999997	-0.00310088169283281
1.31799999999997	-0.418922192131597
1.31899999999997	0.0449647986500138
1.31999999999997	0.52192434241163
1.32099999999997	0.674895344720402
1.32199999999997	0.00526475997714993
1.32299999999997	-0.385160129481416
1.32399999999996	0.0432281745561951
1.32499999999996	0.834179539547167
1.32599999999996	0.627624601419677
1.32699999999996	-0.0933475720544162
1.32799999999996	-0.510203747071157
1.32899999999996	-0.148641837839212
1.32999999999996	0.3482846860189
1.33099999999996	0.547448929653854
1.33199999999996	-0.106315989177893
1.33299999999996	-0.580588912540001
1.33399999999996	-0.00268434334075509
1.33499999999996	0.491679884207046
1.33599999999996	0.559620343746265
1.33699999999996	-0.202558397860363
1.33799999999996	-0.675426235069013
1.33899999999996	-0.399548194856199
1.33999999999996	0.285045582528783
1.34099999999996	0.41153309875066
1.34199999999996	-0.151434263899307
1.34299999999996	-0.558892282595938
1.34399999999996	-0.138764113193344
1.34499999999996	0.690784391369287
1.34599999999996	0.609607455734018
1.34699999999996	-0.0778140058634444
1.34799999999996	-0.574295585885949
1.34899999999996	-0.077153332465876
1.34999999999996	0.581595651244281
1.35099999999996	0.581862118029378
1.35199999999996	0.0518922484802166
1.35299999999996	-0.349815620813491
1.35399999999996	0.0908182249237238
1.35499999999996	0.802402864833557
1.35599999999996	0.742771061092071
1.35699999999996	0.00492863566768417
1.35799999999996	-0.430613367912598
1.35899999999996	0.0395376130153697
1.35999999999996	0.512531527841794
1.36099999999996	0.673805762914089
1.36199999999996	-0.000286568458104261
1.36299999999996	-0.387557522321233
1.36399999999996	0.027026459435099
1.36499999999996	0.830150728965142
1.36599999999996	0.634106850005058
1.36699999999996	-0.0875377339903667
1.36799999999996	-0.519416404994435
1.36899999999996	-0.153905289056573
1.36999999999996	0.350562229964082
1.37099999999996	0.552706918633467
1.37199999999996	-0.103933713385915
1.37299999999996	-0.577574118828209
1.37399999999996	0.00543538248202958
1.37499999999996	0.489016901596113
1.37599999999996	0.565331553213954
1.37699999999996	-0.187543059774138
1.37799999999996	-0.673728250343003
1.37899999999996	-0.395373531477579
1.37999999999996	0.278359912126974
1.38099999999996	0.41593759812182
1.38199999999996	-0.142416599717544
1.38299999999996	-0.555152404008476
1.38399999999996	-0.130045912513353
1.38499999999996	0.693050531134655
1.38599999999996	0.620651716626548
1.38699999999996	-0.0657695553198526
1.38799999999996	-0.581749741256354
1.38899999999996	-0.0840192903845818
1.38999999999996	0.589024383631602
1.39099999999996	0.587341445536409
1.39199999999996	0.0481915231248956
1.39299999999996	-0.356823824672731
1.39399999999996	0.0788013815470282
1.39499999999996	0.793512109795444
1.39599999999996	0.749918915288044
1.39699999999996	0.010211752328637
1.39799999999996	-0.444135810396455
1.39899999999996	0.0321689117458096
1.39999999999996	0.499753747714931
1.40099999999996	0.671162011828549
1.40199999999996	-0.00751571185287855
1.40299999999996	-0.392500379787061
1.40399999999996	0.00751849581030091
1.40499999999996	0.822932284340085
1.40599999999996	0.639341056333551
1.40699999999996	-0.0839152552051208
1.40799999999996	-0.53329980687572
1.40899999999996	-0.16180755283448
1.40999999999996	0.350917085381746
1.41099999999996	0.557058647085679
1.41199999999996	-0.101644002972186
1.41299999999996	-0.573716103265861
1.41399999999996	0.0124761169151231
1.41499999999995	0.48781745457025
1.41599999999995	0.573611275296087
1.41699999999995	-0.171290253535676
1.41799999999995	-0.670196835514252
1.41899999999995	-0.38511604768297
1.41999999999995	0.274699174079217
1.42099999999995	0.422957289185118
1.42199999999995	-0.130164993083938
1.42299999999995	-0.538063494940935
1.42399999999995	-0.118039536998696
1.42499999999995	0.69674115567389
1.42599999999995	0.635191518145475
1.42699999999995	-0.0524436414530656
1.42799999999995	-0.588611252807987
1.42899999999995	-0.0915875418716119
1.42999999999995	0.595969026368339
1.43099999999995	0.593006343499465
1.43199999999995	0.0429313357154847
1.43299999999995	-0.364796466090919
1.43399999999995	0.0634375232738516
1.43499999999995	0.782057181937769
1.43599999999995	0.755221715031673
1.43699999999995	0.0125416580659085
1.43799999999995	-0.459627431833025
1.43899999999995	0.0215257766200754
1.43999999999995	0.483799536404813
1.44099999999995	0.666011419834102
1.44199999999995	-0.0163228508268594
1.44299999999995	-0.39997080274525
1.44399999999995	-0.014814212728919
1.44499999999995	0.814565185563212
1.44599999999995	0.643403500565597
1.44699999999995	-0.0821553416822925
1.44799999999995	-0.547841240858541
1.44899999999995	-0.171779064546106
1.44999999999995	0.349650616529106
1.45099999999995	0.560715892522923
1.45199999999995	-0.100877884895054
1.45299999999995	-0.569111163050369
1.45399999999995	0.0184613287665988
1.45499999999995	0.488345714249185
1.45599999999995	0.585959604045212
1.45699999999995	-0.154054402894062
1.45799999999995	-0.665063919559653
1.45899999999995	-0.372025801657971
1.45999999999995	0.274053465133517
1.46099999999995	0.432537424097164
1.46199999999995	-0.114959305084828
1.46299999999995	-0.516907265401484
1.46399999999995	-0.104587990807478
1.46499999999995	0.701724559239849
1.46599999999995	0.653529662683917
1.46699999999995	-0.0385851180278761
1.46799999999995	-0.594193442900951
1.46899999999995	-0.098626528642627
1.46999999999995	0.603784274456969
1.47099999999995	0.59996967104149
1.47199999999995	0.0388625807053176
1.47299999999995	-0.372449311234691
1.47399999999995	0.0466285966164476
1.47499999999995	0.769565918322713
1.47599999999995	0.760017505499369
1.47699999999995	0.0132433480265866
1.47799999999995	-0.476007259251899
1.47899999999995	0.0078834360051857
1.47999999999995	0.465585346041164
1.48099999999995	0.65926050498049
1.48199999999995	-0.0261271174898772
1.48299999999995	-0.407514338982587
1.48399999999995	-0.0393441400612424
1.48499999999995	0.803815574773065
1.48599999999995	0.646337691209515
1.48699999999995	-0.082226074219187
1.48799999999995	-0.563247158102528
1.48899999999995	-0.184111619715401
1.48999999999995	0.346066881511024
1.49099999999995	0.56314141174722
1.49199999999995	-0.100531988959807
1.49299999999995	-0.565018081592275
1.49399999999995	0.0222008306588559
1.49499999999995	0.48945207668414
1.49599999999995	0.593371163512094
1.49699999999995	-0.136800882741219
1.49799999999995	-0.659141064107064
1.49899999999995	-0.358349480829841
1.49999999999995	0.276629042446751
1.50099999999995	0.444555749688813
1.50199999999995	-0.0969825731280864
1.50299999999995	-0.491953244606134
1.50399999999995	-0.0895234219088748
1.50499999999995	0.707989371518147
1.50599999999994	0.676080172494775
1.50699999999994	-0.0238702531327478
1.50799999999994	-0.597721012782632
1.50899999999994	-0.104053113188182
1.50999999999994	0.613712755530461
1.51099999999994	0.609284863501414
1.51199999999994	0.033863954185262
1.51299999999994	-0.378550299597179
1.51399999999994	0.0299321142791527
1.51499999999994	0.757522818580426
1.51599999999994	0.765374418613218
1.51699999999994	0.0136171888163897
1.51799999999994	-0.492175628121279
1.51899999999994	-0.00679822980360739
1.51999999999994	0.446442276165023
1.52099999999994	0.651887317358512
1.52199999999994	-0.0363218148733602
1.52299999999994	-0.416303973490401
1.52399999999994	-0.0654696105140768
1.52499999999994	0.791192074130144
1.52599999999994	0.64841501802061
1.52699999999994	-0.0838786501203198
1.52799999999994	-0.579592433520325
1.52899999999994	-0.195209494413683
1.52999999999994	0.339828100376364
1.53099999999994	0.564011136518305
1.53199999999994	-0.100656040886153
1.53299999999994	-0.562466719181208
1.53399999999994	0.0228924827604044
1.53499999999994	0.490045954434156
1.53599999999994	0.600331370674537
1.53699999999994	-0.120872129084444
1.53799999999994	-0.653930670855483
1.53899999999994	-0.346507590948177
1.53999999999994	0.283844096993917
1.54099999999994	0.4574671902533
1.54199999999994	-0.0780206520030408
1.54299999999994	-0.466342281033763
1.54399999999994	-0.080607087314135
1.54499999999994	0.713391687834896
1.54599999999994	0.699837783557277
1.54699999999994	-0.00968767396667896
1.54799999999994	-0.599521578473481
1.54899999999994	-0.108541292634186
1.54999999999994	0.619975536551317
1.55099999999994	0.620862589702522
1.55199999999994	0.0285953721976708
1.55299999999994	-0.382452250087963
1.55399999999994	0.0150195086859505
1.55499999999994	0.747380958392569
1.55599999999994	0.772811358134153
1.55699999999994	0.0153073177583027
1.55799999999994	-0.506321453927458
1.55899999999994	-0.0195330264186427
1.55999999999994	0.42875831037724
1.56099999999994	0.646108564338994
1.56199999999994	-0.0451317432417849
1.56299999999994	-0.423518934785289
1.56399999999994	-0.0907801674941996
1.56499999999994	0.779317224544591
1.56599999999994	0.651972166030552
1.56699999999994	-0.079881295782667
1.56799999999994	-0.595798340548767
1.56899999999994	-0.203190185257024
1.56999999999994	0.33181328901848
1.57099999999994	0.56375748037989
1.57199999999994	-0.101334586947727
1.57299999999994	-0.562070847426792
1.57399999999994	0.018995306746209
1.57499999999994	0.489580867564181
1.57599999999994	0.606923194379645
1.57699999999994	-0.107824708011782
1.57799999999994	-0.65051744659272
1.57899999999994	-0.339537758740547
1.57999999999994	0.288987977170758
1.58099999999994	0.468964805587333
1.58199999999994	-0.0628556529579727
1.58299999999994	-0.443367236628116
1.58399999999994	-0.0759403762605029
1.58499999999994	0.715392399145024
1.58599999999994	0.7217934051702
1.58699999999994	0.0022628587704988
1.58799999999994	-0.600924540838049
1.58899999999994	-0.113404267256139
1.58999999999994	0.620840496420127
1.59099999999994	0.633840245835133
1.59199999999994	0.0244570927488187
1.59299999999994	-0.38429935710621
1.59399999999994	0.00426934158944853
1.59499999999994	0.739640794995093
1.59599999999994	0.78357216610519
1.59699999999993	0.0189357257330977
1.59799999999993	-0.517461323499363
1.59899999999993	-0.0289078916025965
1.59999999999993	0.410997511392708
1.60099999999993	0.643431296091133
1.60199999999993	-0.051289533793039
1.60299999999993	-0.427222635087399
1.60399999999993	-0.113479150496671
1.60499999999993	0.770183337942812
1.60599999999993	0.659003327553262
1.60699999999993	-0.0748048925184884
1.60799999999993	-0.610653607258285
1.60899999999993	-0.210727912222492
1.60999999999993	0.323892109746744
1.61099999999993	0.564065345379786
1.61199999999993	-0.101348018387298
1.61299999999993	-0.562230445166599
1.61399999999993	0.0123646142207638
1.61499999999993	0.487583297758747
1.61599999999993	0.614246242905965
1.61699999999993	-0.0964198080577284
1.61799999999993	-0.648527948623125
1.61899999999993	-0.336069083182891
1.61999999999993	0.292768201808128
1.62099999999993	0.479516888760579
1.62199999999993	-0.049251810829335
1.62299999999993	-0.422648883052345
1.62399999999993	-0.0754942626327117
1.62499999999993	0.713719891633154
1.62599999999993	0.742919391020275
1.62699999999993	0.0115802990387501
1.62799999999993	-0.602750854573036
1.62899999999993	-0.119761334653097
1.62999999999993	0.61996450590941
1.63099999999993	0.646702455582456
1.63199999999993	0.0204151392397866
1.63299999999993	-0.386058811216419
1.63399999999993	-0.00657898234670339
1.63499999999993	0.732226353453123
1.63599999999993	0.795434928011964
1.63699999999993	0.0226626837317552
1.63799999999993	-0.520276178838407
1.63899999999993	-0.0376855211752112
1.63999999999993	0.393898789336934
1.64099999999993	0.642252760739733
1.64199999999993	-0.0559590019412358
1.64299999999993	-0.429390409666482
1.64399999999993	-0.134621457363291
1.64499999999993	0.762051920216652
1.64599999999993	0.668072256819159
1.64699999999993	-0.0695252782633881
1.64799999999993	-0.624828385311481
1.64899999999993	-0.218935940564516
1.64999999999993	0.315419401333808
1.65099999999993	0.565815644139974
1.65199999999993	-0.100751370563124
1.65299999999993	-0.562989035918129
1.65399999999993	0.00329720132931521
1.65499999999993	0.486588343271515
1.65599999999993	0.62289258349919
1.65699999999993	-0.0859676631381276
1.65799999999993	-0.647319956046465
1.65899999999993	-0.334869358425562
1.65999999999993	0.296227327000218
1.66099999999993	0.489954981619708
1.66199999999993	-0.035641711788812
1.66299999999993	-0.404040152453186
1.66399999999993	-0.0779878517356993
1.66499999999993	0.709368923435242
1.66599999999993	0.763982789958414
1.66699999999993	0.0190990992430616
1.66799999999993	-0.604302488394144
1.66899999999993	-0.126725550774722
1.66999999999993	0.617918057696841
1.67099999999993	0.6595511719005
1.67199999999993	0.0167701845110979
1.67299999999993	-0.387642032650181
1.67399999999993	-0.0176164646580711
1.67499999999993	0.725170449007298
1.67599999999993	0.808087956337371
1.67699999999993	0.0261415544330354
1.67799999999993	-0.521284971435666
1.67899999999993	-0.046533406612152
1.67999999999993	0.377147536377891
1.68099999999993	0.642352142666116
1.68199999999993	-0.0581500272095415
1.68299999999993	-0.430399161020764
1.68399999999993	-0.15294224253898
1.68499999999993	0.754610423731889
1.68599999999993	0.678997399064901
1.68699999999993	-0.0643048598685219
1.68799999999992	-0.638360112026983
1.68899999999992	-0.22802850129066
1.68999999999992	0.306295683715682
1.69099999999992	0.568944289252288
1.69199999999992	-0.0994813027869911
1.69299999999992	-0.564356869208022
1.69399999999992	-0.00798434872322154
1.69499999999992	0.485902659627933
1.69599999999992	0.632954970803465
1.69699999999992	-0.0762802717125683
1.69799999999992	-0.646730018754525
1.69899999999992	-0.329677388189301
1.69999999999992	0.299374022886153
1.70099999999992	0.500241480754249
1.70199999999992	-0.0221292430847873
1.70299999999992	-0.397235148601383
1.70399999999992	-0.0832489454239633
1.70499999999992	0.702347229704934
1.70599999999992	0.78492423015078
1.70699999999992	0.0276057998748388
1.70799999999992	-0.605319170698272
1.70899999999992	-0.133844574152617
1.70999999999992	0.614976323273556
1.71099999999992	0.673236360312669
1.71199999999992	0.0139181607729531
1.71299999999992	-0.388747535643101
1.71399999999992	-0.0284728420068328
1.71499999999992	0.720851861196159
1.71599999999992	0.821736120379356
1.71699999999992	0.0294578868964597
1.71799999999992	-0.520461149864992
1.71899999999992	-0.0554199297953532
1.71999999999992	0.36062861615795
1.72099999999992	0.643704077369799
1.72199999999992	-0.0577580101800519
1.72299999999992	-0.430591237899006
1.72399999999992	-0.170750706027999
1.72499999999992	0.747614226580847
1.72599999999992	0.693318509478888
1.72699999999992	-0.0595095572060777
1.72799999999992	-0.650198224114315
1.72899999999992	-0.238549193748622
1.72999999999992	0.296085498588563
1.73099999999992	0.572551653876507
1.73199999999992	-0.0978798070959184
1.73299999999992	-0.566808388768929
1.73399999999992	-0.0218210602919111
1.73499999999992	0.483723263781871
1.73599999999992	0.64387859431551
1.73699999999992	-0.0675237416432288
1.73799999999992	-0.647060583565991
1.73899999999992	-0.323551862803444
1.73999999999992	0.301986438010817
1.74099999999992	0.510891399478895
1.74199999999992	-0.00863346216441595
1.74299999999992	-0.393411041400027
1.74399999999992	-0.0909641107609803
1.74499999999992	0.692113074902197
1.74599999999992	0.80557394406901
1.74699999999992	0.0352488525868781
1.74799999999992	-0.605761963651582
1.74899999999992	-0.139943240358403
1.74999999999992	0.61108196406635
1.75099999999992	0.686761245423553
1.75199999999992	0.0119557480186598
1.75299999999992	-0.389756611540679
1.75399999999992	-0.0393194277395997
1.75499999999992	0.719688230415832
1.75599999999992	0.836139387683635
1.75699999999992	0.0324521005233634
1.75799999999992	-0.518962128689567
1.75899999999992	-0.0645824096763149
1.75999999999992	0.344198796961525
1.76099999999992	0.646265684360561
1.76199999999992	-0.0559035067910611
1.76299999999992	-0.430161472231442
1.76399999999992	-0.188015319391985
1.76499999999992	0.741081309997919
1.76599999999992	0.704369780365894
1.76699999999992	-0.0547515455297294
1.76799999999992	-0.657385137632334
1.76899999999992	-0.249903277495282
1.76999999999992	0.285494719344163
1.77099999999992	0.577339976056842
1.77199999999992	-0.0953521003950417
1.77299999999992	-0.56960819440987
1.77399999999992	-0.0372330114609614
1.77499999999992	0.480935907763489
1.77599999999992	0.656377618119717
1.77699999999992	-0.0590723624086278
1.77799999999991	-0.647613204734195
1.77899999999991	-0.318345631717153
1.77999999999991	0.304817692275815
1.78099999999991	0.522338189768586
1.78199999999991	0.00544237153900838
1.78299999999991	-0.389366660885729
1.78399999999991	-0.100438685484569
1.78499999999991	0.679516755504962
1.78599999999991	0.826118534138153
1.78699999999991	0.0421658426098339
1.78799999999991	-0.605677858479884
1.78899999999991	-0.145680382656034
1.78999999999991	0.605827214162534
1.79099999999991	0.699614661057974
1.79199999999991	0.0106967563279518
1.79299999999991	-0.391651078633942
1.79399999999991	-0.0509179375423996
1.79499999999991	0.718560550776552
1.79599999999991	0.850586372720541
1.79699999999991	0.0377865872302692
1.79799999999991	-0.517579729372742
1.79899999999991	-0.0663495810892187
1.79999999999991	0.327044411613298
1.80099999999991	0.649219450703158
1.80199999999991	-0.0533738342300961
1.80299999999991	-0.430451122919999
1.80399999999991	-0.205911498707685
1.80499999999991	0.733675012649831
1.80599999999991	0.715561646043982
1.80699999999991	-0.0512820696754678
1.80799999999991	-0.664868865746315
1.80899999999991	-0.263468052977822
1.80999999999991	0.274542237111871
1.81099999999991	0.58209181965242
1.81199999999991	-0.0928597114451131
1.81299999999991	-0.573734877979277
1.81399999999991	-0.0549887158134775
1.81499999999991	0.476537820476575
1.81599999999991	0.669424646014794
1.81699999999991	-0.0514051407550468
1.81799999999991	-0.648652393732975
1.81899999999991	-0.314092743590903
1.81999999999991	0.307775908479279
1.82099999999991	0.534753284411626
1.82199999999991	0.0204160713379463
1.82299999999991	-0.384611048435602
1.82399999999991	-0.110770977515975
1.82499999999991	0.665438255339858
1.82599999999991	0.847336500865612
1.82699999999991	0.0491985105049248
1.82799999999991	-0.604057257037084
1.82899999999991	-0.1502642178327
1.82999999999991	0.60042576456586
1.83099999999991	0.712784653617136
1.83199999999991	0.011038190499029
1.83299999999991	-0.392403008541589
1.83399999999991	-0.0622249920738284
1.83499999999991	0.718375610118286
1.83599999999991	0.86581972670088
1.83699999999991	0.050390631997296
1.83799999999991	-0.515722079355956
1.83899999999991	-0.0671394419492169
1.83999999999991	0.30924054612381
1.84099999999991	0.652501364154394
1.84199999999991	-0.0503012606017377
1.84299999999991	-0.43169994805788
1.84399999999991	-0.224675050565582
1.84499999999991	0.724956312329296
1.84599999999991	0.726342758889457
1.84699999999991	-0.0488377119963575
1.84799999999991	-0.673111790487276
1.84899999999991	-0.279680758199385
1.84999999999991	0.262847294719005
1.85099999999991	0.586050293222689
1.85199999999991	-0.0911312765808306
1.85299999999991	-0.579731695374152
1.85399999999991	-0.0662261038128244
1.85499999999991	0.469796548440449
1.85599999999991	0.681682296051786
1.85699999999991	-0.0453885020878151
1.85799999999991	-0.651097461371805
1.85899999999991	-0.31212224355349
1.85999999999991	0.309294054832909
1.86099999999991	0.546156156276068
1.86199999999991	0.0332487182351563
1.86299999999991	-0.380317304593167
1.86399999999991	-0.122517053298817
1.86499999999991	0.649549019235419
1.86599999999991	0.867936765948979
1.86699999999991	0.055865978816696
1.86799999999991	-0.601373138570973
1.8689999999999	-0.154036617939158
1.8699999999999	0.592139605041712
1.8709999999999	0.726076008215383
1.8719999999999	0.0133266376598785
1.8729999999999	-0.391634001968286
1.8739999999999	-0.0726571791771272
1.8749999999999	0.72012335401594
1.8759999999999	0.882660328923285
1.8769999999999	0.0632225771389803
1.8779999999999	-0.512083530001664
1.8789999999999	-0.0668944580551312
1.8799999999999	0.292493650898191
1.8809999999999	0.657443136518874
1.8819999999999	-0.0449350281720416
1.8829999999999	-0.430617407265282
1.8839999999999	-0.24187149981803
1.8849999999999	0.717382419019805
1.8859999999999	0.739189096728039
1.8869999999999	-0.0466361097415551
1.8879999999999	-0.680326758618769
1.8889999999999	-0.296492368865397
1.8899999999999	0.250972900518223
1.8909999999999	0.590628372236018
1.8919999999999	-0.0890902003374486
1.8929999999999	-0.58655112845459
1.8939999999999	-0.0732669217066187
1.8949999999999	0.461473772116171
1.8959999999999	0.693488291966744
1.8969999999999	-0.0407459348910572
1.8979999999999	-0.655955800571539
1.8989999999999	-0.312552488232237
1.8999999999999	0.30880301333484
1.9009999999999	0.555991676811414
1.9019999999999	0.036848725484057
1.9029999999999	-0.377223060714308
1.9039999999999	-0.136130145506756
1.9049999999999	0.631559426855265
1.9059999999999	0.88722989113324
1.9069999999999	0.0617759940036991
1.9079999999999	-0.598237579047662
1.9089999999999	-0.15769850525837
1.9099999999999	0.576816127902069
1.9109999999999	0.739187083126448
1.9119999999999	0.0176686542200502
1.9129999999999	-0.389320943167789
1.9139999999999	-0.0795429398991924
1.9149999999999	0.724202112594971
1.9159999999999	0.901529598171826
1.9169999999999	0.0764194465138627
1.9179999999999	-0.506436886145847
1.9189999999999	-0.0649659025165839
1.9199999999999	0.277245104164133
1.9209999999999	0.664944604537972
1.9219999999999	-0.0366246538940707
1.9229999999999	-0.42714999069225
1.9239999999999	-0.256900217312701
1.9249999999999	0.709835522736891
1.9259999999999	0.754870065013213
1.9269999999999	-0.041893973227095
1.9279999999999	-0.685935964441927
1.9289999999999	-0.313447574603839
1.9299999999999	0.239282725581307
1.9309999999999	0.596243811520053
1.9319999999999	-0.0863993797642243
1.9329999999999	-0.594026883050655
1.9339999999999	-0.0828022556598226
1.9349999999999	0.451618213726692
1.9359999999999	0.705892592034773
1.9369999999999	-0.0372434793364263
1.9379999999999	-0.662012959736742
1.9389999999999	-0.314988232220689
1.9399999999999	0.304830576520205
1.9409999999999	0.564627506641156
1.9419999999999	0.0397486905082476
1.9429999999999	-0.375522733395618
1.9439999999999	-0.151872441513724
1.9449999999999	0.611361805482739
1.9459999999999	0.904740772729991
1.9469999999999	0.0665896660075193
1.9479999999999	-0.596436888480947
1.9489999999999	-0.162105953108874
1.9499999999999	0.559031459078171
1.9509999999999	0.751039683050427
1.9519999999999	0.0230320646336037
1.9529999999999	-0.38663931082467
1.9539999999999	-0.0857729854167254
1.9549999999999	0.729085788588532
1.9559999999999	0.920643295604073
1.9569999999999	0.0886862387838276
1.9579999999999	-0.501455218973784
1.9589999999999	-0.062776880223322
1.95999999999989	0.262658182935042
1.96099999999989	0.674437020366305
1.96199999999989	-0.0258640014624878
1.96299999999989	-0.421969254393432
1.96399999999989	-0.270141664155957
1.96499999999989	0.698032695340283
1.96599999999989	0.77344648813952
1.96699999999989	-0.0341966664339742
1.96799999999989	-0.689206021733809
1.96899999999989	-0.329702562608267
1.96999999999989	0.228904208562089
1.97099999999989	0.604299997139575
1.97199999999989	-0.0817173370194103
1.97299999999989	-0.600764182634217
1.97399999999989	-0.0930459124721338
1.97499999999989	0.441993342967993
1.97599999999989	0.720466216118295
1.97699999999989	-0.0334175217117403
1.97799999999989	-0.667477319206588
1.97899999999989	-0.317199186511692
1.97999999999989	0.300308175906033
1.98099999999989	0.573370051949415
1.98199999999989	0.0428390313211183
1.98299999999989	-0.374322267012874
1.98399999999989	-0.169010117059065
1.98499999999989	0.589400120070956
1.98599999999989	0.920763180201357
1.98699999999989	0.070331499187677
1.98799999999989	-0.59545427298582
1.98899999999989	-0.16807070524803
1.98999999999989	0.538035954488431
1.99099999999989	0.760666301121399
1.99199999999989	0.0284964390536005
1.99299999999989	-0.384956028727979
1.99399999999989	-0.0949016574701134
1.99499999999989	0.7329881309654
1.99599999999989	0.936546628758072
1.99699999999989	0.0987821520155723
1.99799999999989	-0.502043255830805
1.99899999999989	-0.0617196009867416
2	0.247909079306237
