"Time [s]"	"Moving1.LoadTorque [NewtonMeter]"	"Moving1.Torque [NewtonMeter]"
0	0	0
0.001	0	-51.5846601015239
0.002	0	-197.063700955771
0.003	0	-334.557111427044
0.004	0	-376.904182080362
0.005	0	-233.355307033245
0.006	0	107.852735833497
0.007	0	491.722331289462
0.008	0	612.478819449063
0.009	0	373.459241971479
0.01	0	-93.6390976561904
0.011	0	-356.880824846482
0.012	0	-364.694221116809
0.013	0	-250.118478636897
0.014	0	-124.505618126497
0.015	0	-48.6984454911885
0.016	0	-22.9004100731058
0.017	0	-15.8865740189877
0.018	0	-68.413467351612
0.019	0	-119.314288141927
0.02	0	-158.962034723516
0.021	0	-250.276885850465
0.022	0	-352.380653394335
0.023	0	-521.424499832754
0.024	0	-397.696928148744
0.025	0	358.209589288514
0.026	0	478.806307887273
0.027	0	216.410767946877
0.028	0	-116.397990655551
0.029	0	-315.470821029445
0.03	0	275.007031162731
0.031	0	783.255231158355
0.032	0	882.961314152975
0.033	0	687.765275115477
0.034	0	235.839812823274
0.035	0	-11.2028746008295
0.036	0	124.111967061571
0.037	0	408.499422977096
0.038	0	128.797095624476
0.039	0	-214.656203081695
0.04	0	10.2995228383498
0.041	0	211.328463360604
0.042	0	-365.839720134844
0.043	0	-548.041280171382
0.044	0	-287.053013019622
0.045	0	26.2303032969698
0.046	0	373.503296827145
0.047	0	570.52700409586
0.048	0	-228.731122045401
0.049	0	-571.625593828471
0.05	0	-265.936034741606
0.051	0	51.2556983445326
0.052	0	383.580062207862
0.053	0	745.085650854206
0.054	0	525.656595833245
0.055	0	-9.60969421918061
0.056	0	387.251228649076
0.057	0	288.795555929095
0.058	0	-0.168256151228112
0.059	0	375.72602597723
0.06	0	-208.203465697554
0.061	0	281.854788362837
0.062	0	-312.906627845719
0.063	0	-44.0886476129814
0.064	0	118.323657908779
0.065	0	-633.383702314479
0.066	0	141.244213451463
0.067	0	-62.3480634974403
0.068	0	-725.677054486518
0.069	0	-79.248230020058
0.07	0	561.875479855993
0.071	0	-337.7516143299
0.0720000000000001	0	-404.821723110237
0.0730000000000001	0	177.205654835112
0.0740000000000001	0	612.203121830582
0.0750000000000001	0	-65.108327987316
0.0760000000000001	0	104.75138434255
0.0770000000000001	0	529.431293906975
0.0780000000000001	0	7.78089797876596
0.0790000000000001	0	408.847331460584
0.0800000000000001	0	59.391348053867
0.0810000000000001	0	251.605821546626
0.0820000000000001	0	84.7999410160025
0.0830000000000001	0	159.333875856927
0.0840000000000001	0	27.7310943839874
0.0850000000000001	0	91.4975726397605
0.0860000000000001	0	-73.9317553505465
0.0870000000000001	0	100.767630307882
0.0880000000000001	0	-123.559883865178
0.0890000000000001	0	23.2412734677993
0.0900000000000001	0	-100.075383912658
0.0910000000000001	0	-52.7952048482993
0.0920000000000001	0	122.874547158449
0.0930000000000001	0	-151.712389072637
0.0940000000000001	0	296.392609260835
0.0950000000000001	0	-104.45815042856
0.0960000000000001	0	264.315998215654
0.0970000000000001	0	58.7486729323889
0.0980000000000001	0	26.8353838253133
0.0990000000000001	0	289.832895358977
0.1	0	-190.643416247679
0.101	0	508.526092102108
0.102	0	45.91913604332
0.103	0	73.6140136486744
0.104	0	518.263115530645
0.105	0	4.58558905642222
0.106	0	4.90895451797207
0.107	0	607.253601135086
0.108	0	315.689218583953
0.109	0	-135.814617427326
0.11	0	-59.9246385728565
0.111	0	517.946522798052
0.112	0	639.093439348634
0.113	0	500.164060277356
0.114	0	408.605696717461
0.115	0	403.234608921557
0.116	0	500.569909323471
0.117	0	590.226886342392
0.118	0	237.552751974257
0.119	0	-223.149669746123
0.12	0	-84.2049280449516
0.121	0	235.786911484058
0.122	0	481.235840509913
0.123	0	-0.531050628139029
0.124	0	-153.652624863205
0.125	0	191.218418303145
0.126	0	411.960301636933
0.127	0	-211.800641592812
0.128	0	-10.299529176742
0.129	0	351.847484746253
0.13	0	-55.3895147929679
0.131	0	-134.761903145021
0.132	0	229.581941329158
0.133	0	43.2462084383935
0.134	0	-224.98744603499
0.135	0	110.04865845173
0.136	0	97.101036014942
0.137	0	-279.775959489506
0.138	0	-5.15861542697248
0.139	0	139.714389759174
0.14	0	-293.713759766114
0.141	0	-146.69257408931
0.142	0	90.625134935852
0.143	0	-125.340329115508
0.144	0	-279.515157422615
0.145	0	-104.460571444733
0.146	0	60.8080507827562
0.147	0	-51.4972966706495
0.148	0	-265.990198515005
0.149	0	-213.768805059578
0.15	0	-70.0775964791234
0.151	0	37.4270863948639
0.152	0	55.087606253621
0.153	0	-99.6273114379658
0.154	0	-200.079021927885
0.155	0	-186.190288140573
0.156	0	-99.0493016582408
0.157	0	-24.9024954991932
0.158	0	38.978026129573
0.159	0	68.0766264680823
0.16	0	46.6662974294506
0.161	0	3.06150095993506
0.162	0	-25.614396389726
0.163	0	-9.85228711835176
0.164	0	35.6448061695471
0.165	0	95.1034045964659
0.166	0	149.470417490894
0.167	0	146.140434057281
0.168	0	77.4375461378803
0.169	0	20.1157976030149
0.17	0	58.0219672501158
0.171	0	125.021426182135
0.172	0	170.658265695695
0.173	0	106.7167452659
0.174	0	17.3735662622146
0.175	0	50.8117471157362
0.176	0	109.900237851536
0.177	0	94.956901677666
0.178	0	15.1690412488781
0.179	0	7.81370741195573
0.18	0	40.9178954493967
0.181	0	38.9693626095024
0.182	0	-7.67819249176385
0.183	0	-33.2716197676326
0.184	0	-12.7846044237818
0.185	0	3.18989561560557
0.186	0	-33.2767310394656
0.187	0	-80.5786637923416
0.188	0	-59.7612885818646
0.189	0	-20.6705194918612
0.19	0	-42.3600612283868
0.191	0	-101.28281321815
0.192	0	-100.469579140116
0.193	0	-54.9560404027605
0.194	0	-26.3958289426949
0.195	0	-62.5493709489593
0.196	0	-104.467649277303
0.197	0	-95.004962982357
0.198	0	-56.7885509280591
0.199	0	-21.6225638427053
0.2	0	-21.7676615381156
0.201	0	-37.5821009053666
0.202	0	-41.8874604881094
0.203	0	-24.5689667347348
0.204	0	-0.274400295586373
0.205	0	17.1203730778284
0.206	0	15.6659056473178
0.207	0	10.3402350564471
0.208	0	18.0683719909347
0.209	0	41.6014553410915
0.21	0	62.226770831277
0.211	0	62.0678536854814
0.212	0	43.9073701914146
0.213	0	34.2178865848181
0.214	0	50.5637829803469
0.215	0	75.7675767166357
0.216	0	80.6343864587606
0.217	0	53.8493370212539
0.218	0	31.7281808028361
0.219	0	43.9721892326196
0.22	0	58.9791498422056
0.221	0	50.2551071244439
0.222	0	25.7034459272305
0.223	0	14.9418949041344
0.224	0	17.1985786916735
0.225	0	20.5064522426945
0.226	0	10.5875118112289
0.227	0	-6.70423673090142
0.228	0	-17.6421368594632
0.229	0	-19.8458586110872
0.23	0	-10.2361581410962
0.231	0	-18.0693053593538
0.232	0	-40.560700762306
0.233	0	-53.7791606321506
0.234	0	-38.306301621077
0.235	0	-24.4934419774956
0.236	0	-39.5516638033127
0.237	0	-62.5887085285587
0.238	0	-59.8766437484728
0.239	0	-35.7641154450689
0.24	0	-23.4752608538296
0.241	0	-31.1706618994407
0.242	0	-44.2439921822872
0.243	0	-43.1355016543406
0.244	0	-25.5960988410884
0.245	0	-8.87451003496363
0.246	0	-7.83826338602448
0.247	0	-11.6453500186608
0.248	0	-5.76035581471413
0.249	0	4.34425677927239
0.25	0	14.9070134203741
0.251	0	16.4553795127007
0.252	0	13.2978539509992
0.253	0	19.8317215025126
0.254	0	31.437673342422
0.255	0	43.7831125751098
0.256	0	39.1316178277509
0.257	0	26.011787206454
0.258	0	27.786876320888
0.259	0	40.8669633107537
0.26	0	49.2818812146135
0.261	0	38.6070067628849
0.262	0	24.2968914396487
0.263	0	22.1664588890073
0.264	0	28.2617020781055
0.265	0	31.0438211101887
0.266	0	24.6109139921544
0.267	0	10.3053973685129
0.268	0	4.82260885743307
0.269	0	6.66741510497001
0.27	0	4.66877397421019
0.271	0	0.51504680592172
0.272	0	-7.55534925226164
0.273	0	-18.209912342984
0.274	0	-20.4771613419836
0.275	0	-11.3190207655489
0.276	0	-14.237820920255
0.277	0	-27.9186167618337
0.278	0	-37.1490324189465
0.279	0	-28.336056391175
0.28	0	-18.7821773277493
0.281	0	-19.8968897759912
0.282	0	-29.648434229679
0.283	0	-36.8226405339775
0.284	0	-29.3000316687967
0.285	0	-13.9624122692884
0.286	0	-13.4036369174868
0.287	0	-20.7393773393607
0.288	0	-21.0350315453607
0.289	0	-12.5067992205082
0.29	0	-0.872722731396332
0.291	0	-0.524208227906143
0.292	0	0.437702432413296
0.293	0	2.01068577653373
0.294	0	8.52911036008421
0.295	0	15.4969526042331
0.296	0	14.4941741829978
0.297	0	10.9630766998119
0.298	0	13.3368493605737
0.299	0	23.8164686237691
0.3	0	27.8332980028601
0.301	0	23.7981772641089
0.302	0	16.3723793820225
0.303	0	18.8008702906276
0.304	0	24.0229282641772
0.305	0	28.4005450639909
0.306	0	24.2767309108745
0.307	0	12.969102720067
0.308	0	10.8684611417094
0.309	0	15.7021248923605
0.31	0	16.8488857142645
0.311	0	10.2940399035818
0.312	0	3.73964904148081
0.313	0	0.117146124799781
0.314	0	-1.9367237092437
0.315	0	1.87656801520755
0.316	0	-0.611782892453603
0.317	0	-8.78514159087589
0.318	0	-16.8495104348898
0.319	0	-15.765270119102
0.32	0	-6.86645493682138
0.321	0	-9.26131548090344
0.322	0	-17.4699339683073
0.323	0	-23.6589228003897
0.324	0	-20.3645127720364
0.325	0	-10.3195621701134
0.326	0	-10.6876649848927
0.327	0	-18.7701937735336
0.328	0	-22.0497646877793
0.329	0	-16.3021535741586
0.33	0	-5.14067463002082
0.331	0	-5.54041371694334
0.332	0	-7.90731915780609
0.333	0	-10.4762752204877
0.334	0	-7.7517152483181
0.335	0	3.30897225290408
0.336	0	3.7930739354867
0.337	0	0.709650814412894
0.338	0	2.60406747855939
0.339	0	7.91667129482065
0.34	0	13.0848259215258
0.341	0	11.3024252927507
0.342	0	8.24802091148694
0.343	0	10.7085429384024
0.344	0	17.0480894052457
0.345	0	20.5808008531875
0.346	0	17.2291111920281
0.347	0	10.3643529598041
0.348	0	9.43941338027671
0.349	0	15.4975682132776
0.35	0	18.138821749014
0.351	0	12.9265028055555
0.352	0	6.86695798938351
0.353	0	5.599346163542
0.354	0	8.58992940787409
0.355	0	9.81649311642333
0.356	0	6.36764856246841
0.357	0	-0.968818189355214
0.358	0	-3.7868102567794
0.359	0	-4.61733119864378
0.36	0	-0.313468248580828
0.361	0	-2.02370028050846
0.362	0	-6.006180097741
0.363	0	-12.4617106461075
0.364	0	-13.4405934103626
0.365	0	-4.80097589749928
0.366	0	-5.30149601217529
0.367	0	-12.2735076271636
0.368	0	-16.9846229909839
0.369	0	-15.2945619923682
0.37	0	-4.92738376580112
0.371	0	-5.57649440564816
0.372	0	-8.53514498465822
0.373	0	-13.3083932071858
0.374	0	-11.6285063507807
0.375	0	-0.790151753804185
0.376	0	-0.613500257629749
0.377	0	-3.76489874586904
0.378	0	-5.10226736191322
0.379	0	-1.86317936589051
0.38	0	5.85371477275087
0.381	0	5.37858218310162
0.382	0	2.95517242636299
0.383	0	3.33385412117241
0.384	0	8.26742027632109
0.385	0	12.6171172352307
0.386	0	10.2879848300658
0.387	0	5.77993116169567
0.388	0	5.54187109603768
0.389	0	11.4358893834831
0.39	0	14.2102628803461
0.391	0	10.6068597163835
0.392	0	6.31460647413856
0.393	0	5.71419887242134
0.394	0	9.80028726333724
0.395	0	11.9596117111914
0.396	0	8.34628911843524
0.397	0	2.13981895283805
0.398	0	0.898888009286377
0.399	0	2.11107131755211
0.4	0	4.51880961683847
0.401	0	3.05184966347994
0.402	0	-0.792403725773206
0.403	0	-4.97526640157092
0.404	0	-5.81456917896106
0.405	0	0.582158416114109
0.406	0	-1.1263236622683
0.407	0	-6.79788782187933
0.408	0	-10.6458903066004
0.409	0	-11.4361771321395
0.41	0	-2.95490813401317
0.411	0	-3.35819313435222
0.412	0	-5.57638069990494
0.413	0	-11.2599017140232
0.414	0	-11.5271453538507
0.415	0	-1.23564433006478
0.416	0	-1.31841288553904
0.417	0	-5.26103636147177
0.418	0	-8.06787218053659
0.419	0	-5.85528089497594
0.42	0	2.65465583026642
0.421	0	1.78916344558065
0.422	0	-0.0654027996437114
0.423	0	-1.08571208778471
0.424	0	2.17092135424464
0.425	0	6.80913246865285
0.426	0	6.07475010348763
0.427	0	1.5465366063273
0.428	0	1.77513270374456
0.429	0	6.44884741382056
0.43	0	9.33740970705671
0.431	0	8.01283032948494
0.432	0	4.54452962847823
0.433	0	4.00555169491293
0.434	0	7.75661255887978
0.435	0	10.9274569947425
0.436	0	8.18638675355203
0.437	0	2.53352042566637
0.438	0	1.8666123425714
0.439	0	4.27939596286234
0.44	0	6.51321298009864
0.441	0	5.39010655044169
0.442	0	1.12151530897164
0.443	0	-1.65700702125019
0.444	0	-0.427459415376787
0.445	0	4.03412011868585
0.446	0	2.49211938599863
0.447	0	-3.66595530550833
0.448	0	-5.76129106755058
0.449	0	-6.36299957039403
0.45	0	-0.739943514486105
0.451	0	-0.870295570550491
0.452	0	-3.11768274261827
0.453	0	-7.77902558650274
0.454	0	-9.11837483843661
0.455	0	-0.102131720858994
0.456	0	-0.448862344510958
0.457	0	-4.88433327283392
0.458	0	-8.06340483703246
0.459	0	-6.70508639564758
0.46	0	1.55722374609548
0.461	0	0.578571237155519
0.462	0	-1.47003555756232
0.463	0	-3.74447262108812
0.464	0	-1.17588056728606
0.465	0	3.85829783540193
0.466	0	3.59218810028553
0.467	0	-1.17231230175995
0.468	0	-1.46234669119412
0.469	0	1.96907721179234
0.47	0	5.86468388796841
0.471	0	5.6933772227048
0.472	0	2.77241190336676
0.473	0	1.74061177728004
0.474	0	4.65621972249845
0.475	0	8.93325518061738
0.476	0	7.22879455437428
0.477	0	1.71437330282766
0.478	0	1.41844638967427
0.479	0	4.11121588554798
0.48	0	6.78586800024501
0.481	0	5.97703066361843
0.482	0	1.84242520566546
0.483	0	-0.424274298726968
0.484	0	2.22838888919144
0.485	0	6.15007887353374
0.486	0	4.17395185410903
0.487	0	-1.69484780391336
0.488	0	-3.19108429837223
0.489	0	-2.86641185484536
0.49	0	1.24844637641486
0.491	0	1.52458400092822
0.492	0	-1.58681190876744
0.493	0	-4.89186273243857
0.494	0	-5.86623070509632
0.495	0	1.79976621312655
0.496	0	1.03867977433211
0.497	0	-4.01945124058882
0.498	0	-6.76240383057367
0.499	0	-5.98255837792301
0.5	0	1.59933597201354
0.501	0	0.598599293591345
0.502	0	-1.84105331122503
0.503	0	-4.59627813243558
0.504	0	-2.55066201409795
0.505	0	2.54780704648084
0.506	0	2.39603623766791
0.507	0	-2.52223632517767
0.508	0	-3.5191195995534
0.509	0	-1.03298596002293
0.51	0	3.72441141916439
0.511	0	3.9399684593675
0.512	0	1.34537941220065
0.513	0	-0.198834761861279
0.514	0	1.71765566285273
0.515	0	7.0617933529273
0.516	0	6.06021691738853
0.517	0	0.553892196303091
0.518	0	0.282192249885973
0.519	0	2.89252491656026
0.52	0	6.1525088459091
0.521	0	5.70634641583609
0.522	0	1.80077961586179
0.523	0	-0.238221860322726
0.524	0	2.95769921834537
0.525	0	6.88355582387101
0.526	0	4.89399183591796
0.527	0	-0.775891857064741
0.528	0	-1.97830252017207
0.529	0	-0.505487612490822
0.53	0	2.56923843560414
0.531	0	3.00547567067267
0.532	0	-0.584221068405797
0.533	0	-3.06174178967933
0.534	0	-3.07667247481933
0.535	0	3.29791797222652
0.536	0	2.45085553948681
0.537	0	-3.08831903545521
0.538	0	-5.31806859358517
0.539	0	-4.64971532130321
0.54	0	2.07522246641629
0.541	0	1.20814354910856
0.542	0	-1.68725891601474
0.543	0	-4.40547421121806
0.544	0	-2.7154093500018
0.545	0	2.21297701225055
0.546	0	2.03545700584514
0.547	0	-3.04585456452669
0.548	0	-4.45179524965314
0.549	0	-2.47987808095638
0.55	0	2.59674608769871
0.551	0	2.94466236172652
0.552	0	0.396666101579233
0.553	0	-1.48177899204355
0.554	0	-0.317224457024086
0.555	0	5.69922592429079
0.556	0	5.08976744131975
0.557	0	-0.419677522321379
0.558	0	-0.88292005245151
0.559	0	1.51450892371336
0.56	0	5.29028141613183
0.561	0	5.13984744837899
0.562	0	1.42531424688711
0.563	0	-0.61649556065798
0.564	0	2.68005921812773
0.565	0	6.85527233383176
0.566	0	5.00068346391604
0.567	0	-0.489397030017906
0.568	0	-1.58237233755633
0.569	0	0.481364425403184
0.57	0	3.22723090471291
0.571	0	3.70770158705288
0.572	0	-0.0358229603872616
0.573	0	-2.1999955092133
0.574	0	-1.19612687400645
0.575	0	4.21507471330887
0.576	0	3.37038259766393
0.577	0	-2.27335681918232
0.578	0	-4.18422459065393
0.579	0	-3.40637742305503
0.58	0	2.58623183216
0.581	0	2.0356213679152
0.582	0	-1.34833199310657
0.583	0	-3.79557338081188
0.584	0	-2.28881524453051
0.585	0	2.41025032088191
0.586	0	2.15174086333935
0.587	0	-3.06552201420883
0.588	0	-4.60622722943114
0.589	0	-2.80504721862672
0.59	0	2.14938740522633
0.591	0	2.58031879773128
0.592	0	-0.0530503246745964
0.593	0	-2.18060738245665
0.594	0	-1.38419628473768
0.595	0	4.89083605204978
0.596	0	4.4751315734075
0.597	0	-1.05234236530876
0.598	0	-1.76096895690451
0.599	0	0.426318892811628
0.6	0	4.51898893350977
0.601	0	4.58199230434954
0.602	0	0.977394947506514
0.603	0	-1.17301125962433
0.604	0	2.01378333087876
0.605	0	6.45702736693355
0.606	0	4.7987508900296
0.607	0	-0.591314002102332
0.608	0	-1.67057443150004
0.609	0	0.596112854379621
0.61	0	3.35093307033218
0.611	0	3.91801862867604
0.612	0	0.151488953726941
0.613	0	-1.91474175991116
0.614	0	-0.241702998319292
0.615	0	4.67704446746097
0.616	0	3.87212013339869
0.617	0	-1.74048846686815
0.618	0	-3.48230224572068
0.619	0	-2.57329942786494
0.62	0	2.98953690605211
0.621	0	2.67797727906746
0.622	0	-0.908527459232899
0.623	0	-3.21858016073373
0.624	0	-1.69821587322278
0.625	0	2.81062923182634
0.626	0	2.48267421670011
0.627	0	-2.81406939647883
0.628	0	-4.37579944912864
0.629	0	-2.52533716945996
0.63	0	2.10506808744135
0.631	0	2.60372870990174
0.632	0	-0.156927752061906
0.633	0	-2.46375579652293
0.634	0	-1.71961075428468
0.635	0	4.51074883144532
0.636	0	4.18129567293339
0.637	0	-1.38579778645411
0.638	0	-2.27575447908114
0.639	0	-0.262759816055279
0.64	0	3.96550045175105
0.641	0	4.18088967464524
0.642	0	0.601093575835316
0.643	0	-1.68353390179104
0.644	0	1.35516415819479
0.645	0	5.995308810249
0.646	0	4.5086440483508
0.647	0	-0.834723179144973
0.648	0	-1.96675034858834
0.649	0	0.322379697610043
0.65	0	3.17368157096854
0.651	0	3.86891832600409
0.652	0	0.126818046227642
0.653	0	-1.93870825753612
0.654	0	0.0741971839122136
0.655	0	4.79510752784847
0.656	0	4.07628555355461
0.657	0	-1.47388569859106
0.658	0	-3.14581434880508
0.659	0	-2.09177572031729
0.66	0	3.20497773044873
0.661	0	3.04730272958682
0.662	0	-0.629522071791222
0.663	0	-2.83844555438666
0.664	0	-1.18616217700882
0.665	0	3.22339810400774
0.666	0	2.8314435863111
0.667	0	-2.46062704646819
0.668	0	-4.01735626444778
0.669	0	-2.01575526111755
0.67	0	2.26243839687572
0.671	0	2.80382639626253
0.672	0	-0.0849539596410183
0.673	0	-2.49298557810868
0.674	0	-1.61084718916328
0.675	0	4.41204875132602
0.676	0	4.11020458499388
0.677	0	-1.49449841338785
0.678	0	-2.48612276885918
0.679	0	-0.585197178971465
0.68	0	3.63516428930892
0.681	0	3.96453548365262
0.682	0	0.344225424389205
0.683	0	-2.06637390509981
0.684	0	0.879696192426118
0.685	0	5.6199160445365
0.686	0	4.24750650921368
0.687	0	-1.07341977876062
0.688000000000001	0	-2.29998258723519
0.689000000000001	0	-0.0504931993472476
0.690000000000001	0	2.88810814431991
0.691000000000001	0	3.71484603286108
0.692000000000001	0	-0.0103834939751261
0.693000000000001	0	-2.12108891111178
0.694000000000001	0	0.048680558890632
0.695000000000001	0	4.7101075049887
0.696000000000001	0	4.09783897194759
0.697000000000001	0	-1.39004928248197
0.698000000000001	0	-3.0557024902256
0.699000000000001	0	-1.900219846007
0.700000000000001	0	3.2571428196988
0.701000000000001	0	3.21456708103326
0.702000000000001	0	-0.493639874802567
0.703000000000001	0	-2.65833033554019
0.704000000000001	0	-0.849823012661517
0.705000000000001	0	3.59597168766968
0.706000000000001	0	3.112003275328
0.707000000000001	0	-2.12365662760997
0.708000000000001	0	-3.68710921281727
0.709000000000001	0	-1.55125555881887
0.710000000000001	0	2.47924223254956
0.711000000000001	0	3.03886754393191
0.712000000000001	0	0.0352939054101337
0.713000000000001	0	-2.40094969809468
0.714000000000001	0	-1.3063528379317
0.715000000000001	0	4.46540668078593
0.716000000000001	0	4.15446401390068
0.717000000000001	0	-1.44881771149975
0.718000000000001	0	-2.50895215024426
0.719000000000001	0	-0.661954031268069
0.720000000000001	0	3.46836073327227
0.721000000000001	0	3.89012819010587
0.722000000000001	0	0.195529502133824
0.723000000000001	0	-2.31432936085823
0.724000000000001	0	0.612786921577378
0.725000000000001	0	5.37164255865243
0.726000000000001	0	4.05784492562427
0.727000000000001	0	-1.24373915861456
0.728000000000001	0	-2.58328582075481
0.729000000000001	0	-0.371249741551237
0.730000000000001	0	2.61295707054151
0.731000000000001	0	3.55033898382461
0.732000000000001	0	-0.172568205235279
0.733000000000001	0	-2.36004458873392
0.734000000000001	0	-0.097879102026161
0.735000000000001	0	4.53803840409351
0.736000000000001	0	4.03538464469553
0.737000000000001	0	-1.40234306886529
0.738000000000001	0	-3.0996655930532
0.739000000000001	0	-1.89440225174857
0.740000000000001	0	3.21955151894554
0.741000000000001	0	3.25889139519787
0.742000000000001	0	-0.457143110768444
0.743000000000001	0	-2.61590024591692
0.744000000000001	0	-0.679436899849304
0.745000000000001	0	3.8344318366869
0.746000000000001	0	3.30761052778098
0.747000000000001	0	-1.86151581184478
0.748000000000001	0	-3.44012514537645
0.749000000000001	0	-1.18358235702555
0.750000000000001	0	2.67882809246708
0.751000000000001	0	3.25121647868368
0.752000000000001	0	0.140346876093697
0.753000000000001	0	-2.27933937606696
0.754000000000001	0	-0.962873750882129
0.755000000000001	0	4.58171988254636
0.756000000000001	0	4.24433085007367
0.757000000000001	0	-1.33468540840616
0.758000000000001	0	-2.44746014825821
0.759000000000001	0	-0.59583954908055
0.760000000000001	0	3.39706596550264
0.761000000000001	0	3.89778808092194
0.762000000000001	0	0.12192290332956
0.763000000000001	0	-2.44008664345791
0.764000000000001	0	0.505541241778427
0.765000000000001	0	5.2304327750798
0.766000000000001	0	3.93531364443795
0.767000000000001	0	-1.33938492348529
0.768000000000001	0	-2.79582218953562
0.769000000000001	0	-0.593192575045145
0.770000000000001	0	2.39252788495986
0.771000000000001	0	3.41340333680012
0.772000000000001	0	-0.31989742011506
0.773000000000001	0	-2.58497466843549
0.774000000000001	0	-0.252577153337548
0.775000000000001	0	4.34566283514031
0.776000000000001	0	3.94619452179569
0.777000000000001	0	-1.45115098489291
0.778000000000001	0	-3.21338935432937
0.779000000000001	0	-1.97840270668572
0.780000000000001	0	3.14387284147253
0.781000000000001	0	3.23595999793252
0.782000000000001	0	-0.479341534602659
0.783000000000001	0	-2.65633077064206
0.784000000000001	0	-0.616539489308833
0.785000000000001	0	3.96522065916897
0.786000000000001	0	3.43479097972001
0.787000000000001	0	-1.65970055571194
0.788000000000001	0	-3.27511582914953
0.789000000000001	0	-0.916563114462416
0.790000000000001	0	2.83147702559071
0.791000000000001	0	3.40547350852819
0.792000000000001	0	0.211001501694574
0.793000000000001	0	-2.17325594983671
0.794000000000001	0	-0.654326097163903
0.795000000000001	0	4.69187877393302
0.796000000000001	0	4.32362375330528
0.797000000000001	0	-1.19890035907775
0.798000000000001	0	-2.36626450790452
0.799000000000001	0	-0.480698072748363
0.800000000000001	0	3.37373648660108
0.801000000000001	0	3.94194155225727
0.802000000000001	0	0.0943813958531005
0.803000000000001	0	-2.49093575704271
0.804000000000001	0	0.501462841225688
0.805000000000001	0	5.16699593300613
0.806000000000001	0	3.865009280004
0.807000000000001	0	-1.35360365990519
0.808000000000001	0	-2.94040345042346
0.809000000000001	0	-0.72119514053451
0.810000000000001	0	2.23971024722264
0.811000000000001	0	3.31627333164067
0.812000000000001	0	-0.436235314732883
0.813000000000001	0	-2.77629981310918
0.814000000000001	0	-0.360938707057855
0.815000000000001	0	4.16888684861629
0.816000000000001	0	3.86235882034491
0.817000000000001	0	-1.49958818854079
0.818000000000001	0	-3.3608110460598
0.819000000000001	0	-2.08815181524829
0.820000000000001	0	3.03885292375237
0.821000000000001	0	3.1821839478508
0.822000000000001	0	-0.533597170021531
0.823000000000001	0	-2.73931187008151
0.824000000000001	0	-0.612514479692145
0.825000000000001	0	4.02970977283057
0.826000000000001	0	3.5049537758995
0.827000000000001	0	-1.50709661228888
0.828000000000001	0	-3.25055014122113
0.829000000000001	0	-0.72600807137658
0.830000000000001	0	2.94541348587158
0.831000000000001	0	3.51531744281758
0.832000000000001	0	0.262009833497527
0.833000000000001	0	-2.08401859593728
0.834000000000001	0	-0.378004372007732
0.835000000000001	0	4.78952179162687
0.836000000000001	0	4.37560916617809
0.837000000000001	0	-1.05274754738875
0.838000000000001	0	-2.28472151148038
0.839000000000001	0	-0.345941406645873
0.840000000000001	0	3.39021340766353
0.841000000000001	0	4.00197447536741
0.842000000000001	0	0.0967018533497027
0.843000000000001	0	-2.49040025915475
0.844000000000001	0	0.553604218739419
0.845000000000001	0	5.15488803560833
0.846000000000001	0	3.82957046944206
0.847000000000001	0	-1.32045194753469
0.848000000000001	0	-3.03503931712377
0.849000000000001	0	-0.785441834481485
0.850000000000001	0	2.1404786086486
0.851000000000001	0	3.26227947090912
0.852000000000001	0	-0.528291538010651
0.853000000000001	0	-2.94061632304737
0.854000000000001	0	-0.430116159309014
0.855000000000001	0	4.00720016863314
0.856000000000001	0	3.78665102116726
0.857000000000001	0	-1.54223017115542
0.858000000000001	0	-3.50970936764185
0.859000000000001	0	-2.20796835546917
0.860000000000001	0	2.91748199766619
0.861000000000001	0	3.11009222847011
0.862000000000001	0	-0.609255839623534
0.863000000000001	0	-2.84805801101741
0.864000000000001	0	-0.651820712249552
0.865000000000001	0	4.04944748190886
0.866000000000001	0	3.52970902934329
0.867000000000001	0	-1.38544437197947
0.868000000000001	0	-3.25609394586087
0.869000000000001	0	-0.595927731688062
0.870000000000001	0	3.03028323869551
0.871000000000001	0	3.58987198637096
0.872000000000001	0	0.295864101774857
0.873000000000001	0	-2.0139459616629
0.874000000000001	0	-0.169407446319473
0.875000000000001	0	4.86751199947619
0.876000000000001	0	4.41316901457668
0.877000000000001	0	-0.907758126591601
0.878000000000001	0	-2.24616609109092
0.879000000000001	0	-0.21264199257285
0.880000000000001	0	3.42872989147845
0.881000000000001	0	4.06446969265499
0.882000000000001	0	0.117504728930938
0.883000000000001	0	-2.45578700310736
0.884000000000001	0	0.619445015504406
0.885000000000001	0	5.17910891069902
0.886000000000001	0	3.82047656203248
0.887000000000001	0	-1.25326751354744
0.888000000000001	0	-3.08860216415219
0.889000000000001	0	-0.801320708793995
0.890000000000001	0	2.09093522879845
0.891000000000001	0	3.24401908271928
0.892000000000001	0	-0.597123548801548
0.893000000000001	0	-3.07433247825135
0.894000000000001	0	-0.456034889922837
0.895000000000001	0	3.87037506405382
0.896000000000001	0	3.72547102308026
0.897000000000001	0	-1.57084567083864
0.898000000000001	0	-3.6506220295134
0.899000000000001	0	-2.32143063748606
0.900000000000001	0	2.79249766387742
0.901000000000001	0	3.02980069768537
0.902000000000001	0	-0.692285740308117
0.903000000000001	0	-2.96919608323368
0.904000000000001	0	-0.71500982437436
0.905000000000001	0	4.04091963112603
0.906000000000001	0	3.54411277612641
0.907000000000001	0	-1.28860909222338
0.908000000000001	0	-3.28387051885838
0.909000000000001	0	-0.516404801733679
0.910000000000001	0	3.08837142176209
0.911000000000001	0	3.63503625783629
0.912000000000001	0	0.314891712618992
0.913000000000001	0	-1.96513147117399
0.914000000000001	0	0.00632055711215123
0.915000000000001	0	4.92412794890508
0.916000000000001	0	4.43382678429628
0.917000000000001	0	-0.775353486455754
0.918000000000001	0	-2.23721294858251
0.919000000000001	0	-0.100759233959627
0.920000000000001	0	3.46404100240272
0.921000000000001	0	4.11678910069265
0.922000000000001	0	0.138698523838684
0.923000000000001	0	-2.40637737404592
0.924000000000001	0	0.680108914399889
0.925000000000001	0	5.21826123386076
0.926000000000001	0	3.82510602788919
0.927000000000001	0	-1.17105422119308
0.928000000000001	0	-3.11674211447776
0.929000000000001	0	-0.792693903788597
0.930000000000001	0	2.07822616865407
0.931000000000001	0	3.24724195487992
0.932000000000001	0	-0.643618436260502
0.933000000000001	0	-3.18335344105223
0.934000000000001	0	-0.44919474657873
0.935000000000001	0	3.76134636131447
0.936000000000001	0	3.67912258439086
0.937000000000001	0	-1.58307557153184
0.938000000000001	0	-3.77798343151979
0.939000000000001	0	-2.41696036495041
0.940000000000001	0	2.67357193512473
0.941000000000001	0	2.94980665580035
0.942000000000001	0	-0.773393442881844
0.943000000000001	0	-3.0892766119029
0.944000000000001	0	-0.782417568099155
0.945000000000001	0	4.0228124466863
0.946000000000001	0	3.5569532412236
0.947000000000001	0	-1.20150027237682
0.948000000000001	0	-3.32035265721399
0.949000000000001	0	-0.467595177831702
0.950000000000001	0	3.13390943380945
0.951000000000001	0	3.66081735266107
0.952000000000001	0	0.326116829896118
0.953000000000001	0	-1.92930337709186
0.954000000000001	0	0.153993986942475
0.955000000000001	0	5.0043363920321
0.956000000000001	0	4.44286791811822
0.957000000000001	0	-0.657756467702095
0.958000000000001	0	-2.2442401420468
0.959000000000001	0	-0.0167626831886644
0.960000000000001	0	3.48627533917134
0.961000000000001	0	4.15218744756567
0.962000000000001	0	0.155509683451145
0.963000000000001	0	-2.35657084262224
0.964000000000001	0	0.719574016371492
0.965000000000001	0	5.25264863632699
0.966000000000001	0	3.82841369243143
0.967000000000001	0	-1.0935445721363
0.968000000000001	0	-3.14066390138783
0.969000000000001	0	-0.788074208636283
0.970000000000001	0	2.08131838806661
0.971000000000001	0	3.25697861462187
0.972000000000001	0	-0.688939976842768
0.973000000000001	0	-3.27938955197037
0.974000000000001	0	-0.43186346867609
0.975000000000001	0	3.66567523290234
0.976000000000001	0	3.64395221678598
0.977000000000001	0	-1.58428707460345
0.978000000000001	0	-3.89128687888299
0.979000000000001	0	-2.47093117763407
0.980000000000001	0	2.56434672273294
0.981000000000001	0	2.87519896048296
0.982000000000001	0	-0.845825214211597
0.983000000000001	0	-3.18966368452438
0.984000000000001	0	-0.83936905290929
0.985000000000001	0	4.00883600371081
0.986000000000001	0	3.5795779596082
0.987000000000001	0	-1.14130379178964
0.988000000000001	0	-3.35135093876299
0.989000000000001	0	-0.427191955759657
0.990000000000001	0	3.18384348315765
0.991000000000001	0	3.67955595388827
0.992000000000001	0	0.339661434669521
0.993000000000001	0	-1.90437565979682
0.994000000000001	0	0.292320892689821
0.995000000000001	0	5.0936402041792
0.996000000000001	0	4.45026735191581
0.997000000000001	0	-0.549641940205652
0.998000000000001	0	-2.26023495466619
0.999000000000001	0	0.0718790795745924
1	0	3.49901384960594
1.001	0	4.17493159307418
1.002	0	0.163510076855816
1.003	0	-2.31076290191123
1.004	0	0.733852274683858
1.005	0	5.27750700772429
1.006	0	3.82985455859851
1.007	0	-1.02644771482849
1.008	0	-3.1659485608265
1.009	0	-0.799442748883742
1.01	0	2.08195276690657
1.011	0	3.26448091067066
1.012	0	-0.718744161222065
1.013	0	-3.37215575176924
1.014	0	-0.422623118797415
1.015	0	3.57213970244216
1.016	0	3.61238139977456
1.017	0	-1.57418242338682
1.018	0	-3.99889138244234
1.019	0	-2.51750741515672
1.02	0	2.45756498106671
1.021	0	2.80725090445906
1.022	0	-0.912116488028583
1.023	0	-3.27856373710221
1.024	0	-0.889015223065705
1.025	0	4.05697379259031
1.026	0	3.61478133541122
1.027	0	-1.07494563678073
1.028	0	-3.37757079086748
1.029	0	-0.370380063877549
1.03	0	3.23433104788751
1.031	0	3.69190016298801
1.032	0	0.353908816869404
1.033	0	-1.94006031573398
1.034	0	0.41668556635847
1.035	0	5.16222063507662
1.036	0	4.45698785397947
1.037	0	-0.457016480578553
1.038	0	-2.28517296000625
1.039	0	0.146473679334969
1.04	0	3.50377088770136
1.041	0	4.2069797469306
1.042	0	0.164856622298262
1.043	0	-2.33216253697274
1.044	0	0.731252645212569
1.045	0	5.30091174336374
1.046	0	3.8366099257812
1.047	0	-0.959893207693425
1.048	0	-3.18152591649056
1.049	0	-0.809063784549255
1.05	0	2.07798265933846
1.051	0	3.28223160001284
1.05199999999999	0	-0.719756705615816
1.05299999999999	0	-3.44823359984202
1.05399999999999	0	-0.398378256440193
1.05499999999999	0	3.49358834599542
1.05599999999999	0	3.5960013688492
1.05699999999999	0	-1.55205810886694
1.05799999999999	0	-4.09129974641629
1.05899999999999	0	-2.54405017237764
1.05999999999999	0	2.36047018441705
1.06099999999999	0	2.76389778623888
1.06199999999999	0	-0.969619511135031
1.06299999999999	0	-3.35595279282262
1.06399999999999	0	-0.930885892623488
1.06499999999999	0	4.10723799582567
1.06599999999999	0	3.66870244420359
1.06699999999999	0	-1.00514133992844
1.06799999999999	0	-3.40407092946437
1.06899999999999	0	-0.334613919321006
1.06999999999999	0	3.27870520191466
1.07099999999999	0	3.69584291602719
1.07199999999999	0	0.366028891778205
1.07299999999999	0	-1.98279494888362
1.07399999999999	0	0.518409323011699
1.07499999999999	0	5.20505807153113
1.07599999999999	0	4.45996163998226
1.07699999999999	0	-0.379115251105205
1.07799999999999	0	-2.32332771143896
1.07899999999999	0	0.19777103429576
1.07999999999999	0	3.49424312866637
1.08099999999999	0	4.23743043813028
1.08199999999999	0	0.157265955331208
1.08299999999999	0	-2.36236095244027
1.08399999999999	0	0.704386874399031
1.08499999999999	0	5.31511922806066
1.08599999999999	0	3.84308679431614
1.08699999999999	0	-0.900869120030744
1.08799999999999	0	-3.19535196044463
1.08899999999999	0	-0.826500470532351
1.08999999999999	0	2.08233255004035
1.09099999999999	0	3.30382386006869
1.09199999999999	0	-0.717771316132385
1.09299999999999	0	-3.513111986244
1.09399999999999	0	-0.351444387202558
1.09499999999999	0	3.42462401113298
1.09599999999999	0	3.59186048976533
1.09699999999999	0	-1.52261578783489
1.09799999999999	0	-4.17103009390314
1.09899999999999	0	-2.55525267578894
1.09999999999999	0	2.27147704596756
1.10099999999999	0	2.7321739575129
1.10199999999999	0	-1.01661562258493
1.10299999999999	0	-3.4189813664174
1.10399999999999	0	-0.962231861734169
1.10499999999999	0	4.16363789083597
1.10599999999999	0	3.73090996656884
1.10699999999999	0	-0.929049597729236
1.10799999999999	0	-3.42657661598744
1.10899999999999	0	-0.312704446052442
1.10999999999999	0	3.32731219306673
1.11099999999999	0	3.6979902725362
1.11199999999999	0	0.38073129348099
1.11299999999999	0	-2.02258291281046
1.11399999999999	0	0.592337816868106
1.11499999999999	0	5.23058907129798
1.11599999999999	0	4.46581152684627
1.11699999999999	0	-0.308923760946848
1.11799999999999	0	-2.36878441639817
1.11899999999999	0	0.233760854068247
1.11999999999999	0	3.47526433311393
1.12099999999999	0	4.25952894863091
1.12199999999999	0	0.146963582364307
1.12299999999999	0	-2.39180061534582
1.12399999999999	0	0.656162084603459
1.12499999999999	0	5.32069005059011
1.12599999999999	0	3.84952371489996
1.12699999999999	0	-0.848309625463727
1.12799999999999	0	-3.21037582631546
1.12899999999999	0	-0.85454235588799
1.12999999999999	0	2.08997311224117
1.13099999999999	0	3.32629640841166
1.13199999999999	0	-0.715655217186851
1.13299999999999	0	-3.57139514751595
1.13399999999999	0	-0.291163256283792
1.13499999999999	0	3.36075031447513
1.13599999999999	0	3.59593452518298
1.13699999999999	0	-1.49142950371712
1.13799999999999	0	-4.24143395433392
1.13899999999999	0	-2.55960313574171
1.13999999999999	0	2.18623257131112
1.14099999999999	0	2.7054170632506
1.14199999999999	0	-1.05436993368856
1.14299999999998	0	-3.46908269800302
1.14399999999998	0	-0.986928231741122
1.14499999999998	0	4.2208914933552
1.14599999999998	0	3.76175933521194
1.14699999999998	0	-0.847564422334793
1.14799999999998	0	-3.44421163627834
1.14899999999998	0	-0.301864061759818
1.14999999999998	0	3.40668415998746
1.15099999999998	0	3.70317176526107
1.15199999999998	0	0.401546527723095
1.15299999999998	0	-2.05390409293084
1.15399999999998	0	0.642594447415413
1.15499999999998	0	5.24686281702916
1.15599999999998	0	4.48101381838376
1.15699999999998	0	-0.240389226114486
1.15799999999998	0	-2.42052073571621
1.15899999999998	0	0.263741514318549
1.15999999999998	0	3.45422181848252
1.16099999999998	0	4.27557267282464
1.16199999999998	0	0.129386550203579
1.16299999999998	0	-2.41557739549314
1.16399999999998	0	0.593741077818769
1.16499999999998	0	5.32125147795031
1.16599999999998	0	3.86010537875704
1.16699999999998	0	-0.798478494202769
1.16799999999998	0	-3.22502837122607
1.16899999999998	0	-0.890565931372794
1.16999999999998	0	2.10119211343173
1.17099999999998	0	3.34989071468718
1.17199999999998	0	-0.71409431801033
1.17299999999998	0	-3.62476168674523
1.17399999999998	0	-0.236132585723377
1.17499999999998	0	3.30086149639918
1.17599999999998	0	3.58072836520408
1.17699999999998	0	-1.46072510198213
1.17799999999998	0	-4.26045618882867
1.17899999999998	0	-2.56150358068644
1.17999999999998	0	2.10143998374342
1.18099999999998	0	2.68107663074984
1.18199999999998	0	-1.05682004119044
1.18299999999998	0	-3.50878683719125
1.18399999999998	0	-1.01102277388926
1.18499999999998	0	4.27301019850866
1.18599999999998	0	3.76566198225258
1.18699999999998	0	-0.767420185386362
1.18799999999998	0	-3.46924757767693
1.18899999999998	0	-0.3107761982425
1.18999999999998	0	3.48358592311638
1.19099999999998	0	3.70740704651377
1.19199999999998	0	0.396563042880776
1.19299999999998	0	-2.08201352098997
1.19399999999998	0	0.676436238593973
1.19499999999998	0	5.25210694081655
1.19599999999998	0	4.51663968895943
1.19699999999998	0	-0.173606686926466
1.19799999999998	0	-2.4742700399519
1.19899999999998	0	0.290596668709246
1.19999999999998	0	3.43354051561975
1.20099999999998	0	4.28947962458317
1.20199999999998	0	0.110409349962799
1.20299999999998	0	-2.42859893975682
1.20399999999998	0	0.523737094672544
1.20499999999998	0	5.32424718938866
1.20599999999998	0	3.88129851878596
1.20699999999998	0	-0.745384765262992
1.20799999999998	0	-3.23340149683385
1.20899999999998	0	-0.90255318885825
1.20999999999998	0	2.12093875219206
1.21099999999998	0	3.37870100309677
1.21199999999998	0	-0.710296134306278
1.21299999999998	0	-3.67062380168826
1.21399999999998	0	-0.184042466037295
1.21499999999998	0	3.24547447998973
1.21599999999998	0	3.55471589157883
1.21699999999998	0	-1.43206132156622
1.21799999999998	0	-4.27960621464365
1.21899999999998	0	-2.56569513953119
1.21999999999998	0	2.0161347470987
1.22099999999998	0	2.65669627119042
1.22199999999998	0	-1.0495411233163
1.22299999999998	0	-3.54074129805611
1.22399999999998	0	-0.984740697454203
1.22499999999998	0	4.31630351835619
1.22599999999998	0	3.7766658433665
1.22699999999998	0	-0.694268655181618
1.22799999999998	0	-3.5111064380759
1.22899999999998	0	-0.344489386225518
1.22999999999998	0	3.54860739508108
1.23099999999998	0	3.70627035984215
1.23199999999998	0	0.385224257594379
1.23299999999998	0	-2.11994251957144
1.23399999999997	0	0.684628138309259
1.23499999999997	0	5.23855939071502
1.23599999999997	0	4.5672574015154
1.23699999999997	0	-0.115973329745316
1.23799999999997	0	-2.53325948414333
1.23899999999997	0	0.304622387863666
1.23999999999997	0	3.40290767744646
1.24099999999997	0	4.29910892994312
1.24199999999997	0	0.0887464240642887
1.24299999999997	0	-2.43616209862531
1.24399999999997	0	0.442283069925611
1.24499999999997	0	5.32602862308433
1.24599999999997	0	3.91232678391726
1.24699999999997	0	-0.690819217818542
1.24799999999997	0	-3.23647094044624
1.24899999999997	0	-0.910364389045281
1.24999999999997	0	2.15178746859076
1.25099999999997	0	3.4132420526708
1.25199999999997	0	-0.700830740654524
1.25299999999997	0	-3.70234334487253
1.25399999999997	0	-0.125551082566069
1.25499999999997	0	3.20295248885575
1.25599999999997	0	3.54323283299588
1.25699999999997	0	-1.39570749786616
1.25799999999997	0	-4.29115526756527
1.25899999999997	0	-2.56275031339674
1.25999999999997	0	1.94217389232262
1.26099999999997	0	2.63719668990613
1.26199999999997	0	-1.03183167196513
1.26299999999997	0	-3.56025436057118
1.26399999999997	0	-0.95669726962615
1.26499999999997	0	4.35248019042958
1.26599999999997	0	3.79837333288937
1.26699999999997	0	-0.625216671621833
1.26799999999997	0	-3.55830191276233
1.26899999999997	0	-0.396871989341132
1.26999999999997	0	3.60536387915513
1.27099999999997	0	3.70225226092148
1.27199999999997	0	0.369402701193997
1.27299999999997	0	-2.15229497092459
1.27399999999997	0	0.668900219881548
1.27499999999997	0	5.20623579932905
1.27599999999997	0	4.61957207757532
1.27699999999997	0	-0.0687121657477255
1.27799999999997	0	-2.59823613680921
1.27899999999997	0	0.30243336713514
1.27999999999997	0	3.36779805396121
1.28099999999997	0	4.3003090617631
1.28199999999997	0	0.0628549839778544
1.28299999999997	0	-2.44327757579814
1.28399999999997	0	0.363534400673324
1.28499999999997	0	5.32118074757484
1.28599999999997	0	3.950385057609
1.28699999999997	0	-0.639950657123247
1.28799999999997	0	-3.24037721953549
1.28899999999997	0	-0.924434348186916
1.28999999999997	0	2.18540225371392
1.29099999999997	0	3.44842523511736
1.29199999999997	0	-0.689477313340448
1.29299999999997	0	-3.70375762909116
1.29399999999997	0	-0.0695990597540951
1.29499999999997	0	3.1693742231292
1.29599999999997	0	3.54470377872168
1.29699999999997	0	-1.36009632313115
1.29799999999997	0	-4.29847178674705
1.29899999999997	0	-2.55622571979493
1.29999999999997	0	1.8743421675691
1.30099999999997	0	2.62208431936782
1.30199999999997	0	-1.00388439114797
1.30299999999997	0	-3.56697873582364
1.30399999999997	0	-0.923797942089687
1.30499999999997	0	4.39109617387433
1.30599999999997	0	3.83328773032807
1.30699999999997	0	-0.559061535294576
1.30799999999997	0	-3.60791127026701
1.30899999999997	0	-0.453438415676759
1.30999999999997	0	3.65704975499995
1.31099999999997	0	3.69787373328223
1.31199999999997	0	0.351077437123997
1.31299999999997	0	-2.18815567101848
1.31399999999997	0	0.633308904028419
1.31499999999997	0	5.15891658213332
1.31599999999997	0	4.67441953555386
1.31699999999997	0	-0.0197358381496361
1.31799999999997	0	-2.66682801863289
1.31899999999997	0	0.286298160382304
1.31999999999997	0	3.32277211048695
1.32099999999997	0	4.29521367490172
1.32199999999997	0	0.0335009861560233
1.32299999999997	0	-2.45135064916918
1.32399999999996	0	0.275176018554566
1.32499999999996	0	5.3089071153514
1.32599999999996	0	3.99266089686929
1.32699999999996	0	-0.593768951607533
1.32799999999996	0	-3.24620336102459
1.32899999999996	0	-0.946016798729864
1.32999999999996	0	2.21662803621102
1.33099999999996	0	3.48338386520608
1.33199999999996	0	-0.676428387292292
1.33299999999996	0	-3.69506249805819
1.33399999999996	0	-0.0170885750763159
1.33499999999996	0	3.12974321373757
1.33599999999996	0	3.56119980872694
1.33699999999996	0	-1.2889344996703
1.33799999999996	0	-4.29948268483165
1.33899999999996	0	-2.54445006771258
1.33999999999996	0	1.81545513130153
1.34099999999996	0	2.62062035509132
1.34199999999996	0	-0.964306974568526
1.34299999999996	0	-3.56002186237893
1.34399999999996	0	-0.884164965722092
1.34499999999996	0	4.40096390675824
1.34599999999996	0	3.88235756974848
1.34699999999996	0	-0.495513183874551
1.34799999999996	0	-3.65811895725751
1.34899999999996	0	-0.491588677723928
1.34999999999996	0	3.70530901377752
1.35099999999996	0	3.70581143404195
1.35199999999996	0	0.330447920157035
1.35299999999996	0	-2.22798854365711
1.35399999999996	0	0.578514573335741
1.35499999999996	0	5.11014460514304
1.35599999999996	0	4.72824674961626
1.35699999999996	0	0.031368421340844
1.35799999999996	0	-2.74122858489144
1.35899999999996	0	0.251741576520107
1.35999999999996	0	3.2629795132723
1.36099999999996	0	4.28830183885524
1.36199999999996	0	-0.00182352050905298
1.36299999999996	0	-2.46663389107339
1.36399999999996	0	0.172044170687596
1.36499999999996	0	5.28338927932049
1.36599999999996	0	4.03398806761563
1.36699999999996	0	-0.556823636518548
1.36799999999996	0	-3.30488342128991
1.36899999999996	0	-0.979539249635198
1.36999999999996	0	2.23117952031411
1.37099999999996	0	3.5169198527893
1.37199999999996	0	-0.661284609169442
1.37299999999996	0	-3.67594260977
1.37399999999996	0	0.0346022409114089
1.37499999999996	0	3.11283188268912
1.37599999999996	0	3.59758576447947
1.37699999999996	0	-1.1933934641553
1.37799999999996	0	-4.28867035168405
1.37899999999996	0	-2.5178573616088
1.37999999999996	0	1.77287058214402
1.38099999999996	0	2.64866474247408
1.38199999999996	0	-0.906878870326722
1.38299999999996	0	-3.53616423969877
1.38399999999996	0	-0.828603329455331
1.38499999999996	0	4.41532239893132
1.38599999999996	0	3.95260592384342
1.38699999999996	0	-0.418802510558614
1.38799999999996	0	-3.70548278350045
1.38899999999996	0	-0.535321309279689
1.38999999999996	0	3.75253556961135
1.39099999999996	0	3.7405913820659
1.39199999999996	0	0.306872040083146
1.39299999999996	0	-2.27255965499927
1.39399999999996	0	0.50195593542932
1.39499999999996	0	5.05344799874049
1.39599999999996	0	4.7736794143193
1.39699999999996	0	0.0649917447589002
1.39799999999996	0	-2.8272662597367
1.39899999999996	0	0.204822229588492
1.39999999999996	0	3.18162490560926
1.40099999999996	0	4.27149002358888
1.40199999999996	0	-0.0478250274167633
1.40299999999996	0	-2.49811956232903
1.40399999999996	0	0.0478619015498584
1.40499999999996	0	5.23759394914822
1.40599999999996	0	4.06740206522262
1.40699999999996	0	-0.533794794289284
1.40799999999996	0	-3.39331721473582
1.40899999999996	0	-1.02987097470126
1.40999999999996	0	2.23352456880918
1.41099999999996	0	3.54474193554731
1.41199999999996	0	-0.64673876320176
1.41299999999996	0	-3.65150845110673
1.41399999999996	0	0.079426648964158
1.41499999999995	0	3.10528142480106
1.41599999999995	0	3.65036594226885
1.41699999999995	0	-1.08999003580422
1.41799999999995	0	-4.26623347412887
1.41899999999995	0	-2.45254778665746
1.41999999999995	0	1.74956090397889
1.42099999999995	0	2.69337114559141
1.42199999999995	0	-0.82885953490006
1.42299999999995	0	-3.42726365998176
1.42399999999995	0	-0.752085125123507
1.42499999999995	0	4.43870448055647
1.42599999999995	0	4.04505886733619
1.42699999999995	0	-0.333931779679275
1.42799999999995	0	-3.74901132084464
1.42899999999995	0	-0.583517134283784
1.42999999999995	0	3.79661901289259
1.43099999999995	0	3.77649505512053
1.43199999999995	0	0.273363784446429
1.43299999999995	0	-2.32323909216126
1.43399999999995	0	0.404076151206438
1.43499999999995	0	4.98037344012959
1.43599999999995	0	4.80732491929391
1.43699999999995	0	0.0798181831232235
1.43799999999995	0	-2.92582087235337
1.43899999999995	0	0.137054793923228
1.43999999999995	0	3.08004403910111
1.44099999999995	0	4.23872597401144
1.44199999999995	0	-0.103868721566572
1.44299999999995	0	-2.54570144706537
1.44399999999995	0	-0.0943078730169714
1.44499999999995	0	5.18451843522314
1.44599999999995	0	4.09339255366979
1.44699999999995	0	-0.522617360912771
1.44799999999995	0	-3.48597474175437
1.44899999999995	0	-1.09338804496438
1.44999999999995	0	2.22557488897681
1.45099999999995	0	3.56818941857425
1.45199999999995	0	-0.641894686891934
1.45299999999995	0	-3.62236561482249
1.45399999999995	0	0.117535249190907
1.45499999999995	0	3.10876881645229
1.45599999999995	0	3.72908197068899
1.45699999999995	0	-0.980336575050448
1.45799999999995	0	-4.23363677693123
1.45899999999995	0	-2.36921368422902
1.45999999999995	0	1.74546242249875
1.46099999999995	0	2.75439085918675
1.46199999999995	0	-0.732030948338422
1.46299999999995	0	-3.29245533088305
1.46399999999995	0	-0.666360942984333
1.46499999999995	0	4.47030309254665
1.46599999999995	0	4.16166960589826
1.46699999999995	0	-0.245675696432593
1.46799999999995	0	-3.78435857504055
1.46899999999995	0	-0.628331774828189
1.46999999999995	0	3.84621082620782
1.47099999999995	0	3.82062752036693
1.47199999999995	0	0.247442117715779
1.47299999999995	0	-2.37185193257479
1.47399999999995	0	0.296995605418725
1.47499999999995	0	4.90065565738795
1.47599999999995	0	4.83769743626807
1.47699999999995	0	0.0842810582176946
1.47799999999995	0	-3.03000228337253
1.47899999999995	0	0.0501929715936791
1.47999999999995	0	2.96406270395982
1.48099999999995	0	4.1957631971437
1.48199999999995	0	-0.166258144461862
1.48299999999995	0	-2.5937448941741
1.48399999999995	0	-0.250472062516926
1.48499999999995	0	5.11627631389726
1.48599999999995	0	4.11221277180244
1.48699999999995	0	-0.523086219097949
1.48799999999995	0	-3.58415250257462
1.48899999999995	0	-1.17194517226369
1.48999999999995	0	2.20288729498477
1.49099999999995	0	3.58382652124938
1.49199999999995	0	-0.639729171893318
1.49299999999995	0	-3.59650737810156
1.49399999999995	0	0.141350288084452
1.49499999999995	0	3.11596668516996
1.49599999999995	0	3.77642633423347
1.49699999999995	0	-0.870576058137252
1.49799999999995	0	-4.19606238408131
1.49899999999995	0	-2.28217246410688
1.49999999999995	0	1.76189944740989
1.50099999999995	0	2.83096251210687
1.50199999999995	0	-0.617562116381738
1.50299999999995	0	-3.13347657335406
1.50399999999995	0	-0.570366372221061
1.50499999999995	0	4.51007171108424
1.50599999999994	0	4.30509480992874
1.50699999999994	0	-0.151976412099011
1.50799999999994	0	-3.8066075728764
1.50899999999994	0	-0.662867624017791
1.50999999999994	0	3.90923918505596
1.51099999999994	0	3.87970594287911
1.51199999999994	0	0.215601637688466
1.51299999999994	0	-2.41056033396791
1.51399999999994	0	0.190639287731828
1.51499999999994	0	4.82375918304051
1.51599999999994	0	4.87159953364742
1.51699999999994	0	0.0866565413991837
1.51799999999994	0	-3.1328058782157
1.51899999999994	0	-0.0432824360230248
1.51999999999994	0	2.8421488834307
1.52099999999994	0	4.14881181909872
1.52199999999994	0	-0.23113133392876
1.52299999999994	0	-2.64970509566654
1.52399999999994	0	-0.416799032656343
1.52499999999994	0	5.0360827163808
1.52599999999994	0	4.12557071005933
1.52699999999994	0	-0.533617375769294
1.52799999999994	0	-3.68831168131584
1.52899999999994	0	-1.2426490036746
1.52999999999994	0	2.16329374395793
1.53099999999994	0	3.58956588020508
1.53199999999994	0	-0.640554879116319
1.53299999999994	0	-3.58046733626951
1.53399999999994	0	0.145761954090682
1.53499999999994	0	3.11991710489129
1.53599999999994	0	3.82092152402151
1.53699999999994	0	-0.76924228490416
1.53799999999994	0	-4.16304745403979
1.53899999999994	0	-2.20682575844779
1.53999999999994	0	1.80789849470153
1.54099999999994	0	2.91323640478139
1.54199999999994	0	-0.496820787427986
1.54299999999994	0	-2.97032623973395
1.54399999999994	0	-0.513549324048627
1.54499999999994	0	4.54437710766763
1.54599999999994	0	4.45622667394539
1.54699999999994	0	-0.0616763294137152
1.54799999999994	0	-3.81788137856003
1.54899999999994	0	-0.691425916306057
1.54999999999994	0	3.94893813887888
1.55099999999994	0	3.95321116337552
1.55199999999994	0	0.182047756678724
1.55299999999994	0	-2.43527580603144
1.55399999999994	0	0.0956555117928611
1.55499999999994	0	4.75899066656344
1.55599999999994	0	4.91874684787201
1.55699999999994	0	0.0974080852166263
1.55799999999994	0	-3.22272714155083
1.55899999999994	0	-0.124357828825445
1.55999999999994	0	2.7295197268478
1.56099999999994	0	4.1119923901747
1.56199999999994	0	-0.287191194626537
1.56299999999994	0	-2.69562749178844
1.56399999999994	0	-0.577939964019982
1.56499999999994	0	4.96061382548995
1.56599999999994	0	4.14831230141626
1.56699999999994	0	-0.508199163713392
1.56799999999994	0	-3.79154569537154
1.56899999999994	0	-1.29349839748903
1.56999999999994	0	2.11236002915694
1.57099999999994	0	3.58810975927417
1.57199999999994	0	-0.644901643336934
1.57299999999994	0	-3.57810662898947
1.57399999999994	0	0.120953223532543
1.57499999999994	0	3.11710307564668
1.57599999999994	0	3.86305050725312
1.57699999999994	0	-0.686233589516006
1.57799999999994	0	-4.14145470610294
1.57899999999994	0	-2.16250030289984
1.57999999999994	0	1.84070839357577
1.58099999999994	0	2.98651456191853
1.58199999999994	0	-0.400257283294663
1.58299999999994	0	-2.82398320705895
1.58399999999994	0	-0.483812179246542
1.58499999999994	0	4.55706043622479
1.58599999999994	0	4.59593056330787
1.58699999999994	0	0.0144059590735299
1.58799999999994	0	-3.8266763300192
1.58899999999994	0	-0.722379056969073
1.58999999999994	0	3.95431705984796
1.59099999999994	0	4.03569186934412
1.59199999999994	0	0.155695763077751
1.59299999999994	0	-2.44694296296014
1.59399999999994	0	0.0271894401555226
1.59499999999994	0	4.70957234391386
1.59599999999994	0	4.98709154198829
1.59699999999993	0	0.12049336651662
1.59799999999993	0	-3.2935288120971
1.59899999999993	0	-0.184038786802948
1.59999999999993	0	2.61641232956583
1.60099999999993	0	4.09491862503209
1.60199999999993	0	-0.326373840202133
1.60299999999993	0	-2.71919475843117
1.60399999999993	0	-0.722454808846111
1.60499999999993	0	4.90255826095347
1.60599999999993	0	4.1931248751667
1.60699999999993	0	-0.475910056564798
1.60799999999993	0	-3.8861485141206
1.60899999999993	0	-1.34151632604623
1.60999999999993	0	2.06199456118052
1.61099999999993	0	3.59018562463994
1.61199999999993	0	-0.645007967272465
1.61299999999993	0	-3.57923854992144
1.61399999999993	0	0.0787348073935188
1.61499999999993	0	3.10450141269043
1.61599999999993	0	3.9098013086095
1.61699999999993	0	-0.613666954234449
1.61799999999993	0	-4.12889189199857
1.61899999999993	0	-2.14045804169529
1.61999999999993	0	1.86482517713184
1.62099999999993	0	3.05376208804661
1.62199999999993	0	-0.31363208459419
1.62299999999993	0	-2.69200964802791
1.62399999999993	0	-0.480964789943736
1.62499999999993	0	4.54635906611312
1.62599999999993	0	4.73036743963347
1.62699999999993	0	0.0737212517119662
1.62799999999993	0	-3.83819227198998
1.62899999999993	0	-0.762852663955862
1.62999999999993	0	3.94864077901867
1.63099999999993	0	4.11746872960877
1.63199999999993	0	0.129960280752843
1.63299999999993	0	-2.45807330737155
1.63399999999993	0	-0.0418974017769399
1.63499999999993	0	4.66227244576014
1.63599999999993	0	5.06248832719209
1.63699999999993	0	0.144205323890922
1.63799999999993	0	-3.31135810563861
1.63899999999993	0	-0.239915215233514
1.63999999999993	0	2.50752768124629
1.64099999999993	0	4.08738772756073
1.64199999999993	0	-0.356085398023021
1.64299999999993	0	-2.73298350603634
1.64399999999993	0	-0.857059367311486
1.64499999999993	0	4.85086824622717
1.64599999999993	0	4.2508889183885
1.64699999999993	0	-0.442325170452173
1.64799999999993	0	-3.9764044839288
1.64899999999993	0	-1.39379711610834
1.64999999999993	0	2.00810576632168
1.65099999999993	0	3.60142555633278
1.65199999999993	0	-0.641227944844865
1.65299999999993	0	-3.58416431395444
1.65399999999993	0	0.0209963977590511
1.65499999999993	0	3.09827049742282
1.65599999999993	0	3.9649599291247
1.65699999999993	0	-0.547157393882452
1.65799999999993	0	-4.12128636754473
1.65899999999993	0	-2.13285928718122
1.65999999999993	0	1.88689309576207
1.66099999999993	0	3.12027875972083
1.66199999999993	0	-0.226965189210067
1.66299999999993	0	-2.57347011089871
1.66399999999993	0	-0.496845839036963
1.66499999999993	0	4.51860579151613
1.66599999999993	0	4.86441578952777
1.66699999999993	0	0.121583762675785
1.66799999999993	0	-3.84797434902104
1.66899999999993	0	-0.807194805633361
1.66999999999993	0	3.93552917408785
1.67099999999993	0	4.19917696688024
1.67199999999993	0	0.10675412861828
1.67299999999993	0	-2.46809304370167
1.67399999999993	0	-0.112185898197882
1.67499999999993	0	4.61727961350516
1.67599999999993	0	5.1429344333054
1.67699999999993	0	0.166338198829596
1.67799999999993	0	-3.31770433089267
1.67899999999993	0	-0.296237349642879
1.67999999999993	0	2.40086531925381
1.68099999999993	0	4.08800008357998
1.68199999999993	0	-0.370026045706144
1.68299999999993	0	-2.73939538288495
1.68399999999993	0	-0.973700790286036
1.68499999999993	0	4.80355669697123
1.68599999999993	0	4.32045137851922
1.68699999999993	0	-0.409114670604292
1.68799999999992	0	-4.062553544045
1.68899999999992	0	-1.45170537397959
1.68999999999992	0	1.95006264500114
1.69099999999992	0	3.62142593810826
1.69199999999992	0	-0.633158836091541
1.69299999999992	0	-3.59295301930332
1.69399999999992	0	-0.0508452537930599
1.69499999999992	0	3.09399954541371
1.69599999999992	0	4.02912201785617
1.69699999999992	0	-0.485510316127821
1.69799999999992	0	-4.11760234464948
1.69899999999992	0	-2.09982306960771
1.69999999999992	0	1.9069610384771
1.70099999999992	0	3.18581451813354
1.70199999999992	0	-0.140918286660103
1.70299999999992	0	-2.53011000213157
1.70399999999992	0	-0.530359492498834
1.70499999999992	0	4.47386494070728
1.70599999999992	0	4.99771540711322
1.70699999999992	0	0.175733844588266
1.70799999999992	0	-3.85437086751894
1.70899999999992	0	-0.852525563212089
1.70999999999992	0	3.91673856219645
1.71099999999992	0	4.2862314940156
1.71199999999992	0	0.0885970967447365
1.71299999999992	0	-2.47508257237997
1.71399999999992	0	-0.181319056538893
1.71499999999992	0	4.58973315780569
1.71599999999992	0	5.22972331344438
1.71699999999992	0	0.187436294993056
1.71799999999992	0	-3.31239179784467
1.71899999999992	0	-0.352803607828183
1.71999999999992	0	2.29568603803426
1.72099999999992	0	4.096585050315
1.72199999999992	0	-0.367529614320247
1.72299999999992	0	-2.74060348194737
1.72399999999992	0	-1.08707851861104
1.72499999999992	0	4.75906492551145
1.72599999999992	0	4.4116056834059
1.72699999999992	0	-0.378606506238059
1.72799999999992	0	-4.13790254612578
1.72899999999992	0	-1.51869893321232
1.72999999999992	0	1.8850906034727
1.73099999999992	0	3.64445759704501
1.73199999999992	0	-0.622976857816577
1.73299999999992	0	-3.60862472732167
1.73399999999992	0	-0.138962263379234
1.73499999999992	0	3.08021040383276
1.73599999999992	0	4.09876244384461
1.73699999999992	0	-0.429784762851419
1.73799999999992	0	-4.11977395414718
1.73899999999992	0	-2.06083710464077
1.73999999999992	0	1.92362357093049
1.74099999999992	0	3.25366161835685
1.74199999999992	0	-0.0549775356382376
1.74299999999992	0	-2.50573555587328
1.74399999999992	0	-0.579507696199198
1.74499999999992	0	4.40867610353713
1.74599999999992	0	5.12917861531628
1.74699999999992	0	0.224385382822138
1.74799999999992	0	-3.85713218541203
1.74899999999992	0	-0.891359644252491
1.74999999999992	0	3.89189859065596
1.75099999999992	0	4.37228336697305
1.75199999999992	0	0.0761039456796525
1.75299999999992	0	-2.48146837357837
1.75399999999992	0	-0.25038871900928
1.75499999999992	0	4.58228929352323
1.75599999999992	0	5.32132498805177
1.75699999999992	0	0.206484353709829
1.75799999999992	0	-3.30278747032496
1.75899999999992	0	-0.41112509210538
1.75999999999992	0	2.1910792143361
1.76099999999992	0	4.11287260873302
1.76199999999992	0	-0.355727115674533
1.76299999999992	0	-2.73785218252388
1.76399999999992	0	-1.19699287638264
1.76499999999992	0	4.71751537429475
1.76599999999992	0	4.48195341498968
1.76699999999992	0	-0.348335842646451
1.76799999999992	0	-4.18364804680427
1.76899999999992	0	-1.59099630716374
1.76999999999992	0	1.81769015360492
1.77099999999992	0	3.67500033913681
1.77199999999992	0	-0.60689775386444
1.77299999999992	0	-3.62650415743465
1.77399999999992	0	-0.237114631011332
1.77499999999992	0	3.06254460328197
1.77599999999992	0	4.17842787701867
1.77699999999992	0	-0.375998561061245
1.77799999999991	0	-4.12335112219132
1.77899999999991	0	-2.0277021469254
1.77999999999991	0	1.9416777503086
1.78099999999991	0	3.32657883444754
1.78199999999991	0	0.0346566826776033
1.78299999999991	0	-2.47995233700371
1.78399999999991	0	-0.639862740480155
1.78499999999991	0	4.32843802115741
1.78599999999991	0	5.25997298668937
1.78699999999991	0	0.268413956975849
1.78799999999991	0	-3.85654080434522
1.78899999999991	0	-0.927890328704082
1.78999999999991	0	3.85839748235404
1.79099999999991	0	4.4540640382419
1.79199999999991	0	0.0680888296381721
1.79299999999991	0	-2.49349432772962
1.79399999999991	0	-0.324245639415323
1.79499999999991	0	4.5750843112126
1.79599999999991	0	5.41321419709295
1.79699999999991	0	0.240422338883201
1.79799999999991	0	-3.29392762546602
1.79899999999991	0	-0.422366833852856
1.79999999999991	0	2.081853220679
1.80099999999991	0	4.13163930412589
1.80199999999991	0	-0.339627024201163
1.80299999999991	0	-2.73966790806613
1.80399999999991	0	-1.31092295607955
1.80499999999991	0	4.67038969799267
1.80599999999991	0	4.55318244355322
1.80699999999991	0	-0.326262053610149
1.80799999999991	0	-4.23127334106969
1.80899999999991	0	-1.67736692227689
1.80999999999991	0	1.74798382667877
1.81099999999991	0	3.70531057976273
1.81199999999991	0	-0.591042763899808
1.81299999999991	0	-3.65283245787713
1.81399999999991	0	-0.350197878513426
1.81499999999991	0	3.03462873367478
1.81599999999991	0	4.26159865515358
1.81699999999991	0	-0.327202847866074
1.81799999999991	0	-4.13004101881847
1.81899999999991	0	-2.00064679117348
1.81999999999991	0	1.96054947210269
1.82099999999991	0	3.40567699414288
1.82199999999991	0	0.13000825706568
1.82299999999991	0	-2.44964644125935
1.82399999999991	0	-0.705683045096781
1.82499999999991	0	4.23877391988545
1.82599999999991	0	5.39507488965289
1.82699999999991	0	0.313178948784666
1.82799999999991	0	-3.84617793986058
1.82899999999991	0	-0.957076412209522
1.82999999999991	0	3.82396957454896
1.83099999999991	0	4.53786620926377
1.83199999999991	0	0.0702611859411109
1.83299999999991	0	-2.49824639240369
1.83399999999991	0	-0.396245031829871
1.83499999999991	0	4.57387853693857
1.83599999999991	0	5.51009893184542
1.83699999999991	0	0.320610713983759
1.83799999999991	0	-3.28202199251958
1.83899999999991	0	-0.427383900869548
1.83999999999991	0	1.96848144707659
1.84099999999991	0	4.15246463576151
1.84199999999991	0	-0.320070335192464
1.84299999999991	0	-2.74756847053544
1.84399999999991	0	-1.4303646935947
1.84499999999991	0	4.61488197028253
1.84599999999991	0	4.62177374429055
1.84699999999991	0	-0.310708745047086
1.84799999999991	0	-4.28371208227117
1.84899999999991	0	-1.78059133096859
1.84999999999991	0	1.67354492682786
1.85099999999991	0	3.73056623088725
1.85199999999991	0	-0.580049350035919
1.85299999999991	0	-3.69106834718094
1.85399999999991	0	-0.421772438466507
1.85499999999991	0	2.99178024593217
1.85599999999991	0	4.33974017473643
1.85699999999991	0	-0.28891132708168
1.85799999999991	0	-4.14568234160785
1.85899999999991	0	-1.9881309794025
1.85999999999991	0	1.97025301487753
1.86099999999991	0	3.47834122745827
1.86199999999991	0	0.211726631478533
1.86299999999991	0	-2.42229514313508
1.86399999999991	0	-0.78051390843211
1.86499999999991	0	4.13760341342084
1.86599999999991	0	5.52628652953737
1.86699999999991	0	0.355621322987076
1.86799999999991	0	-3.82907349209064
1.8689999999999	0	-0.981100688478367
1.8699999999999	0	3.77119982887902
1.8709999999999	0	4.62247989861851
1.8719999999999	0	0.084827273520849
1.8729999999999	0	-2.49333258161468
1.8739999999999	0	-0.462674753901445
1.8749999999999	0	4.58500169425367
1.8759999999999	0	5.61723221132869
1.8769999999999	0	0.402247128058693
1.8779999999999	0	-3.25879243589725
1.8789999999999	0	-0.425814191357227
1.8799999999999	0	1.86184406298715
1.8809999999999	0	4.18385289038651
1.8819999999999	0	-0.285919494011574
1.8829999999999	0	-2.74062339124162
1.8839999999999	0	-1.53982096141663
1.8849999999999	0	4.56663918913404
1.8859999999999	0	4.70347744001841
1.8869999999999	0	-0.296698080654714
1.8879999999999	0	-4.32957841780699
1.8889999999999	0	-1.88761607591724
1.8899999999999	0	1.59795062897698
1.8909999999999	0	3.75974073297094
1.8919999999999	0	-0.567061529704154
1.8929999999999	0	-3.73451642607882
1.8939999999999	0	-0.466618997873992
1.8949999999999	0	2.93883099298359
1.8959999999999	0	4.41497301360549
1.8969999999999	0	-0.259362875023086
1.8979999999999	0	-4.17666301448014
1.8989999999999	0	-1.9908972560726
1.8999999999999	0	1.96715104222372
1.9009999999999	0	3.54101709996379
1.9019999999999	0	0.234652655324075
1.9029999999999	0	-2.40259545802227
1.9039999999999	0	-0.867244179395418
1.9049999999999	0	4.02308069698774
1.9059999999999	0	5.64922501089437
1.9069999999999	0	0.393245570706683
1.9079999999999	0	-3.80912974445976
1.9089999999999	0	-1.00442996394949
1.9099999999999	0	3.67365252996619
1.9109999999999	0	4.70601035312045
1.9119999999999	0	0.112466041115315
1.9129999999999	0	-2.47861821488083
1.9139999999999	0	-0.506525861971357
1.9149999999999	0	4.61100418684329
1.9159999999999	0	5.73731293063569
1.9169999999999	0	0.486205373871752
1.9179999999999	0	-3.22280170793325
1.9189999999999	0	-0.413529717593096
1.9199999999999	0	1.76475306945962
1.9209999999999	0	4.23153569502514
1.9219999999999	0	-0.233036693465786
1.9229999999999	0	-2.71849471658488
1.9239999999999	0	-1.63546779388998
1.9249999999999	0	4.51854889849966
1.9259999999999	0	4.8031906403439
1.9269999999999	0	-0.266523255408155
1.9279999999999	0	-4.36518737604971
1.9289999999999	0	-1.99553617147867
1.9299999999999	0	1.52351450405794
1.9309999999999	0	3.79548327233289
1.9319999999999	0	-0.549932351514387
1.9329999999999	0	-3.78210595236569
1.9339999999999	0	-0.527349103886762
1.9349999999999	0	2.87609639578711
1.9359999999999	0	4.49398450315443
1.9369999999999	0	-0.237069387382931
1.9379999999999	0	-4.21525090944696
1.9389999999999	0	-2.00642780090772
1.9399999999999	0	1.94186467138606
1.9409999999999	0	3.59604682559707
1.9419999999999	0	0.253120731165377
1.9429999999999	0	-2.39177250266537
1.9439999999999	0	-0.967540890085252
1.9449999999999	0	3.89449667028198
1.9459999999999	0	5.76083938205917
1.9469999999999	0	0.423893317459218
1.9479999999999	0	-3.79770516058196
1.9489999999999	0	-1.03251436730646
1.9499999999999	0	3.56045271094834
1.9509999999999	0	4.78157028606188
1.9519999999999	0	0.146607923744652
1.9529999999999	0	-2.46157653485464
1.9539999999999	0	-0.546206038222684
1.9549999999999	0	4.64216465549788
1.9559999999999	0	5.85898815678747
1.9569999999999	0	0.564248234730418
1.9579999999999	0	-3.19106759511383
1.9589999999999	0	-0.39959084006936
1.95999999999989	0	1.67188865004884
1.96099999999989	0	4.29191430251654
1.96199999999989	0	-0.164566202161625
1.96299999999989	0	-2.68547260712039
1.96399999999989	0	-1.71973723075288
1.96499999999989	0	4.4433822070538
1.96599999999989	0	4.92134214906437
1.96699999999989	0	-0.217550043541668
1.96799999999989	0	-4.38590858335252
1.96899999999989	0	-2.09899328538769
1.96999999999989	0	1.45742744026637
1.97099999999989	0	3.84675075382444
1.97199999999989	0	-0.520126824579516
1.97299999999989	0	-3.82497256405304
1.97399999999989	0	-0.592587546204055
1.97499999999989	0	2.814814579977
1.97599999999989	0	4.58678009270593
1.97699999999989	0	-0.2127150113207
1.97799999999989	0	-4.25003357002364
1.97899999999989	0	-2.02051137498677
1.97999999999989	0	1.91306003498964
1.98099999999989	0	3.65173038998291
1.98199999999989	0	0.272799267755357
1.98299999999989	0	-2.38411576203831
1.98399999999989	0	-1.07672159470361
1.98499999999989	0	3.7546488563075
1.98599999999989	0	5.86295394228753
1.98699999999989	0	0.447717073723955
1.98799999999989	0	-3.7914778717695
1.98899999999989	0	-1.07051621894552
1.98999999999989	0	3.42679633411646
1.99099999999989	0	4.84296698457244
1.99199999999989	0	0.181393881437349
1.99299999999989	0	-2.45089602931757
1.99399999999989	0	-0.604348270540409
1.99499999999989	0	4.66710019296592
1.99599999999989	0	5.96027105890329
1.99699999999989	0	0.628483740945593
1.99799999999989	0	-3.19481115790933
1.99899999999989	0	-0.392861113823693
2	0	1.57801446659866
