"Time [s]"	"RingSolidLoss(EndConnection) [kW]"
0	0
0.001	0.238225466128526
0.002	1.24166303536435
0.003	2.82214184056564
0.004	4.6556775365986
0.005	6.57295484954623
0.006	8.19125277000934
0.007	9.35174338998153
0.008	9.89812892127942
0.009	9.94155397347238
0.01	9.43064467503456
0.011	8.5563861622503
0.012	7.54793530179269
0.013	6.55635523948062
0.014	5.52202283187914
0.015	4.62648895895867
0.016	3.73319476675652
0.017	3.0688119775311
0.018	2.55526930593219
0.019	2.22786602590521
0.02	2.13265448870299
0.021	2.19045296069642
0.022	2.34050892782174
0.023	2.56173169586767
0.024	2.81973547517819
0.025	3.23136283085462
0.026	3.97844548562609
0.027	4.82089094478272
0.028	5.38542463702131
0.029	5.81300587389973
0.03	6.79195394332448
0.031	7.20330441442975
0.032	7.14836954839588
0.033	6.7353466731249
0.034	6.02545664594035
0.035	5.10826331638515
0.036	4.32717808973906
0.037	3.83857045507625
0.038	3.49134273642732
0.039	3.23479709051023
0.04	3.13456706091268
0.041	3.35252511329591
0.042	3.59721765203214
0.043	3.82599619665044
0.044	4.12641936012888
0.045	4.26508869246218
0.046	4.27044356193112
0.047	4.26707624499091
0.048	4.24729203955489
0.049	4.14115002487521
0.05	4.16569382143657
0.051	4.16179078672052
0.052	4.0829434576406
0.053	3.8795184875738
0.054	3.62179963512852
0.055	3.4113229653452
0.056	3.30135365953488
0.057	3.3642345594293
0.058	3.418106442989
0.059	3.74574161187893
0.06	4.21883148010925
0.061	4.50670299378936
0.062	5.32106672207117
0.063	5.57842240875183
0.064	6.12931253279074
0.065	6.39262627701231
0.066	6.26761220896547
0.067	6.14317183807536
0.068	5.87810215079673
0.069	5.31790902478897
0.07	4.76024859861373
0.071	3.96531895326645
0.0720000000000001	3.37785502061887
0.0730000000000001	3.01755753225555
0.0740000000000001	2.78336840303361
0.0750000000000001	2.37098530779545
0.0760000000000001	2.22958028573617
0.0770000000000001	2.37298273396683
0.0780000000000001	2.43478913479941
0.0790000000000001	2.7300205227538
0.0800000000000001	3.21035036283999
0.0810000000000001	3.65834108980539
0.0820000000000001	4.34809301376777
0.0830000000000001	4.95795635540989
0.0840000000000001	5.50060350245495
0.0850000000000001	6.11596101039083
0.0860000000000001	6.36420734164952
0.0870000000000001	6.74103220594692
0.0880000000000001	6.60442503139899
0.0890000000000001	6.65937620569437
0.0900000000000001	6.15100140166049
0.0910000000000001	5.86858942397806
0.0920000000000001	5.27594887207772
0.0930000000000001	4.59133463572526
0.0940000000000001	4.03125333643582
0.0950000000000001	3.30762808585419
0.0960000000000001	2.90090225582847
0.0970000000000001	2.4029070977167
0.0980000000000001	2.22483060354581
0.0990000000000001	1.98808598303174
0.1	2.11600874338273
0.101	2.10145525212757
0.102	2.46135576821307
0.103	2.68950852262741
0.104	3.11708281532632
0.105	3.46273097634612
0.106	3.96006815124424
0.107	4.28314697139005
0.108	4.49823140770708
0.109	4.80910296390458
0.11	4.94205011602583
0.111	4.88854996456045
0.112	4.76050079067191
0.113	4.57004911912718
0.114	4.49024633737779
0.115	4.16227605939686
0.116	3.88159503750687
0.117	3.58754797587038
0.118	3.32211285122175
0.119	3.01140999006536
0.12	2.72652821776921
0.121	2.46703024295941
0.122	2.25389497751114
0.123	2.13380800343778
0.124	2.14531263005883
0.125	2.17081382489339
0.126	2.0925034168799
0.127	1.8918492701144
0.128	1.76817988351887
0.129	1.78264451691612
0.13	1.85979277439417
0.131	1.71564099685565
0.132	1.38191153909136
0.133	1.30804844212704
0.134	1.39722107955285
0.135	1.25199553865326
0.136	0.900753812067054
0.137	0.864784619460581
0.138	0.947143507542076
0.139	0.814864517547634
0.14	0.52965209367164
0.141	0.577728617618436
0.142	0.668519077048489
0.143	0.578170998400457
0.144	0.378241629952598
0.145	0.417310046197059
0.146	0.538338327026445
0.147	0.522664467158538
0.148	0.393043908929273
0.149	0.28459940291724
0.15	0.403203272583005
0.151	0.474897184403057
0.152	0.444983882764322
0.153	0.342411292569879
0.154	0.217850724345149
0.155	0.219887999582271
0.156	0.285882262962847
0.157	0.308863312567575
0.158	0.284507691785097
0.159	0.228803579187063
0.16	0.155855746769394
0.161	0.11069114804102
0.162	0.128222556849683
0.163	0.174441254938705
0.164	0.215970699888018
0.165	0.237030637030324
0.166	0.238905413409348
0.167	0.213904821435458
0.168	0.177503367873735
0.169	0.171827579312666
0.17	0.212995423776744
0.171	0.270057893466973
0.172	0.302695268200757
0.173	0.288668471928345
0.174	0.233384809002763
0.175	0.184446427556029
0.176	0.191907842451831
0.177	0.241810187096087
0.178	0.253878622234199
0.179	0.207893613497441
0.18	0.144663238258634
0.181	0.143362141014494
0.182	0.181161489226863
0.183	0.190279803674314
0.184	0.14444068487126
0.185	0.0940482677810704
0.186	0.102819362961525
0.187	0.137254015783741
0.188	0.132683451738658
0.189	0.0902770340441007
0.19	0.0584781850843232
0.191	0.0774206706273011
0.192	0.103104782117615
0.193	0.100228080717616
0.194	0.0692449135607696
0.195	0.0434986316706485
0.196	0.0547484124421694
0.197	0.0812166149648686
0.198	0.0912684343322065
0.199	0.0821663701271118
0.2	0.0611763228388137
0.201	0.0538631180859452
0.202	0.0737777213167263
0.203	0.10669198829519
0.204	0.131373067802357
0.205	0.137985319852366
0.206	0.130404594074314
0.207	0.11870754772236
0.208	0.124425050073329
0.209	0.152552915548382
0.21	0.193585724901669
0.211	0.222251816313142
0.212	0.223978052361923
0.213	0.204484115310375
0.214	0.183290649477197
0.215	0.193914819904007
0.216	0.220887380760405
0.217	0.250385015512547
0.218	0.238474877199854
0.219	0.200305042583166
0.22	0.175086507746694
0.221	0.1873288379816
0.222	0.207547403613529
0.223	0.202977956482526
0.224	0.160161774243965
0.225	0.124933711297076
0.226	0.135657173035277
0.227	0.156201742944489
0.228	0.144690781623941
0.229	0.104277767978334
0.23	0.0803278762237173
0.231	0.0921864789024666
0.232	0.109909375002885
0.233	0.10087890693191
0.234	0.0707247267429361
0.235	0.0523005506070829
0.236	0.0680812166055332
0.237	0.0886559904823092
0.238	0.0889079927199081
0.239	0.0717180169034978
0.24	0.0536272093876053
0.241	0.059951290842551
0.242	0.0832447060413418
0.243	0.102855122382998
0.244	0.104412923809044
0.245	0.0899650463316783
0.246	0.0776291421203921
0.247	0.0885408067527199
0.248	0.114838399708624
0.249	0.1416319680368
0.25	0.149175455168235
0.251	0.13719409374178
0.252	0.118503922450954
0.253	0.124112619667236
0.254	0.148957152181603
0.255	0.175897088070798
0.256	0.186823171752129
0.257	0.169420448739351
0.258	0.144592261368662
0.259	0.143837487383053
0.26	0.168167976243332
0.261	0.189561560798592
0.262	0.184566387028447
0.263	0.153736542991718
0.264	0.128842420843077
0.265	0.138512956767003
0.266	0.159499563322891
0.267	0.162167977076928
0.268	0.132376603457573
0.269	0.101759840720529
0.27	0.106865048887895
0.271	0.125710002311961
0.272	0.131056478561246
0.273	0.108270897595301
0.274	0.0787781874491077
0.275	0.0768023232247424
0.276	0.0986196916793086
0.277	0.110860394715811
0.278	0.0974450691924164
0.279	0.0735348044605775
0.28	0.0660861337257001
0.281	0.0837883831331643
0.282	0.1049414791944
0.283	0.107878969176205
0.284	0.0918882701957933
0.285	0.0741924653558784
0.286	0.0805096865608549
0.287	0.104715449435033
0.288	0.124936963372265
0.289	0.129520996153729
0.29	0.111354557941355
0.291	0.0976750267859795
0.292	0.102830267730651
0.293	0.130640569684657
0.294	0.155366358639273
0.295	0.155583762632861
0.296	0.138187385201824
0.297	0.119159958356645
0.298	0.127983993276768
0.299	0.148647603620187
0.3	0.171051290929929
0.301	0.1634734368295
0.302	0.137268051825655
0.303	0.123022387464661
0.304	0.13589057831328
0.305	0.155397189537685
0.306	0.160532760259855
0.307	0.137896159268274
0.308	0.109603895406406
0.309	0.111207447855467
0.31	0.133359738012373
0.311	0.144661917474345
0.312	0.128719376920571
0.313	0.0993786171187987
0.314	0.0897658891711237
0.315	0.104490562518493
0.316	0.123594036072695
0.317	0.117896791799817
0.318	0.09229976575124
0.319	0.076463145387089
0.32	0.0883288243245437
0.321	0.110069261938632
0.322	0.11770027927971
0.323	0.102880550160112
0.324	0.0781483013307075
0.325	0.0775384142006193
0.326	0.100642606019652
0.327	0.12237546048858
0.328	0.122565434415744
0.329	0.105412060294179
0.33	0.0887728317122638
0.331	0.0971435645526278
0.332	0.117997171107225
0.333	0.138361652102669
0.334	0.137556893021577
0.335	0.116274864694555
0.336	0.101016479386351
0.337	0.116517978721462
0.338	0.136948309274672
0.339	0.155310723404695
0.34	0.142725859823401
0.341	0.120696560399906
0.342	0.109501511908536
0.343	0.127572036991949
0.344	0.152239237391534
0.345	0.156165661587151
0.346	0.137074296118857
0.347	0.109941111040588
0.348	0.109447215334606
0.349	0.130123293643213
0.35	0.14889549110972
0.351	0.139490600270732
0.352	0.110746678078127
0.353	0.0963269530975604
0.354	0.113783562775471
0.355	0.132303843937136
0.356	0.135110432923649
0.357	0.1121548433732
0.358	0.0890579995088715
0.359	0.0929370386073533
0.36	0.116107686144603
0.361	0.129977543600929
0.362	0.118797963008691
0.363	0.0943180804136582
0.364	0.0827779681551903
0.365	0.100053661596629
0.366	0.12352794729332
0.367	0.1276761882513
0.368	0.108643196816237
0.369	0.0884976937075538
0.37	0.0943228020504506
0.371	0.114307456607119
0.372	0.133066737526153
0.373	0.129354798793452
0.374	0.107508520703529
0.375	0.0924355470575346
0.376	0.105974991474949
0.377	0.132446377430846
0.378	0.143176538993866
0.379	0.133382142582959
0.38	0.108334285278491
0.381	0.0987488904663269
0.382	0.116749327618353
0.383	0.141943011574537
0.384	0.148042012445049
0.385	0.126331268545193
0.386	0.105021358261102
0.387	0.105652730368455
0.388	0.126822381743378
0.389	0.145929805577636
0.39	0.136968226270483
0.391	0.111820715251312
0.392	0.0944777561551427
0.393	0.112799574383121
0.394	0.136801239145655
0.395	0.14065521305261
0.396	0.122824808818838
0.397	0.0968374303928521
0.398	0.0964733446516435
0.399	0.117453005588934
0.4	0.136118974047195
0.401	0.129029453913382
0.402	0.103378719863891
0.403	0.0891576651554777
0.404	0.10549774758531
0.405	0.125535066191058
0.406	0.132548016724369
0.407	0.114401386399931
0.408	0.0911451155106907
0.409	0.0905253715895895
0.41	0.115901586569336
0.411	0.132414177684959
0.412	0.128780470470313
0.413	0.106384430119511
0.414	0.0897374205912916
0.415	0.0995784378298944
0.416	0.123577580208944
0.417	0.137253840112756
0.418	0.123353588509188
0.419	0.0977730030263696
0.42	0.0932134365270395
0.421	0.114385337959663
0.422	0.134398645845044
0.423	0.136072145058157
0.424	0.116006387851503
0.425	0.09443303429242
0.426	0.100996905287831
0.427	0.126596438583655
0.428	0.139984755246557
0.429	0.133130101626563
0.43	0.107455149688145
0.431	0.0928310471487722
0.432	0.108191117525228
0.433	0.133370679280049
0.434	0.140682672560517
0.435	0.120866377793723
0.436	0.0986847847253784
0.437	0.0970199861969124
0.438	0.117734263685299
0.439	0.137206048582937
0.44	0.130434419523343
0.441	0.106700496370731
0.442	0.0886937551755855
0.443	0.105288767352588
0.444	0.129585049153249
0.445	0.13644672222382
0.446	0.121808566552567
0.447	0.0960946044272872
0.448	0.0926082977118729
0.449	0.113117836345139
0.45	0.134757719183798
0.451	0.132661647146374
0.452	0.109476241443223
0.453	0.093751394573941
0.454	0.103476562224304
0.455	0.124297519249953
0.456	0.136260056813828
0.457	0.122592111938999
0.458	0.0980360580575462
0.459	0.0903786173349349
0.46	0.111462674725219
0.461	0.132788625801068
0.462	0.1343404900013
0.463	0.11391760837521
0.464	0.0922116778281093
0.465	0.0965994636615338
0.466	0.120746609991636
0.467	0.138056012252619
0.468	0.127819839273776
0.469	0.104048152459781
0.47	0.0940930494781479
0.471	0.109866230565083
0.472	0.130988412828939
0.473	0.136453641314364
0.474	0.118882206713129
0.475	0.0951961507869804
0.476	0.0967103877565021
0.477	0.119165057462444
0.478	0.136699283707617
0.479	0.133669086029443
0.48	0.109042583861996
0.481	0.0908763379107439
0.482	0.103066934365781
0.483	0.129360945594613
0.484	0.139863088837144
0.485	0.123280241377616
0.486	0.100121006064441
0.487	0.0964959433899032
0.488	0.115217934616966
0.489	0.134659162179508
0.49	0.132372422720428
0.491	0.110383095222981
0.492	0.0890002002693242
0.493	0.101544699165454
0.494	0.126260088891935
0.495	0.136992451421723
0.496	0.125918420775346
0.497	0.0997341700467714
0.498	0.0908677388216132
0.499	0.109351213378019
0.5	0.133079300429282
0.501	0.134877913102605
0.502	0.113578400164556
0.503	0.0941500574506376
0.504	0.0969665193139122
0.505	0.117976677189153
0.506	0.135851187093624
0.507	0.127008438177871
0.508	0.102574036680358
0.509	0.0922669543085821
0.51	0.108224505936361
0.511	0.130829647146281
0.512	0.138183331049197
0.513	0.120948358940085
0.514	0.0945418527373744
0.515	0.0952868196568592
0.516	0.11867993795531
0.517	0.140356877848385
0.518	0.13512041626909
0.519	0.112215464886705
0.52	0.0957490334286528
0.521	0.104887341290778
0.522	0.128808402217121
0.523	0.138540170294498
0.524	0.125270346746093
0.525	0.0993188168874905
0.526	0.0969006106978233
0.527	0.115218878259507
0.528	0.134685639720084
0.529	0.136558214062281
0.53	0.113556246417409
0.531	0.0915315930655649
0.532	0.0990329635387298
0.533	0.124168002064458
0.534	0.140337081423646
0.535	0.127425273010127
0.536	0.103543881711729
0.537	0.0942167499578886
0.538	0.10926785842022
0.539	0.131944776335266
0.54	0.133932045083299
0.541	0.114724078981968
0.542	0.0902501733735137
0.543	0.0975063924139268
0.544	0.119848447585818
0.545	0.136107207338673
0.546	0.129999271862017
0.547	0.104251918463244
0.548	0.0901558917155565
0.549	0.10545571323729
0.55	0.131662275381809
0.551	0.138391977439459
0.552	0.121018739644516
0.553	0.0984771509538373
0.554	0.0977571214616488
0.555	0.1155463190353
0.556	0.136377823922734
0.557	0.133441206797257
0.558	0.109671085797272
0.559	0.093624655208135
0.56	0.104718809655962
0.561	0.126195386168066
0.562	0.139866484896404
0.563	0.126236252445882
0.564	0.0980082156864046
0.565	0.0922068723019175
0.566	0.113458608349197
0.567	0.137307459505303
0.568	0.136341084642698
0.569	0.115400719035972
0.57	0.0950116957518081
0.571	0.102387944065663
0.572	0.121345448660469
0.573	0.137520064409412
0.574	0.128546308113337
0.575	0.102539071365996
0.576	0.0922885533241329
0.577	0.110073515622224
0.578	0.131811042980946
0.579	0.138530342590497
0.58	0.1185173396755
0.581	0.096037486489247
0.582	0.0957486307347135
0.583	0.120366014735243
0.584	0.13962807332266
0.585	0.131826800315805
0.586	0.109011470501465
0.587	0.0914718332229196
0.588	0.108094534095751
0.589	0.130060974388878
0.59	0.137933766480524
0.591	0.122708790920422
0.592	0.097794795130765
0.593	0.0960514840086985
0.594	0.116230647331873
0.595	0.136134989595184
0.596	0.13529886850978
0.597	0.111475489850696
0.598	0.0935987786526335
0.599	0.102187714747133
0.6	0.1284689178659
0.601	0.139330199092444
0.602	0.126402374591213
0.603	0.102081832321561
0.604	0.0922584955572866
0.605	0.110654130800831
0.606	0.133827243064916
0.607	0.136041923616568
0.608	0.114507160113081
0.609	0.0939616070438037
0.61	0.101875765726131
0.611	0.121498936891772
0.612	0.137929048715818
0.613	0.128561236641975
0.614	0.103198078194469
0.615	0.0919764696309094
0.616	0.108736380958602
0.617	0.133456796946957
0.618	0.136995372164074
0.619	0.119586294086209
0.62	0.0964224007001011
0.621	0.0961720991713537
0.622	0.116828176719355
0.623	0.136695853846259
0.624	0.132705406679804
0.625	0.107676631810134
0.626	0.0915760201681974
0.627	0.107604494126912
0.628	0.12767566333208
0.629	0.138241613361104
0.63	0.121896100306551
0.631	0.0976088908414011
0.632	0.0920074606783556
0.633	0.115685528316399
0.634	0.137085212310985
0.635	0.134219685341705
0.636	0.113106943197165
0.637	0.0939263859329513
0.638	0.103565902295772
0.639	0.125838706996949
0.64	0.137814006130976
0.641	0.125825363939349
0.642	0.100299132688918
0.643	0.0926825783483263
0.644	0.110566189610698
0.645	0.131742521823348
0.646	0.134661588052536
0.647	0.113434390335974
0.648	0.0924658921695223
0.649	0.0970980861603431
0.65	0.123501297275706
0.651	0.137132381114446
0.652	0.128883051989632
0.653	0.104940253981719
0.654	0.0930073225425394
0.655	0.106390435674895
0.656	0.130800976404958
0.657	0.138232230724613
0.658	0.119596692948484
0.659	0.0968845201953465
0.66	0.0969453894527214
0.661	0.117650375159019
0.662	0.136987566353914
0.663	0.13270937169877
0.664	0.109159842911025
0.665	0.0924028278104242
0.666	0.105181180372141
0.667	0.130608132536938
0.668	0.138819026242793
0.669	0.125620242677836
0.67	0.100012625408341
0.671	0.0934337633540506
0.672	0.112534208873114
0.673	0.134966854503703
0.674	0.134536698713932
0.675	0.112670069704849
0.676	0.0947804895915655
0.677	0.103384503495375
0.678	0.122258846105638
0.679	0.137596124075297
0.68	0.124934373762009
0.681	0.100412964128317
0.682	0.0894198349503287
0.683	0.11095738331919
0.684	0.133709767231753
0.685	0.134825310639997
0.686	0.115879535181467
0.687	0.09336100413494
0.688000000000001	0.0967379738233405
0.689000000000001	0.118451261729873
0.690000000000001	0.135919197422922
0.691000000000001	0.127962131715552
0.692000000000001	0.103214855102998
0.693000000000001	0.0911125125593427
0.694000000000001	0.10861984362221
0.695000000000001	0.128754927632603
0.696000000000001	0.135823132817063
0.697000000000001	0.117949007929314
0.698000000000001	0.0948340091935295
0.699000000000001	0.094378866454586
0.700000000000001	0.117900348324986
0.701000000000001	0.137027507493934
0.702000000000001	0.133664554916353
0.703000000000001	0.110704364074988
0.704000000000001	0.0934007293025284
0.705000000000001	0.102874922854396
0.706000000000001	0.126509502766792
0.707000000000001	0.140096313151579
0.708000000000001	0.125130538744423
0.709000000000001	0.101116436104432
0.710000000000001	0.0949396786265673
0.711000000000001	0.115864015653668
0.712000000000001	0.135168031403978
0.713000000000001	0.135455763315883
0.714000000000001	0.114074459725204
0.715000000000001	0.0930610777844884
0.716000000000001	0.103535961263373
0.717000000000001	0.126510596878323
0.718000000000001	0.137995281643212
0.719000000000001	0.128548269513202
0.720000000000001	0.102282380866669
0.721000000000001	0.0906258196344734
0.722000000000001	0.107493922272796
0.723000000000001	0.131433574006799
0.724000000000001	0.135698065798795
0.725000000000001	0.114086991509633
0.726000000000001	0.0938859481535863
0.727000000000001	0.0959176360613609
0.728000000000001	0.117098273071693
0.729000000000001	0.134800595374039
0.730000000000001	0.125913611050059
0.731000000000001	0.102280148724008
0.732000000000001	0.0874122623621966
0.733000000000001	0.106306543090243
0.734000000000001	0.130427132732062
0.735000000000001	0.136141338615575
0.736000000000001	0.121220147083818
0.737000000000001	0.0967455440883365
0.738000000000001	0.0951203076046988
0.739000000000001	0.116267485719313
0.740000000000001	0.138218155167363
0.741000000000001	0.136194256235027
0.742000000000001	0.113328585538345
0.743000000000001	0.0976473302051686
0.744000000000001	0.107453102701162
0.745000000000001	0.128448972121893
0.746000000000001	0.1409628809739
0.747000000000001	0.127798116638577
0.748000000000001	0.102700999253717
0.749000000000001	0.0967005491566027
0.750000000000001	0.115127662582157
0.751000000000001	0.136234499469322
0.752000000000001	0.137829496612925
0.753000000000001	0.116814862542972
0.754000000000001	0.0944551011831799
0.755000000000001	0.0986576913236826
0.756000000000001	0.122362414718695
0.757000000000001	0.139253150309756
0.758000000000001	0.127720330885306
0.759000000000001	0.10308244622469
0.760000000000001	0.0936531318354319
0.761000000000001	0.109940919204554
0.762000000000001	0.130472329419682
0.763000000000001	0.134209239271968
0.764000000000001	0.115271231502929
0.765000000000001	0.0922664341835349
0.766000000000001	0.0959905295702535
0.767000000000001	0.120785458462753
0.768000000000001	0.135060705440857
0.769000000000001	0.129923705810653
0.770000000000001	0.105226558627515
0.771000000000001	0.0892421524089478
0.772000000000001	0.103259163716968
0.773000000000001	0.129108040197875
0.774000000000001	0.13854964825036
0.775000000000001	0.121121964671833
0.776000000000001	0.0987040234288461
0.777000000000001	0.0970139321300409
0.778000000000001	0.114684037173729
0.779000000000001	0.13581120705698
0.780000000000001	0.133250587599292
0.781000000000001	0.111542931136313
0.782000000000001	0.0908927343736877
0.783000000000001	0.103952013738486
0.784000000000001	0.129046327184247
0.785000000000001	0.140581874854034
0.786000000000001	0.130369126265915
0.787000000000001	0.104369982757628
0.788000000000001	0.0945483555322537
0.789000000000001	0.112707530382222
0.790000000000001	0.137564529985445
0.791000000000001	0.141066165715522
0.792000000000001	0.120437212633461
0.793000000000001	0.0997065885866523
0.794000000000001	0.103276991270537
0.795000000000001	0.12157916756889
0.796000000000001	0.140192819538165
0.797000000000001	0.132152100041607
0.798000000000001	0.106959176721034
0.799000000000001	0.0948530317166894
0.800000000000001	0.10982617148046
0.801000000000001	0.132348090729407
0.802000000000001	0.139454858880471
0.803000000000001	0.12150548108434
0.804000000000001	0.0942705260967339
0.805000000000001	0.0947309010271221
0.806000000000001	0.118109324022165
0.807000000000001	0.138690363804118
0.808000000000001	0.132361515542221
0.809000000000001	0.109034429437063
0.810000000000001	0.0934885485524498
0.811000000000001	0.103631362107561
0.812000000000001	0.127302163358804
0.813000000000001	0.136352701280393
0.814000000000001	0.122440076493265
0.815000000000001	0.0974361291759426
0.816000000000001	0.0937498368250444
0.817000000000001	0.1150225329266
0.818000000000001	0.135164452153183
0.819000000000001	0.137632029676145
0.820000000000001	0.115336421575679
0.821000000000001	0.0934066629228421
0.822000000000001	0.100603432198118
0.823000000000001	0.126106808500199
0.824000000000001	0.143846465635687
0.825000000000001	0.132665112925816
0.826000000000001	0.109306431042956
0.827000000000001	0.0981290050671158
0.828000000000001	0.112433473407716
0.829000000000001	0.135918148795972
0.830000000000001	0.140701934253644
0.831000000000001	0.123057431144763
0.832000000000001	0.0991868688605673
0.833000000000001	0.103717346214097
0.834000000000001	0.123079921383806
0.835000000000001	0.140430901509408
0.836000000000001	0.136190728917992
0.837000000000001	0.110193488070066
0.838000000000001	0.0956043144604323
0.839000000000001	0.109440430989475
0.840000000000001	0.132605070393065
0.841000000000001	0.140080256114939
0.842000000000001	0.122486823623954
0.843000000000001	0.098797299459941
0.844000000000001	0.0967067598668275
0.845000000000001	0.114115508984053
0.846000000000001	0.134402470547592
0.847000000000001	0.130677831479108
0.848000000000001	0.106576100420254
0.849000000000001	0.090662260691358
0.850000000000001	0.101947290330068
0.851000000000001	0.123612131720767
0.852000000000001	0.136378309290329
0.853000000000001	0.122824400597171
0.854000000000001	0.0954467532641792
0.855000000000001	0.0903997599638652
0.856000000000001	0.112082235223986
0.857000000000001	0.136074325638031
0.858000000000001	0.136275796672378
0.859000000000001	0.116711060241244
0.860000000000001	0.0964775914701691
0.861000000000001	0.103194361975943
0.862000000000001	0.122643478449596
0.863000000000001	0.140581826475491
0.864000000000001	0.134233842169032
0.865000000000001	0.108710846366266
0.866000000000001	0.0984796667270131
0.867000000000001	0.112091218576314
0.868000000000001	0.134516521989993
0.869000000000001	0.143843324798972
0.870000000000001	0.125647683318524
0.871000000000001	0.101555686054283
0.872000000000001	0.0978148056246209
0.873000000000001	0.12208070939431
0.874000000000001	0.142907493303161
0.875000000000001	0.137517556129625
0.876000000000001	0.114589694154737
0.877000000000001	0.096587925653468
0.878000000000001	0.10808923550322
0.879000000000001	0.130188712953615
0.880000000000001	0.139605988154119
0.881000000000001	0.125149941888842
0.882000000000001	0.0991790220011841
0.883000000000001	0.0950393941241223
0.884000000000001	0.114492091025892
0.885000000000001	0.134738567851873
0.886000000000001	0.134714445760896
0.887000000000001	0.111134816014627
0.888000000000001	0.0924187175118276
0.889000000000001	0.100124937962511
0.890000000000001	0.126409681138445
0.891000000000001	0.13762726236762
0.892000000000001	0.125579823808404
0.893000000000001	0.101312632128646
0.894000000000001	0.0907187024568497
0.895000000000001	0.108718188896493
0.896000000000001	0.132493265168168
0.897000000000001	0.136272267063079
0.898000000000001	0.115788057860609
0.899000000000001	0.0948468408753808
0.900000000000001	0.101351866026602
0.901000000000001	0.121052396021137
0.902000000000001	0.138924774828967
0.903000000000001	0.132011817640335
0.904000000000001	0.107496749499646
0.905000000000001	0.0939034016734581
0.906000000000001	0.109063268387272
0.907000000000001	0.134654939277548
0.908000000000001	0.140731420131272
0.909000000000001	0.125417660804788
0.910000000000001	0.100440227864246
0.911000000000001	0.0968221696593219
0.912000000000001	0.116810275893379
0.913000000000001	0.138251165664854
0.914000000000001	0.136918905793096
0.915000000000001	0.11227109666317
0.916000000000001	0.0959365024964967
0.917000000000001	0.106889807643247
0.918000000000001	0.127365474377483
0.919000000000001	0.139470010009363
0.920000000000001	0.124667803740082
0.921000000000001	0.0996664122065092
0.922000000000001	0.0912831421899692
0.923000000000001	0.114060718079994
0.924000000000001	0.136195730412811
0.925000000000001	0.13456663861837
0.926000000000001	0.113883660100364
0.927000000000001	0.0930289357946262
0.928000000000001	0.101213161266941
0.929000000000001	0.121434025528311
0.930000000000001	0.136202389739312
0.931000000000001	0.125445099684403
0.932000000000001	0.100114500566793
0.933000000000001	0.091213987166626
0.934000000000001	0.108275466051567
0.935000000000001	0.130266747209323
0.936000000000001	0.134686281198016
0.937000000000001	0.114939987672412
0.938000000000001	0.0930979234284663
0.939000000000001	0.0960506585076582
0.940000000000001	0.12245680165536
0.941000000000001	0.137661513884306
0.942000000000001	0.131783413150307
0.943000000000001	0.10827674806336
0.944000000000001	0.0938351337479518
0.945000000000001	0.10766982440961
0.946000000000001	0.130696695258054
0.947000000000001	0.140241292564747
0.948000000000001	0.123222279004708
0.949000000000001	0.0995167025883436
0.950000000000001	0.0966043586800411
0.951000000000001	0.116559460298858
0.952000000000001	0.136849761352192
0.953000000000001	0.134367273097294
0.954000000000001	0.111491319147588
0.955000000000001	0.0924533790474639
0.956000000000001	0.103338403351364
0.957000000000001	0.128702005515037
0.958000000000001	0.138179274243907
0.959000000000001	0.126340843634503
0.960000000000001	0.100318387916256
0.961000000000001	0.0917207545885281
0.962000000000001	0.110158557209513
0.963000000000001	0.133379618788108
0.964000000000001	0.135889187564058
0.965000000000001	0.113469284990806
0.966000000000001	0.0946880109553563
0.967000000000001	0.101656820107869
0.968000000000001	0.120638230978987
0.969000000000001	0.137243346855923
0.970000000000001	0.126111566676403
0.971000000000001	0.101842768958733
0.972000000000001	0.0888173312016476
0.973000000000001	0.109240335755986
0.974000000000001	0.132632970428983
0.975000000000001	0.135383526246586
0.976000000000001	0.117935250289307
0.977000000000001	0.0942447162516337
0.978000000000001	0.0955782455969191
0.979000000000001	0.117202635077984
0.980000000000001	0.136414032553453
0.981000000000001	0.13066823835033
0.982000000000001	0.106448551410398
0.983000000000001	0.0918614338453249
0.984000000000001	0.107654052566946
0.985000000000001	0.128302600383349
0.986000000000001	0.137451587930208
0.987000000000001	0.121059486839302
0.988000000000001	0.0969840705294893
0.989000000000001	0.0936267218325965
0.990000000000001	0.116467875014862
0.991000000000001	0.136494760589298
0.992000000000001	0.134851539465779
0.993000000000001	0.112650750502431
0.994000000000001	0.0933633064607749
0.995000000000001	0.101035374402405
0.996000000000001	0.12489111145058
0.997000000000001	0.139887633606254
0.998000000000001	0.126084158223853
0.999000000000001	0.101881052383074
1	0.0934232275158658
1.001	0.113568979026118
1.002	0.133518831260801
1.003	0.135280289899766
1.004	0.114701641426447
1.005	0.0926679271883496
1.006	0.0991088137969439
1.007	0.124391080021812
1.008	0.137155997369393
1.009	0.129454369346694
1.01	0.103900408197615
1.011	0.090316373158098
1.012	0.106015192654501
1.013	0.130945191414716
1.014	0.13762507535498
1.015	0.11733459350109
1.016	0.0959421432782232
1.017	0.0951807336134092
1.018	0.116159344017597
1.019	0.13523698983191
1.02	0.12846051127943
1.021	0.105265961216146
1.022	0.0880782789697573
1.023	0.105059076757626
1.024	0.129634119898685
1.025	0.137475023680537
1.026	0.123871582995857
1.027	0.0986405854722378
1.028	0.0941246337787283
1.029	0.114535841474057
1.03	0.137288112259205
1.031	0.136980376570332
1.032	0.114385587908444
1.033	0.0968624743059764
1.034	0.102433315658068
1.035	0.126130681112255
1.036	0.139405614534201
1.037	0.1274341702244
1.038	0.102349122250611
1.039	0.0922462354542869
1.04	0.112342932889181
1.041	0.134423809387013
1.042	0.137879988904949
1.043	0.117799948913179
1.044	0.0948153438407692
1.045	0.0971690337591096
1.046	0.120892764536358
1.047	0.139500122539873
1.048	0.130081549798894
1.049	0.105629671456096
1.05	0.0939255833519063
1.051	0.108906743913604
1.05199999999999	0.129858922573576
1.05299999999999	0.135434615140642
1.05399999999999	0.117880895828965
1.05499999999999	0.0939443984456173
1.05599999999999	0.0951622200532875
1.05699999999999	0.117367519971894
1.05799999999999	0.135217354646878
1.05899999999999	0.132280971859438
1.05999999999999	0.107623124193289
1.06099999999999	0.0894175070345356
1.06199999999999	0.101464199330553
1.06299999999999	0.127870628928408
1.06399999999999	0.138661117868014
1.06499999999999	0.12243037926801
1.06599999999999	0.0992769623124634
1.06699999999999	0.0955937127997129
1.06799999999999	0.112753543265372
1.06899999999999	0.134494590455201
1.06999999999999	0.133432833456737
1.07099999999999	0.11230553198154
1.07199999999999	0.0906097060067463
1.07299999999999	0.102039563544068
1.07399999999999	0.124967111376135
1.07499999999999	0.139561537109472
1.07599999999999	0.130540431089506
1.07699999999999	0.104319856152297
1.07799999999999	0.0929175657866681
1.07899999999999	0.110206932163051
1.07999999999999	0.135479594829976
1.08099999999999	0.139681351210341
1.08199999999999	0.119739515786097
1.08299999999999	0.0983848291060342
1.08399999999999	0.101026234693657
1.08499999999999	0.119336271474077
1.08599999999999	0.138545369309751
1.08699999999999	0.131760417440772
1.08799999999999	0.106824398869078
1.08899999999999	0.0939438997739016
1.08999999999999	0.108031138614815
1.09099999999999	0.130841230617298
1.09199999999999	0.139009778470949
1.09299999999999	0.121964959226954
1.09399999999999	0.0941897995954483
1.09499999999999	0.093290635175926
1.09599999999999	0.116196749578373
1.09699999999999	0.137242345210502
1.09799999999999	0.13188269279055
1.09899999999999	0.108758562365235
1.09999999999999	0.0925159118749526
1.10099999999999	0.10189000183637
1.10199999999999	0.125595238917768
1.10299999999999	0.135451902186124
1.10399999999999	0.122445010325376
1.10499999999999	0.0970293016341724
1.10599999999999	0.0923549470693072
1.10699999999999	0.112952974295489
1.10799999999999	0.133405783171127
1.10899999999999	0.136327014290842
1.10999999999999	0.114271085460523
1.11099999999999	0.0918646073919299
1.11199999999999	0.0985505236261412
1.11299999999999	0.12389533221043
1.11399999999999	0.141579633862924
1.11499999999999	0.130661479264938
1.11599999999999	0.107390345529754
1.11699999999999	0.0963756117600499
1.11799999999999	0.110484848348537
1.11899999999999	0.134025072326719
1.11999999999999	0.138981244806931
1.12099999999999	0.121737480847599
1.12199999999999	0.0977472661855106
1.12299999999999	0.102017514917884
1.12399999999999	0.121113964809764
1.12499999999999	0.138766831474878
1.12599999999999	0.134874293147664
1.12699999999999	0.109075936620288
1.12799999999999	0.0942811945567731
1.12899999999999	0.108091255863904
1.12999999999999	0.131182733578564
1.13099999999999	0.138946312659547
1.13199999999999	0.121929164638408
1.13299999999999	0.0982589241281625
1.13399999999999	0.0958612398057239
1.13499999999999	0.113067198229249
1.13599999999999	0.133543884366381
1.13699999999999	0.130097014083869
1.13799999999999	0.106130159293991
1.13899999999999	0.08973498610496
1.13999999999999	0.100707993345429
1.14099999999999	0.122092287859546
1.14199999999999	0.13467046645171
1.14299999999998	0.121160130424208
1.14399999999998	0.0937321273344844
1.14499999999998	0.0890157216092295
1.14599999999998	0.110733532311151
1.14699999999998	0.134223212572392
1.14799999999998	0.134277128259731
1.14899999999998	0.114741324578992
1.14999999999998	0.0949258026300553
1.15099999999998	0.101833760457059
1.15199999999998	0.121196596313392
1.15299999999998	0.138687103277234
1.15399999999998	0.131872412808971
1.15499999999998	0.106395652069519
1.15599999999998	0.0966162472665486
1.15699999999998	0.110649043930202
1.15799999999998	0.132389631756249
1.15899999999998	0.140986653327208
1.15999999999998	0.12239111665579
1.16099999999998	0.0987745449350579
1.16199999999998	0.0962848089821264
1.16299999999998	0.120686640424216
1.16399999999998	0.140793974424886
1.16499999999998	0.13461039104873
1.16599999999998	0.111740306164741
1.16699999999998	0.0948040791201117
1.16799999999998	0.10695678610216
1.16899999999998	0.128788544285494
1.16999999999998	0.137629815782418
1.17099999999998	0.122717756171601
1.17199999999998	0.097169410579271
1.17299999999998	0.0940948343381026
1.17399999999998	0.113945605978898
1.17499999999998	0.133697132698008
1.17599999999998	0.133161460218902
1.17699999999998	0.109693819915942
1.17799999999998	0.0918329734531219
1.17899999999998	0.100169850847261
1.17999999999998	0.126370511232845
1.18099999999998	0.137480339185951
1.18199999999998	0.125091017419503
1.18299999999998	0.0990545578295411
1.18399999999998	0.090450293817726
1.18499999999998	0.108986931664119
1.18599999999998	0.132445459742658
1.18699999999998	0.135320316506603
1.18799999999998	0.114530416705321
1.18899999999998	0.093990499835373
1.18999999999998	0.101017747871447
1.19099999999998	0.120784323259009
1.19199999999998	0.137904033313828
1.19299999999998	0.130236710390078
1.19399999999998	0.105689376661424
1.19499999999998	0.0931460523314611
1.19599999999998	0.110844336942656
1.19699999999998	0.1340325022393
1.19799999999998	0.138911340377688
1.19899999999998	0.12258786710462
1.19999999999998	0.0983026270258734
1.20099999999998	0.0959663279189136
1.20199999999998	0.1161782450071
1.20299999999998	0.136151991780778
1.20399999999998	0.132883939583999
1.20499999999998	0.107761688008097
1.20599999999998	0.0905904965555204
1.20699999999998	0.105942930703216
1.20799999999998	0.124253267516327
1.20899999999998	0.136768105088113
1.20999999999998	0.120692803373861
1.21099999999998	0.096431949502895
1.21199999999998	0.0903801346504615
1.21299999999998	0.11386714945719
1.21399999999998	0.135230077832741
1.21499999999998	0.133040429881325
1.21599999999998	0.11242062977468
1.21699999999998	0.0930428241819742
1.21799999999998	0.102290997030034
1.21899999999998	0.12271719900736
1.21999999999998	0.137278897891283
1.22099999999998	0.126584833253366
1.22199999999998	0.10146497241339
1.22299999999998	0.0931458472090851
1.22399999999998	0.110414606622777
1.22499999999998	0.132354758983365
1.22599999999998	0.13675119898635
1.22699999999998	0.116578731471712
1.22799999999998	0.0947277864279432
1.22899999999998	0.0974919991186494
1.22999999999998	0.123924113162738
1.23099999999998	0.138787994731083
1.23199999999998	0.132172163670621
1.23299999999998	0.108206592364623
1.23399999999997	0.0941525852124849
1.23499999999997	0.108234166116858
1.23599999999997	0.130998864517191
1.23699999999997	0.139586698596973
1.23799999999997	0.121569894205295
1.23899999999997	0.0982432145011418
1.23999999999997	0.0965720002724014
1.24099999999997	0.116739190648751
1.24199999999997	0.136608687887501
1.24299999999997	0.132769549215744
1.24399999999997	0.109282605697777
1.24499999999997	0.0914776912145039
1.24599999999997	0.103406467367437
1.24699999999997	0.128680475552615
1.24799999999997	0.136683447582911
1.24899999999997	0.12397325901985
1.24999999999997	0.0984739615097885
1.25099999999997	0.0915476245246693
1.25199999999997	0.11059656945435
1.25299999999997	0.133217319342747
1.25399999999997	0.134858637551146
1.25499999999997	0.112293111038229
1.25599999999997	0.0944320967880251
1.25699999999997	0.102583936322282
1.25799999999997	0.12172981032039
1.25899999999997	0.138067055414473
1.25999999999997	0.127075730272625
1.26099999999997	0.102913787265252
1.26199999999997	0.090326171550907
1.26299999999997	0.111095196222876
1.26399999999997	0.134719110029092
1.26499999999997	0.13782557368979
1.26599999999997	0.120736958246953
1.26699999999997	0.096751159065036
1.26799999999997	0.0978551294854878
1.26899999999997	0.119351218760008
1.26999999999997	0.13920809257189
1.27099999999997	0.133993812058983
1.27199999999997	0.109506704906371
1.27299999999997	0.094123326430874
1.27399999999997	0.109490890027752
1.27499999999997	0.130218870030112
1.27599999999997	0.139725030038868
1.27699999999997	0.123471359142989
1.27799999999997	0.0989397723917611
1.27899999999997	0.0948953671988767
1.27999999999997	0.117529631032527
1.28099999999997	0.137702571052875
1.28199999999997	0.136074123153685
1.28299999999997	0.11345962218678
1.28399999999997	0.0939550375856876
1.28499999999997	0.101552457015648
1.28599999999997	0.125131797928639
1.28699999999997	0.14021575804891
1.28799999999997	0.125857150683627
1.28899999999997	0.101512179075469
1.28999999999997	0.0933887148063006
1.29099999999997	0.113569500034835
1.29199999999997	0.133496295926089
1.29299999999997	0.134690413110798
1.29399999999997	0.114155139142579
1.29499999999997	0.0924918328887611
1.29599999999997	0.101584841290911
1.29699999999997	0.124515593219317
1.29799999999997	0.137025236454164
1.29899999999997	0.129216408587251
1.29999999999997	0.103631146108489
1.30099999999997	0.0904304290400547
1.30199999999997	0.106454711018161
1.30299999999997	0.131321656537384
1.30399999999997	0.137876584345955
1.30499999999997	0.117862777169658
1.30599999999997	0.0965115471831245
1.30699999999997	0.0957817454897916
1.30799999999997	0.116850268670498
1.30899999999997	0.136365941364506
1.30999999999997	0.130192477087718
1.31099999999997	0.107458854803905
1.31199999999997	0.0896959331651913
1.31299999999997	0.106325924597501
1.31399999999997	0.131153849804452
1.31499999999997	0.14000370747547
1.31599999999997	0.127317512351362
1.31699999999997	0.101834498459415
1.31799999999997	0.0959038124900435
1.31899999999997	0.115927460918889
1.31999999999997	0.139571438713626
1.32099999999997	0.140386953572812
1.32199999999997	0.118352283515823
1.32299999999997	0.0996257253456946
1.32399999999996	0.103828074936127
1.32499999999996	0.127422993883919
1.32599999999996	0.141666854731168
1.32699999999996	0.130748850780089
1.32799999999996	0.105239076276663
1.32899999999996	0.0961754795310734
1.32999999999996	0.113177546864872
1.33099999999996	0.135095328053279
1.33199999999996	0.139355746934412
1.33299999999996	0.11940615549326
1.33399999999996	0.0956640107849754
1.33499999999996	0.0971850945820925
1.33599999999996	0.120781660855543
1.33699999999996	0.13977205392958
1.33799999999996	0.130728015010785
1.33899999999996	0.10634074265326
1.33999999999996	0.0939107096474117
1.34099999999996	0.10848246180682
1.34199999999996	0.129361320154954
1.34299999999996	0.135718278076419
1.34399999999996	0.118631412483633
1.34499999999996	0.0945124976905345
1.34599999999996	0.0948347287859442
1.34699999999996	0.117055375115469
1.34799999999996	0.135445637093949
1.34899999999996	0.133650840525056
1.34999999999996	0.109737292996957
1.35099999999996	0.0906449671931612
1.35199999999996	0.101769552554054
1.35299999999996	0.126739471050092
1.35399999999996	0.141481725891484
1.35499999999996	0.126978921587218
1.35599999999996	0.103846861032324
1.35699999999996	0.0978007143987859
1.35799999999996	0.11431263642071
1.35899999999996	0.137120903822571
1.35999999999996	0.138794401521104
1.36099999999996	0.119087583995637
1.36199999999996	0.0953040599937272
1.36299999999996	0.103542483277033
1.36399999999996	0.126437731018688
1.36499999999996	0.143039737804751
1.36599999999996	0.136693953651374
1.36699999999996	0.110307287762908
1.36799999999996	0.0956420847980041
1.36899999999996	0.110855072270589
1.36999999999996	0.137263038186249
1.37099999999996	0.143785268426263
1.37199999999996	0.125113313969914
1.37299999999996	0.101925328894168
1.37399999999996	0.101459139299817
1.37499999999996	0.119259132279823
1.37599999999996	0.139365312632399
1.37699999999996	0.134491298098473
1.37799999999996	0.10959152898441
1.37899999999996	0.0943360737992856
1.37999999999996	0.106673143751696
1.38099999999996	0.129702761212435
1.38199999999996	0.139291054895236
1.38299999999996	0.123427457747609
1.38399999999996	0.0952418957577136
1.38499999999996	0.0922636695761771
1.38599999999996	0.114650955607148
1.38699999999996	0.136482324834338
1.38799999999996	0.133008675430211
1.38899999999996	0.110697316560246
1.38999999999996	0.0928472498613257
1.39099999999996	0.100703117495723
1.39199999999996	0.124748163977225
1.39299999999996	0.136403879737241
1.39399999999996	0.125466344095691
1.39499999999996	0.099847316248656
1.39599999999996	0.0926114115141886
1.39699999999996	0.112050505553334
1.39799999999996	0.133487457924693
1.39899999999996	0.139153974061155
1.39999999999996	0.11867636730077
1.40099999999996	0.0973437779123447
1.40199999999996	0.0988505922161185
1.40299999999996	0.12401749714693
1.40399999999996	0.143277832476384
1.40499999999996	0.135327897639381
1.40599999999996	0.112375184950579
1.40699999999996	0.097890620383212
1.40799999999996	0.110095202064946
1.40899999999996	0.134199116463723
1.40999999999996	0.142254256645683
1.41099999999996	0.126882348272201
1.41199999999996	0.101324619379719
1.41299999999996	0.101972622504725
1.41399999999996	0.120011909319888
1.41499999999995	0.139168282763227
1.41599999999995	0.137874621391073
1.41699999999995	0.112954882121315
1.41799999999995	0.0952953132045476
1.41899999999995	0.10661934808766
1.41999999999995	0.130186689688151
1.42099999999995	0.139752290153948
1.42199999999995	0.124705150682993
1.42299999999995	0.100105486551091
1.42399999999995	0.094740985983674
1.42499999999995	0.111151740819895
1.42599999999995	0.132673248622246
1.42699999999995	0.131639387671798
1.42799999999995	0.108783436612422
1.42899999999995	0.0902014923094469
1.42999999999995	0.1008611602979
1.43099999999995	0.120723900942424
1.43199999999995	0.134682228225895
1.43299999999995	0.123258702476221
1.43399999999995	0.0980196473222883
1.43499999999995	0.0881571581815534
1.43599999999995	0.108465021731643
1.43699999999995	0.133216408823884
1.43799999999995	0.13545375541013
1.43899999999995	0.117512776652512
1.43999999999995	0.093821635072852
1.44099999999995	0.0974463495101168
1.44199999999995	0.119214731904174
1.44299999999995	0.138859296910527
1.44399999999995	0.135144627382288
1.44499999999995	0.110479912503498
1.44599999999995	0.094894767106606
1.44699999999995	0.111489001132583
1.44799999999995	0.1319356546052
1.44899999999995	0.143111351723589
1.44999999999995	0.127202159023216
1.45099999999995	0.102551054924045
1.45199999999995	0.0959795322115571
1.45299999999995	0.119603496620695
1.45399999999995	0.141604428554478
1.45499999999995	0.138633635298311
1.45599999999995	0.116841416119827
1.45699999999995	0.0964458737423795
1.45799999999995	0.105806746991323
1.45899999999995	0.12770619626232
1.45999999999995	0.138882435347581
1.46099999999995	0.125922067444688
1.46199999999995	0.0994544264067532
1.46299999999995	0.0927058603099585
1.46399999999995	0.111003736262577
1.46499999999995	0.131707189526536
1.46599999999995	0.132604569165296
1.46699999999995	0.110007364330039
1.46799999999995	0.0901854221184016
1.46899999999995	0.0966291637835238
1.46999999999995	0.122767562330732
1.47099999999995	0.134924330124766
1.47199999999995	0.124438976793278
1.47299999999995	0.100812061271549
1.47399999999995	0.0887621508053118
1.47499999999995	0.106095859793576
1.47599999999995	0.130558695368648
1.47699999999995	0.136147841586489
1.47799999999995	0.117191622513968
1.47899999999995	0.0956911721606503
1.47999999999995	0.0998968328450289
1.48099999999995	0.119217509509902
1.48199999999995	0.138190541524169
1.48299999999995	0.133209266480166
1.48399999999995	0.109712955190274
1.48499999999995	0.0937312603298067
1.48599999999995	0.107239539691541
1.48699999999995	0.133036322058889
1.48799999999995	0.140822528360007
1.48899999999995	0.127513569467896
1.48999999999995	0.101866393234329
1.49099999999995	0.0954540833314664
1.49199999999995	0.114743263246272
1.49299999999995	0.137159154601351
1.49399999999995	0.137727336860789
1.49499999999995	0.113830236605266
1.49599999999995	0.0958937856610995
1.49699999999995	0.104813675059906
1.49799999999995	0.123603730431874
1.49899999999995	0.138667649214773
1.49999999999995	0.125167745869127
1.50099999999995	0.100216362855291
1.50199999999995	0.0896778340193181
1.50299999999995	0.111659692298374
1.50399999999995	0.134106892042754
1.50499999999995	0.134178032164828
1.50599999999994	0.114785167407666
1.50699999999994	0.0928989815392204
1.50799999999994	0.0972755569421925
1.50899999999994	0.119175083589781
1.50999999999994	0.136144436295238
1.51099999999994	0.127219454386151
1.51199999999994	0.102207506879756
1.51299999999994	0.091140473531911
1.51399999999994	0.109249613565934
1.51499999999994	0.129214708854195
1.51599999999994	0.135434287866095
1.51699999999994	0.116723810672366
1.51799999999994	0.0939643652841577
1.51899999999994	0.0946395573737388
1.51999999999994	0.118483163473675
1.52099999999994	0.137232574217949
1.52199999999994	0.132762051407494
1.52299999999994	0.109705612662868
1.52399999999994	0.0934694925373179
1.52499999999994	0.103782858013127
1.52599999999994	0.127315261650796
1.52699999999994	0.140613624816667
1.52799999999994	0.124718847491736
1.52899999999994	0.100969457293131
1.52999999999994	0.0955310276270228
1.53099999999994	0.116765683313342
1.53199999999994	0.135879320869971
1.53299999999994	0.135186310063711
1.53399999999994	0.113267663764794
1.53499999999994	0.0928427190234746
1.53599999999994	0.104053456584437
1.53699999999994	0.127165775902662
1.53799999999994	0.137867659656636
1.53899999999994	0.127469755150322
1.53999999999994	0.101443652354805
1.54099999999994	0.0909325800883219
1.54199999999994	0.108409529608825
1.54299999999994	0.132103243182862
1.54399999999994	0.135829038513949
1.54499999999994	0.113743075001921
1.54599999999994	0.0939313029497524
1.54699999999994	0.0966713154278098
1.54799999999994	0.118007416359021
1.54899999999994	0.135492278420861
1.54999999999994	0.126055059622098
1.55099999999994	0.102572085725585
1.55199999999994	0.0881965705203606
1.55299999999994	0.10762026811764
1.55399999999994	0.131717117314461
1.55499999999994	0.137336499737993
1.55599999999994	0.12213217868186
1.55699999999994	0.0976597490275238
1.55799999999994	0.0962330247490056
1.55899999999994	0.117459911714881
1.55999999999994	0.139163451857724
1.56099999999994	0.136835534168279
1.56199999999994	0.11320143277963
1.56299999999994	0.0975600546246555
1.56399999999994	0.107860622870256
1.56499999999994	0.12875408435035
1.56599999999994	0.140187710733033
1.56699999999994	0.125951830345079
1.56799999999994	0.100729674291267
1.56899999999994	0.0934635519906047
1.56999999999994	0.114978204309415
1.57099999999994	0.135965520000922
1.57199999999994	0.136568660196736
1.57299999999994	0.114548912148076
1.57399999999994	0.0932647938779455
1.57499999999994	0.098549945307965
1.57599999999994	0.122321085994503
1.57699999999994	0.138655214966024
1.57799999999994	0.125908186388991
1.57899999999994	0.10147466069728
1.57999999999994	0.0934507360811806
1.58099999999994	0.110365675971534
1.58199999999994	0.130781774085208
1.58299999999994	0.133618115333367
1.58399999999994	0.114126813772798
1.58499999999994	0.0918891898099547
1.58599999999994	0.0968356721659719
1.58699999999994	0.121961068899377
1.58799999999994	0.135760432338587
1.58899999999994	0.130034317949753
1.58999999999994	0.104705423231037
1.59099999999994	0.0893681700928721
1.59199999999994	0.103863460999212
1.59299999999994	0.129522734468034
1.59399999999994	0.137946502741082
1.59499999999994	0.119687365679451
1.59599999999994	0.0975829351063251
1.59699999999993	0.0971640110493153
1.59799999999993	0.11527654065403
1.59899999999993	0.135808555771327
1.59999999999993	0.132231855924647
1.60099999999993	0.110193417592752
1.60199999999993	0.0903885759774742
1.60299999999993	0.104647156110068
1.60399999999993	0.129660499395593
1.60499999999993	0.140313514286869
1.60599999999993	0.129167324701401
1.60699999999993	0.102966423113146
1.60799999999993	0.0942991176523258
1.60899999999993	0.113110854383532
1.60999999999993	0.137332196183078
1.61099999999993	0.139257576722404
1.61199999999993	0.117843017415339
1.61299999999993	0.0979482697091631
1.61399999999993	0.100769693618111
1.61499999999993	0.124315268854923
1.61599999999993	0.139239173292842
1.61699999999993	0.129825710311661
1.61799999999993	0.104352994928243
1.61899999999993	0.0941329005038054
1.61999999999993	0.11018874798969
1.62099999999993	0.132493973701165
1.62199999999993	0.13816108223934
1.62299999999993	0.119101739335583
1.62399999999993	0.0948172584580676
1.62499999999993	0.0949723453207522
1.62599999999993	0.11832793205575
1.62699999999993	0.138119913935264
1.62799999999993	0.130325972306278
1.62899999999993	0.10639328753603
1.62999999999993	0.092819058127581
1.63099999999993	0.104273178595521
1.63199999999993	0.127801591836103
1.63299999999993	0.135531935266093
1.63399999999993	0.12006550279296
1.63499999999993	0.0952537230137467
1.63599999999993	0.0935391769192856
1.63699999999993	0.115122247683027
1.63799999999993	0.134436903964784
1.63899999999993	0.134475838318305
1.63999999999993	0.111295270997105
1.64099999999993	0.0908941722491968
1.64199999999993	0.100338982910607
1.64299999999993	0.125545895687462
1.64399999999993	0.141544387333419
1.64499999999993	0.128438610452515
1.64599999999993	0.105176981567223
1.64699999999993	0.0972594559545045
1.64799999999993	0.112826515111748
1.64899999999993	0.13603540647092
1.64999999999993	0.13869596459957
1.65099999999993	0.119655683001908
1.65199999999993	0.0945959769157467
1.65299999999993	0.101200663398825
1.65399999999993	0.12362499587784
1.65499999999993	0.140405340666124
1.65599999999993	0.134403474583429
1.65699999999993	0.108102040369446
1.65799999999993	0.0929261722373234
1.65899999999993	0.108075687272913
1.65999999999993	0.134146382854844
1.66099999999993	0.140625370261931
1.66199999999993	0.122638796008034
1.66299999999993	0.0995691980240968
1.66399999999993	0.0989891846870937
1.66499999999993	0.116662405120985
1.66599999999993	0.136852633724169
1.66699999999993	0.132430273772
1.66799999999993	0.107854303380049
1.66899999999993	0.0924013548602687
1.66999999999993	0.104486125200026
1.67099999999993	0.127234704317193
1.67199999999993	0.13721007878795
1.67299999999993	0.121846250810706
1.67399999999993	0.0939643978092491
1.67499999999993	0.090799142423992
1.67599999999993	0.11299186537019
1.67699999999993	0.135130493702076
1.67799999999993	0.132392174689436
1.67899999999993	0.11061638095456
1.67999999999993	0.0924597323533642
1.68099999999993	0.101882930993679
1.68199999999993	0.123334712147984
1.68299999999993	0.1353762124186
1.68399999999993	0.124665892568532
1.68499999999993	0.0990719777909833
1.68599999999993	0.0913582240559375
1.68699999999993	0.11039710715755
1.68799999999992	0.131660876757848
1.68899999999992	0.137024294618937
1.68999999999992	0.116631854491235
1.69099999999992	0.0954658408839825
1.69199999999992	0.0971112544845646
1.69299999999992	0.122178033454733
1.69399999999992	0.141195219716415
1.69499999999992	0.132805127809181
1.69599999999992	0.109991700050088
1.69699999999992	0.0959242638198425
1.69799999999992	0.109851867921589
1.69899999999992	0.131924257827783
1.69999999999992	0.139218890578416
1.70099999999992	0.123457259719415
1.70199999999992	0.0985645823198995
1.70299999999992	0.0999431429223695
1.70399999999992	0.118408141787542
1.70499999999992	0.136936444473578
1.70599999999992	0.134970349557584
1.70699999999992	0.110481878142921
1.70799999999992	0.0935983072589245
1.70899999999992	0.105587882263796
1.70999999999992	0.128871671852873
1.71099999999992	0.138300661776706
1.71199999999992	0.123326111171533
1.71299999999992	0.099039708396197
1.71399999999992	0.09396062582755
1.71499999999992	0.11036083080921
1.71599999999992	0.131633631737514
1.71699999999992	0.130768655317128
1.71799999999992	0.108094778394397
1.71899999999992	0.0899442230105634
1.71999999999992	0.0986370861770813
1.72099999999992	0.120343417328648
1.72199999999992	0.134929450064084
1.72299999999992	0.123954654158213
1.72399999999992	0.0989373658745148
1.72499999999992	0.0887680359295706
1.72599999999992	0.108897766425107
1.72699999999992	0.133586121113497
1.72799999999992	0.136430987138986
1.72899999999992	0.118532227679266
1.72999999999992	0.0967404489778929
1.73099999999992	0.100541721393228
1.73199999999992	0.119350777531774
1.73299999999992	0.13832073686531
1.73399999999992	0.134330204706611
1.73499999999992	0.109556951684392
1.73599999999992	0.0940726568628783
1.73699999999992	0.11084968035916
1.73799999999992	0.129161852795275
1.73899999999992	0.141834183173801
1.73999999999992	0.12513644083875
1.74099999999992	0.100489718078839
1.74199999999992	0.0946481801066599
1.74299999999992	0.118264569410323
1.74399999999992	0.139514563923989
1.74499999999992	0.135850778472138
1.74599999999992	0.113801848993473
1.74699999999992	0.0945222506784773
1.74799999999992	0.104450996034107
1.74899999999992	0.126547284905377
1.74999999999992	0.137040450770598
1.75099999999992	0.123817528454265
1.75199999999992	0.0982913803302886
1.75299999999992	0.09246889508015
1.75399999999992	0.111257008521852
1.75499999999992	0.131739242239733
1.75599999999992	0.132967214051501
1.75699999999992	0.110562245426842
1.75799999999992	0.0909462756646977
1.75899999999992	0.0973188395476382
1.75999999999992	0.123458382591348
1.76099999999992	0.1355125755221
1.76199999999992	0.125464547023119
1.76299999999992	0.101634747606504
1.76399999999992	0.0893064412909637
1.76499999999992	0.106459322811074
1.76599999999992	0.130913614953196
1.76699999999992	0.136469135911998
1.76799999999992	0.117606099475203
1.76899999999992	0.0959470711739433
1.76999999999992	0.100148455245395
1.77099999999992	0.11941018605839
1.77199999999992	0.138138299387138
1.77299999999992	0.133235084184851
1.77399999999992	0.109549032277004
1.77499999999992	0.0937220919567575
1.77599999999992	0.107291098264917
1.77699999999992	0.132940051369573
1.77799999999991	0.140402145812558
1.77899999999991	0.126887927334885
1.77999999999991	0.101391711093386
1.78099999999991	0.0953268032052868
1.78199999999991	0.114628331331262
1.78299999999991	0.136825294812012
1.78399999999991	0.137272283465712
1.78499999999991	0.113300953609838
1.78599999999991	0.0956028407086214
1.78699999999991	0.1048616556066
1.78799999999991	0.123606603048495
1.78899999999991	0.138757221286123
1.78999999999991	0.125467332817742
1.79099999999991	0.100613590821368
1.79199999999991	0.0902346475052265
1.79299999999991	0.112058095773302
1.79399999999991	0.13482740587573
1.79499999999991	0.135219828105037
1.79599999999991	0.116026773806204
1.79699999999991	0.0940505159659104
1.79799999999991	0.0981217907512634
1.79899999999991	0.120020164380016
1.79999999999991	0.137479484119645
1.80099999999991	0.129104393632777
1.80199999999991	0.10186560800581
1.80299999999991	0.0919459118106701
1.80399999999991	0.11002891357511
1.80499999999991	0.130047303979061
1.80599999999991	0.136685428248079
1.80699999999991	0.11826312159824
1.80799999999991	0.0951937768151612
1.80899999999991	0.095132088678071
1.80999999999991	0.118882574807482
1.81099999999991	0.137932356975893
1.81199999999991	0.133781965584875
1.81299999999991	0.110890527956276
1.81399999999991	0.0940730620737339
1.81499999999991	0.10411660366151
1.81599999999991	0.127586276766709
1.81699999999991	0.141294612885885
1.81799999999991	0.125779341468008
1.81899999999991	0.0996261632311467
1.81999999999991	0.0955722908011248
1.82099999999991	0.116949018372855
1.82199999999991	0.136144263782029
1.82299999999991	0.135533731125602
1.82399999999991	0.113868785071264
1.82499999999991	0.0931546830512307
1.82599999999991	0.104046811534163
1.82699999999991	0.127165044744863
1.82799999999991	0.138086397672293
1.82899999999991	0.128348951532744
1.82999999999991	0.102294137441007
1.83099999999991	0.0913375411598871
1.83199999999991	0.10865591166122
1.83299999999991	0.132636854118435
1.83399999999991	0.137116157624005
1.83499999999991	0.115520997296091
1.83599999999991	0.0953062603761078
1.83699999999991	0.0973363162243049
1.83799999999991	0.118516593863626
1.83899999999991	0.136729043629138
1.83999999999991	0.127993075890969
1.84099999999991	0.104622063134193
1.84199999999991	0.0892239634580641
1.84299999999991	0.107977453914747
1.84399999999991	0.132326638644674
1.84499999999991	0.138775356711487
1.84599999999991	0.12410972136124
1.84699999999991	0.0991425598566123
1.84799999999991	0.0965645774790317
1.84899999999991	0.117515029146291
1.84999999999991	0.139883546185704
1.85099999999991	0.138363557213399
1.85199999999991	0.115207277637875
1.85299999999991	0.0988062347415983
1.85399999999991	0.105729173448529
1.85499999999991	0.129288090032849
1.85599999999991	0.142040902158491
1.85699999999991	0.128979620994
1.85799999999991	0.103682351663736
1.85899999999991	0.0947460686616749
1.85999999999991	0.115572845971473
1.86099999999991	0.13746160804072
1.86199999999991	0.140084363651476
1.86299999999991	0.119050993245413
1.86399999999991	0.0963614889618827
1.86499999999991	0.0997486440140035
1.86599999999991	0.123532391083501
1.86699999999991	0.141768381718627
1.86799999999991	0.13109675443556
1.8689999999999	0.106471574096543
1.8699999999999	0.0957546364918629
1.8709999999999	0.111452773940153
1.8719999999999	0.13215571924509
1.8729999999999	0.136972353436166
1.8739999999999	0.118499086301103
1.8749999999999	0.0947826559565809
1.8759999999999	0.0970067876760501
1.8769999999999	0.119506497131679
1.8779999999999	0.136786069232158
1.8789999999999	0.132584956904815
1.8799999999999	0.107568459784953
1.8809999999999	0.0900805860248353
1.8819999999999	0.103143368120869
1.8829999999999	0.129208356194157
1.8839999999999	0.13922046122252
1.8849999999999	0.122215537556307
1.8859999999999	0.0995331430815342
1.8869999999999	0.0970439935205805
1.8879999999999	0.116354038997178
1.8889999999999	0.136078155143742
1.8899999999999	0.134375301843515
1.8909999999999	0.112984413743297
1.8919999999999	0.0917046225651408
1.8929999999999	0.104036132549042
1.8939999999999	0.129281972761501
1.8949999999999	0.141283905111939
1.8959999999999	0.131721665668749
1.8969999999999	0.10546207904104
1.8979999999999	0.0946265459393115
1.8989999999999	0.112343733558148
1.8999999999999	0.137408998550536
1.9009999999999	0.14140505907726
1.9019999999999	0.121310886921205
1.9029999999999	0.0999799545011003
1.9039999999999	0.102996490780516
1.9049999999999	0.121457005946458
1.9059999999999	0.140561654324467
1.9069999999999	0.133829365215164
1.9079999999999	0.108737277643548
1.9089999999999	0.0957953745208747
1.9099999999999	0.109975994629869
1.9109999999999	0.132904578383368
1.9119999999999	0.141533834330061
1.9129999999999	0.124484914035148
1.9139999999999	0.0965662181007225
1.9149999999999	0.0953368065288003
1.9159999999999	0.118170450293821
1.9169999999999	0.139568850288
1.9179999999999	0.134503767636372
1.9189999999999	0.111149967497204
1.9199999999999	0.0943026538426155
1.9209999999999	0.103363033887125
1.9219999999999	0.127189671245745
1.9229999999999	0.137130657748375
1.9239999999999	0.123866039446186
1.9249999999999	0.0981522138221525
1.9259999999999	0.0957307001387366
1.9269999999999	0.114037334474875
1.9279999999999	0.133931164630761
1.9289999999999	0.136412880896709
1.9299999999999	0.114117761269482
1.9309999999999	0.0920003826516501
1.9319999999999	0.0989231795787052
1.9329999999999	0.124520721450814
1.9339999999999	0.14177376246148
1.9349999999999	0.130577299851356
1.9359999999999	0.107079140461142
1.9369999999999	0.0964600938759004
1.9379999999999	0.110722603110347
1.9389999999999	0.134405259025828
1.9399999999999	0.139253673963392
1.9409999999999	0.121865654376642
1.9419999999999	0.0981953038430001
1.9429999999999	0.102560515778197
1.9439999999999	0.122018749886242
1.9449999999999	0.139685966817266
1.9459999999999	0.136327238978414
1.9469999999999	0.110998863990161
1.9479999999999	0.0959286584269935
1.9489999999999	0.109529074682327
1.9499999999999	0.133094639420912
1.9509999999999	0.141433291901153
1.9519999999999	0.12510900998511
1.9529999999999	0.100980375423499
1.9539999999999	0.097568994336637
1.9549999999999	0.114557648446398
1.9559999999999	0.135476153662291
1.9569999999999	0.13309719898886
1.9579999999999	0.109227858358611
1.9589999999999	0.0916971563622895
1.95999999999989	0.101771106776803
1.96099999999989	0.123244195433932
1.96199999999989	0.136480849896522
1.96299999999989	0.123378178385084
1.96399999999989	0.0953455124819055
1.96499999999989	0.0895760607283982
1.96599999999989	0.110834889349587
1.96699999999989	0.134698352630838
1.96799999999989	0.134997488194681
1.96899999999989	0.115177292042065
1.96999999999989	0.0949159221726853
1.97099999999989	0.101598476077392
1.97199999999989	0.120825676403474
1.97299999999989	0.13830819681867
1.97399999999989	0.131617102119219
1.97499999999989	0.106154485277799
1.97599999999989	0.0937418273728277
1.97699999999989	0.110015058363393
1.97799999999989	0.132570444124877
1.97899999999989	0.141488282412902
1.97999999999989	0.123361949916236
1.98099999999989	0.0994646462009624
1.98199999999989	0.0964700172528767
1.98299999999989	0.120805974996735
1.98399999999989	0.141698947349382
1.98499999999989	0.136338749638263
1.98599999999989	0.113888411896905
1.98699999999989	0.0961465944061211
1.98799999999989	0.107682661024411
1.98899999999989	0.1298623342651
1.98999999999989	0.139648637811623
1.99099999999989	0.124233979820163
1.99199999999989	0.0998297512408427
1.99299999999989	0.0952716817612916
1.99399999999989	0.114585390379726
1.99499999999989	0.134829577262246
1.99599999999989	0.134507520415271
1.99699999999989	0.110992895900997
1.99799999999989	0.0920183000522989
1.99899999999989	0.0996623736004295
2	0.125719262395333
