"Time [s]"	"InducedVoltage(EndConnection) [mV]"
0	0
0.001	11.0073017913338
0.002	50.9235807886513
0.003	108.289639969618
0.004	172.592674740057
0.005	235.818264848201
0.006	305.250920584912
0.007	357.778279344024
0.008	363.50144574468
0.009	346.856120640838
0.01	309.413763472094
0.011	256.779535020595
0.012	192.087566946915
0.013	115.613156799346
0.014	9.4704708673613
0.015	-53.1037238725861
0.016	-112.683856984212
0.017	-155.769474805911
0.018	-172.755498590035
0.019	-167.57437354754
0.02	-144.794093595296
0.021	-104.64122921877
0.022	-2.35145425103917
0.023	88.3063927786746
0.024	142.41978210407
0.025	201.223734093601
0.026	229.991649060741
0.027	231.533435650733
0.028	193.897756575542
0.029	122.336893875985
0.03	5.53955954897198
0.031	-57.2448991462849
0.032	-126.582061457245
0.033	-179.778859586318
0.034	-217.685440902376
0.035	-229.53359459465
0.036	-228.136380783917
0.037	-206.774007097421
0.038	-167.607394475919
0.039	-143.100111896898
0.04	-86.2665870745261
0.041	-36.0724590226793
0.042	37.425257959565
0.043	105.135883633683
0.044	153.26330104388
0.045	193.617322578707
0.046	217.993341958092
0.047	236.645583962536
0.048	238.523451043222
0.049	181.185682334883
0.05	132.320560463906
0.051	74.6913012803921
0.052	4.55709979435386
0.053	-56.5644582711509
0.054	-113.772378266176
0.055	-154.128576552826
0.056	-176.560419988075
0.057	-212.186934456482
0.058	-202.138652621941
0.059	-207.850189980053
0.06	-211.390178365128
0.061	-162.008083411312
0.062	-120.397464323609
0.063	-103.905571441956
0.064	-71.6998681192136
0.065	-0.330775083538359
0.066	48.1596855769629
0.067	85.3728741796915
0.068	152.557806087525
0.069	194.365584118195
0.07	211.157720475714
0.071	203.996499971889
0.0720000000000001	208.91378214484
0.0730000000000001	182.752887768197
0.0740000000000001	154.713773115049
0.0750000000000001	96.8520859409776
0.0760000000000001	24.2391560970837
0.0770000000000001	-9.38239587388191
0.0780000000000001	-78.314941286798
0.0790000000000001	-142.76678573266
0.0800000000000001	-161.23742902136
0.0810000000000001	-181.306260527586
0.0820000000000001	-224.206745243694
0.0830000000000001	-236.952794892379
0.0840000000000001	-245.995111582835
0.0850000000000001	-281.267912134986
0.0860000000000001	-264.586894948458
0.0870000000000001	-277.811237135713
0.0880000000000001	-211.124109915269
0.0890000000000001	-215.492465892339
0.0900000000000001	-156.756775364092
0.0910000000000001	-102.106771778225
0.0920000000000001	-56.6996425157918
0.0930000000000001	3.20923860939787
0.0940000000000001	28.3340279610396
0.0950000000000001	44.8557745438657
0.0960000000000001	105.017688277654
0.0970000000000001	138.306764025742
0.0980000000000001	165.515997924758
0.0990000000000001	157.42296454399
0.1	152.53479587194
0.101	139.850749855615
0.102	141.143636442081
0.103	130.125792139298
0.104	135.387501397913
0.105	91.6370905531549
0.106	34.2571662772663
0.107	68.7888671890946
0.108	8.33313853419531
0.109	-31.0427701271417
0.11	2.1721157500629
0.111	-43.6104730029156
0.112	-83.4946655315551
0.113	-78.9405710556871
0.114	-104.910172485607
0.115	-88.6707912281755
0.116	-140.104734836601
0.117	-152.700533516531
0.118	-121.016362643544
0.119	-136.995381009553
0.12	-134.207341147064
0.121	-149.604383754804
0.122	-124.621538170619
0.123	-123.401988778533
0.124	-142.868081460681
0.125	-118.813562323158
0.126	-128.85590397729
0.127	-126.653388942173
0.128	-108.018481869982
0.129	-119.482289705369
0.13	-117.53745348233
0.131	-116.008356317058
0.132	-94.2094592331724
0.133	-88.9141260735121
0.134	-100.17494269712
0.135	-63.436592220764
0.136	-54.4460096675034
0.137	-74.1004066400594
0.138	-52.1858294929747
0.139	-46.0119602668546
0.14	-31.4973614691755
0.141	-45.0088260227279
0.142	-46.0322150135537
0.143	-24.9829241514142
0.144	-19.8757872797322
0.145	-43.9908068186627
0.146	-34.8902974379379
0.147	-32.5345357404972
0.148	-12.6807561620266
0.149	-22.5294606817437
0.15	-42.0922382877154
0.151	-24.4996525687498
0.152	-23.6602488211759
0.153	-10.2590132007815
0.154	-14.4137011081329
0.155	-31.3452869587032
0.156	-30.4008681649964
0.157	-35.7732209464016
0.158	-22.354900551223
0.159	-26.7391287525061
0.16	-21.8312932503371
0.161	-27.2778140114477
0.162	-36.4373326105045
0.163	-44.6090107528115
0.164	-49.8292136871352
0.165	-46.6417750736945
0.166	-49.0922540387498
0.167	-45.8844684538438
0.168	-47.9424887264049
0.169	-41.929668635597
0.17	-52.8824687972967
0.171	-62.4286114544416
0.172	-54.09780343017
0.173	-55.5370627897092
0.174	-49.3269993413039
0.175	-44.3419252937369
0.176	-44.5722968109778
0.177	-58.3650577814635
0.178	-57.5390421443849
0.179	-41.8046452419383
0.18	-34.6055591352876
0.181	-39.8080467035418
0.182	-47.5782781128174
0.183	-44.5274074450741
0.184	-38.1391831632259
0.185	-28.9165477157455
0.186	-32.2574524788859
0.187	-45.3942414846511
0.188	-41.9209240173986
0.189	-23.5991414575679
0.19	-22.3127356290334
0.191	-33.861724105562
0.192	-36.8202373582103
0.193	-32.609434245867
0.194	-24.4268825875071
0.195	-20.2991078506209
0.196	-25.3055444004975
0.197	-34.7033043112369
0.198	-35.6318834416934
0.199	-28.8829717316214
0.2	-21.2334828586544
0.201	-23.3323423191596
0.202	-27.2924543359364
0.203	-35.9808590188453
0.204	-41.1834275594208
0.205	-40.3476475238549
0.206	-32.9658396387234
0.207	-24.6660403797373
0.208	-30.6917319916195
0.209	-31.3924042333585
0.21	-40.8236469303215
0.211	-50.4278026937288
0.212	-43.1516787096041
0.213	-36.0174419068993
0.214	-23.3893896165235
0.215	-31.7396070273835
0.216	-38.831753234647
0.217	-42.3678261587236
0.218	-47.6382115411683
0.219	-32.0964387531672
0.22	-22.3864892725158
0.221	-28.974227942298
0.222	-44.4672122781025
0.223	-37.9450806059422
0.224	-27.732100255762
0.225	-20.4295242078652
0.226	-25.8087360620286
0.227	-35.8481591461283
0.228	-38.2238781709322
0.229	-25.2932455254897
0.23	-13.684204282537
0.231	-24.4551366395751
0.232	-34.1692259538786
0.233	-30.2591909518285
0.234	-20.6477366257486
0.235	-14.2928504695333
0.236	-19.8379254848094
0.237	-27.3013535352449
0.238	-31.3325289717685
0.239	-24.3411469023113
0.24	-13.6499863981933
0.241	-15.4392364188748
0.242	-23.420182978252
0.243	-29.7744401854859
0.244	-25.907558075639
0.245	-25.4127130408129
0.246	-14.8481143997193
0.247	-13.2687362431839
0.248	-23.1173315702691
0.249	-30.9510448148111
0.25	-29.7732494204811
0.251	-20.8959000471132
0.252	-21.1528187322218
0.253	-10.9697524821534
0.254	-16.0905928265394
0.255	-30.6607115707807
0.256	-29.6357087983985
0.257	-23.7784328171575
0.258	-12.4638973220056
0.259	-13.5618651611394
0.26	-17.0364316503958
0.261	-23.7007998064682
0.262	-31.384671164719
0.263	-18.3752284021541
0.264	-9.71198706860125
0.265	-11.6855294371287
0.266	-21.7595160576442
0.267	-25.1522917555499
0.268	-16.8856978174847
0.269	-11.1002744961949
0.27	-8.90848291015996
0.271	-16.0796291965365
0.272	-26.3301284048958
0.273	-17.8796384197356
0.274	-10.363450137124
0.275	-7.58861575087498
0.276	-14.2504297058841
0.277	-19.8872600864529
0.278	-15.9207159202389
0.279	-13.6794437893559
0.28	-4.95878446961275
0.281	-8.73005483832505
0.282	-17.0190168919263
0.283	-19.1441661447841
0.284	-13.3650239024872
0.285	-5.26120572580998
0.286	-8.1654797527619
0.287	-7.50607371234006
0.288	-13.1430332931575
0.289	-19.8397407502873
0.29	-12.8971120424565
0.291	-5.71869947455124
0.292	-1.71712718164546
0.293	-9.09389206302669
0.294	-13.9123144634939
0.295	-12.5493725121988
0.296	-13.7412078393684
0.297	-4.21326831930718
0.298	-0.288620147463961
0.299	-6.79249172835707
0.3	-13.1392425147805
0.301	-13.5635903963155
0.302	-4.70820151635219
0.303	-3.14229900499376
0.304	0.0222346715492497
0.305	-6.40970577219391
0.306	-15.8686920613497
0.307	-10.3297132185744
0.308	-4.09469449260194
0.309	3.90936650253304
0.31	-5.18671836964493
0.311	-10.6552357838951
0.312	-8.12870933983821
0.313	-6.86592136499645
0.314	2.30380995568623
0.315	-0.458153886156477
0.316	-9.27149746045644
0.317	-11.6067932682444
0.318	-4.45737610634163
0.319	2.08068468751047
0.32	1.11777851866807
0.321	-4.18380005637667
0.322	-6.57702868724769
0.323	-11.1393676149292
0.324	0.193315631993526
0.325	5.36642697120376
0.326	-0.127299784520932
0.327	-6.48071384467836
0.328	-8.06067759516645
0.329	-1.31875705441844
0.33	-1.79263876329445
0.331	6.51845581540588
0.332	0.889339276628071
0.333	-5.38908219333781
0.334	-5.15417718976053
0.335	-2.44957035281171
0.336	7.29171514786929
0.337	3.96571185156021
0.338	0.467151435435027
0.339	-0.344372551698904
0.34	-10.0222182421537
0.341	1.68443734465014
0.342	8.63924555050133
0.343	4.93021177073831
0.344	-1.08845264237475
0.345	-3.12162192691277
0.346	-0.158924937450518
0.347	0.605512555370419
0.348	9.58020790719008
0.349	5.17298506516432
0.35	-3.76998038061419
0.351	-3.72880525684963
0.352	1.34123312251974
0.353	10.3439028283506
0.354	3.88352215185701
0.355	0.867312208842862
0.356	-0.793290517204712
0.357	-4.47677032762266
0.358	7.54588585491836
0.359	8.57741231538329
0.36	2.93223495138276
0.361	-1.33085377488837
0.362	-2.49249452245921
0.363	4.46230923398325
0.364	7.20358272202765
0.365	7.6730470399463
0.366	2.9448211200829
0.367	-2.60749815168739
0.368	0.682041878868542
0.369	6.71029442063983
0.37	10.9088374411993
0.371	4.27921292587858
0.372	3.48256675192053
0.373	0.949107312545223
0.374	-0.548941022711531
0.375	11.164717454033
0.376	11.5505341237131
0.377	6.03492097731983
0.378	2.17219438176323
0.379	1.13791106226297
0.38	8.2670934608356
0.381	9.02450317101424
0.382	12.8497505118459
0.383	5.66178467484215
0.384	1.32458220631487
0.385	4.58505283186354
0.386	8.7075074783902
0.387	14.6267937791147
0.388	7.67763379351267
0.389	5.22722774965942
0.39	5.40352081470838
0.391	2.95388873510199
0.392	15.032549481043
0.393	12.5187099755267
0.394	7.2541829502417
0.395	5.0145073310975
0.396	2.70369670625666
0.397	12.5761904108635
0.398	12.092384097856
0.399	11.7524356916419
0.4	7.30485462498588
0.401	2.86499443483568
0.402	8.91078934850582
0.403	10.395696360169
0.404	16.4695609481203
0.405	8.30101224700772
0.406	6.78437556628653
0.407	6.34947216998551
0.408	7.14117819539725
0.409	19.7830632994948
0.41	12.2999538534931
0.411	7.52642853314028
0.412	9.1820085379047
0.413	4.81189062865629
0.414	16.5682469652467
0.415	14.5832268644572
0.416	13.8932103486951
0.417	10.8940386230371
0.418	5.09978902459452
0.419	14.0609882468296
0.42	15.2524982552343
0.421	17.6220420896539
0.422	11.7233871854234
0.423	10.2476684942336
0.424	12.6388469646509
0.425	13.2242835133977
0.426	20.6823095630602
0.427	16.5852113393232
0.428	13.0743250406464
0.429	12.9221861639448
0.43	10.0581886110004
0.431	19.8311128992773
0.432	18.525248289037
0.433	18.6151028265785
0.434	14.1704627566854
0.435	10.4422864231407
0.436	18.8147535295051
0.437	17.3162707717755
0.438	21.7034831952083
0.439	16.5141149635738
0.44	12.9560526350792
0.441	15.5212008828565
0.442	16.1810473827259
0.443	25.228204258744
0.444	19.3060071039799
0.445	16.4988922408621
0.446	16.9553438592405
0.447	14.6432848511582
0.448	21.3541076786675
0.449	24.8623361604723
0.45	22.1177923369065
0.451	17.8971151255022
0.452	14.9411836691885
0.453	24.7938628700336
0.454	23.4413220864755
0.455	25.2317891282373
0.456	19.8397955633242
0.457	19.929132965237
0.458	21.5402494965307
0.459	19.0688619817478
0.46	33.2697047427648
0.461	24.2173943971816
0.462	21.6594439464536
0.463	22.5852102128969
0.464	23.1855317882864
0.465	28.4994265258125
0.466	28.0076642745564
0.467	28.1193847392275
0.468	25.1363691122506
0.469	21.4181394199448
0.47	32.3350008041377
0.471	30.9015338619432
0.472	30.4425774327139
0.473	27.8511054114814
0.474	24.89109264814
0.475	28.3524809949788
0.476	30.1668260943178
0.477	35.6546009328274
0.478	29.3082306027535
0.479	28.5291390958653
0.48	27.2822524158495
0.481	29.1978575623006
0.482	35.2644250902253
0.483	33.4559256753028
0.484	33.3059550392161
0.485	28.811937656319
0.486	28.2975696510677
0.487	35.1479707834746
0.488	35.7086296055992
0.489	33.3090367402632
0.49	30.0514173419931
0.491	30.0271951157909
0.492	30.3158738627993
0.493	35.7050300896344
0.494	38.1366439019676
0.495	32.7015157923138
0.496	29.9220189653401
0.497	30.1853811750046
0.498	33.8767650414277
0.499	37.3585694881892
0.5	33.8876044668245
0.501	34.3576739898067
0.502	29.9019918753307
0.503	28.5133570150872
0.504	38.7454465528674
0.505	35.9252525775986
0.506	35.0666227716479
0.507	30.352487988394
0.508	29.6871436743524
0.509	33.6849908555235
0.51	36.2580015637439
0.511	37.8739236840679
0.512	32.9918935185404
0.513	30.8876693714756
0.514	28.4859871210069
0.515	34.5743177085993
0.516	39.6581033188931
0.517	36.3316448474065
0.518	33.5351309406801
0.519	29.7639808274131
0.52	29.9331755179212
0.521	37.5464540821081
0.522	37.2294611177405
0.523	33.1596800647264
0.524	31.8794691850531
0.525	29.5096863305831
0.526	34.1197422840975
0.527	38.0786536014082
0.528	37.7347948836444
0.529	32.8181095374169
0.53	30.1076730964429
0.531	29.6182992662775
0.532	35.9316972342186
0.533	38.9058596534115
0.534	35.4433244584957
0.535	33.1251357593579
0.536	28.4569080131508
0.537	33.292094480197
0.538	37.5070879089249
0.539	37.3153944890512
0.54	34.6729974065236
0.541	29.8820090071021
0.542	30.9895594313094
0.543	34.286214459341
0.544	38.2907712310945
0.545	38.2957436807188
0.546	32.0723307742866
0.547	29.5925889512581
0.548	30.9235617296164
0.549	38.4515653217058
0.55	39.125090158779
0.551	35.2830140030688
0.552	33.5129433602446
0.553	29.6739301368157
0.554	33.84687684328
0.555	38.554676253527
0.556	37.5178434613157
0.557	33.7103581339987
0.558	32.3050925402687
0.559	29.8321224676339
0.56	37.5265443287424
0.561	39.3758849864031
0.562	39.0544594256277
0.563	31.3336135366741
0.564	30.6386505808083
0.565	34.1313206364342
0.566	35.5571493618249
0.567	39.8787142905953
0.568	35.2220020476176
0.569	33.2139376207786
0.57	28.6775052597179
0.571	35.105571461946
0.572	38.8464075598653
0.573	37.7521298577481
0.574	33.5305153471471
0.575	31.4717972287304
0.576	31.5055433809169
0.577	34.7517532479794
0.578	40.2986058359316
0.579	38.1819848494684
0.58	30.4081579307187
0.581	29.4868228030177
0.582	32.5916989522855
0.583	37.9362180106447
0.584	39.4244371181788
0.585	34.8286498552127
0.586	32.3392416244802
0.587	28.4029176657877
0.588	36.176398895363
0.589	39.756360406404
0.59	35.9403118577555
0.591	32.7027541173914
0.592	29.7859909883543
0.593	33.179341500538
0.594	36.2919431936755
0.595	39.4426869455488
0.596	38.4233638479886
0.597	30.0826103877477
0.598	29.8625270645723
0.599	34.12110263547
0.6	38.6227934122689
0.601	37.6243974432234
0.602	35.0860744638847
0.603	31.4173596814775
0.604	30.1223233469972
0.605	34.7932822087162
0.606	41.4622449430208
0.607	36.1168275516105
0.608	30.7081120466027
0.609	32.8171337788693
0.61	31.3141600689456
0.611	36.0693741534831
0.612	40.5405408678711
0.613	36.314711214981
0.614	28.5222438208183
0.615	29.4263271841225
0.616	35.5438380824412
0.617	38.8085848379622
0.618	37.3033840865306
0.619	33.7003247420764
0.62	31.1649065327021
0.621	29.1610115217813
0.622	36.4691057624563
0.623	41.2042218965198
0.624	33.9189949508951
0.625	30.312300767295
0.626	29.9610058933446
0.627	32.9949577390153
0.628	36.8285608846452
0.629	39.8646091988843
0.63	35.4864579101089
0.631	29.3700366244856
0.632	27.0481311559341
0.633	36.7833625752867
0.634	38.2671324680834
0.635	35.7215710678209
0.636	33.173103133309
0.637	30.3081662456513
0.638	30.0906690410541
0.639	38.3600458056109
0.64	40.7868471558742
0.641	33.3423074733571
0.642	28.3938131444398
0.643	28.379267379017
0.644	33.7532345272187
0.645	37.8578874642337
0.646	38.6777444604217
0.647	32.58781544599
0.648	26.3817311705068
0.649	29.5620759866656
0.65	38.4361269488021
0.651	37.3230215470614
0.652	34.635844650788
0.653	30.9547966200494
0.654	28.426918689411
0.655	31.3246205745485
0.656	38.739677057979
0.657	40.8931395552204
0.658	30.4053840561713
0.659	27.0519356188183
0.66	30.1622624625231
0.661	34.2698143991666
0.662	36.3000467899766
0.663	39.8180245582676
0.664	31.6025864600298
0.665	26.1879808661715
0.666	29.6022932986398
0.667	39.2523581469817
0.668	36.8662107521449
0.669	33.2249982885648
0.67	29.6964639058539
0.671	27.3890454067691
0.672	31.8171848372414
0.673	40.2964622768132
0.674	39.8432800455492
0.675	28.3318996008972
0.676	26.111921514374
0.677	31.6183373214505
0.678	33.0364988804397
0.679	38.2504920007315
0.68	35.6287611287943
0.681	28.0934681228711
0.682	24.1282822409238
0.683	32.0486807494479
0.684	39.4016346070406
0.685	35.7119864322596
0.686	30.3091960154565
0.687	26.5882893869958
0.688000000000001	27.0333627714835
0.689000000000001	33.7361594231833
0.690000000000001	39.9012707988462
0.691000000000001	36.3652585470384
0.692000000000001	26.201520505682
0.693000000000001	23.1550416353596
0.694000000000001	32.1698682679153
0.695000000000001	35.1985644186968
0.696000000000001	35.7188601820581
0.697000000000001	35.3311415116058
0.698000000000001	26.1436247955913
0.699000000000001	20.5230597273842
0.700000000000001	35.8101142609105
0.701000000000001	39.5995961556374
0.702000000000001	33.8565428424711
0.703000000000001	28.1054292375275
0.704000000000001	25.7127414819494
0.705000000000001	26.5449873423588
0.706000000000001	34.8973547206317
0.707000000000001	40.003075559097
0.708000000000001	35.3103439365075
0.709000000000001	23.2440277008169
0.710000000000001	20.5933246623206
0.711000000000001	34.2925302441823
0.712000000000001	36.8674206941894
0.713000000000001	33.4074478564551
0.714000000000001	32.3281455311864
0.715000000000001	21.9796362810531
0.716000000000001	24.5834208933804
0.717000000000001	36.2824382634246
0.718000000000001	37.8756308812983
0.719000000000001	32.9038186575063
0.720000000000001	22.9983064273854
0.721000000000001	23.1185155770371
0.722000000000001	28.4982118172396
0.723000000000001	34.3298740465453
0.724000000000001	39.0842454651764
0.725000000000001	30.3267780445262
0.726000000000001	19.9710650748103
0.727000000000001	21.2912745942251
0.728000000000001	33.653100654985
0.729000000000001	34.5198475552476
0.730000000000001	32.4151618746899
0.731000000000001	28.4504742055014
0.732000000000001	18.6751705743551
0.733000000000001	25.2784650864113
0.734000000000001	36.477609646186
0.735000000000001	35.6777312752665
0.736000000000001	29.9495611185262
0.737000000000001	19.4985679602697
0.738000000000001	23.6384517917744
0.739000000000001	25.633047362519
0.740000000000001	34.1734177650077
0.741000000000001	37.4997187359838
0.742000000000001	27.1695643661377
0.743000000000001	17.372398775411
0.744000000000001	21.2808903876658
0.745000000000001	32.3086245462732
0.746000000000001	35.973060216756
0.747000000000001	27.3433369705105
0.748000000000001	25.075909439596
0.749000000000001	16.629619783359
0.750000000000001	22.8481888917987
0.751000000000001	36.6257894165002
0.752000000000001	33.8712334484719
0.753000000000001	27.0226339236183
0.754000000000001	14.9830759013352
0.755000000000001	19.5336161380186
0.756000000000001	27.7441970811757
0.757000000000001	32.0748628557764
0.758000000000001	32.5652943888727
0.759000000000001	22.3839055416399
0.760000000000001	13.387847206032
0.761000000000001	20.4610388574488
0.762000000000001	31.5347697956436
0.763000000000001	31.2617197568178
0.764000000000001	24.5294659797796
0.765000000000001	18.1017765393723
0.766000000000001	13.1581165441859
0.767000000000001	22.8866455478233
0.768000000000001	34.8439382521675
0.769000000000001	28.1080614942791
0.770000000000001	21.7861329545269
0.771000000000001	11.7717272747212
0.772000000000001	16.3748166204158
0.773000000000001	27.1842197607083
0.774000000000001	27.4630398197527
0.775000000000001	28.4413376242295
0.776000000000001	14.9246795463605
0.777000000000001	13.0309250638031
0.778000000000001	20.3284543995805
0.779000000000001	29.1394067227597
0.780000000000001	26.95396552889
0.781000000000001	17.5225932317717
0.782000000000001	14.6621164087285
0.783000000000001	11.37324787257
0.784000000000001	19.8217683793486
0.785000000000001	30.2243304498859
0.786000000000001	24.1339226371828
0.787000000000001	15.9882777573542
0.788000000000001	8.13152108018484
0.789000000000001	15.7078314799225
0.790000000000001	23.5749478431852
0.791000000000001	22.1960821541892
0.792000000000001	23.0438183572677
0.793000000000001	12.3483763783839
0.794000000000001	7.4349973861864
0.795000000000001	17.9460529042561
0.796000000000001	24.0530790393094
0.797000000000001	21.9610283282998
0.798000000000001	13.0668516550312
0.799000000000001	8.76181499938605
0.800000000000001	10.9457153784388
0.801000000000001	16.4532959009952
0.802000000000001	25.2313050569412
0.803000000000001	17.4307215633036
0.804000000000001	12.4791198694166
0.805000000000001	7.15044980736153
0.806000000000001	11.2506017593715
0.807000000000001	18.3139799056218
0.808000000000001	17.4447216005451
0.809000000000001	16.3247800000869
0.810000000000001	5.93406250831013
0.811000000000001	6.88604547989351
0.812000000000001	13.8145201977616
0.813000000000001	20.3169625604786
0.814000000000001	14.8444054241664
0.815000000000001	6.95982276708185
0.816000000000001	9.00474586087129
0.817000000000001	4.22135117846348
0.818000000000001	12.9610644975962
0.819000000000001	20.0791673421255
0.820000000000001	11.8265152247964
0.821000000000001	5.739234158985
0.822000000000001	2.83472230655328
0.823000000000001	9.57093244135284
0.824000000000001	15.1762918563243
0.825000000000001	11.8469876781227
0.826000000000001	11.6770761315914
0.827000000000001	-0.0239182158081122
0.828000000000001	3.10539128781789
0.829000000000001	10.5597606966067
0.830000000000001	14.2001476067105
0.831000000000001	11.8358279362941
0.832000000000001	0.682129660809112
0.833000000000001	2.66742650636281
0.834000000000001	4.83071328479055
0.835000000000001	8.80826199948365
0.836000000000001	15.8451226256835
0.837000000000001	6.77328411180511
0.838000000000001	0.452165510191234
0.839000000000001	-0.806126443362622
0.840000000000001	6.90486956371819
0.841000000000001	11.7800402144094
0.842000000000001	6.55430808271362
0.843000000000001	5.84483212494845
0.844000000000001	-2.78222073211206
0.845000000000001	1.0037340496781
0.846000000000001	9.12732747084932
0.847000000000001	11.2276285641052
0.848000000000001	4.48737765499242
0.849000000000001	-1.80310456328846
0.850000000000001	-1.94641522754859
0.851000000000001	3.13725628472549
0.852000000000001	6.10785339172793
0.853000000000001	11.7484592271275
0.854000000000001	-0.357302856218711
0.855000000000001	-5.12137600518041
0.856000000000001	-0.559982588972663
0.857000000000001	5.69085025788497
0.858000000000001	8.38228157683252
0.859000000000001	1.42094798605448
0.860000000000001	1.86729311063127
0.861000000000001	-6.64766906972956
0.862000000000001	-0.462567550393519
0.863000000000001	5.92106654589974
0.864000000000001	5.74880204846397
0.865000000000001	1.24963695954331
0.866000000000001	-6.55344619829995
0.867000000000001	-2.95073229838929
0.868000000000001	0.385871027285337
0.869000000000001	3.49265201278308
0.870000000000001	8.21357342086805
0.871000000000001	-2.84175724948963
0.872000000000001	-7.40824572791066
0.873000000000001	-3.40350666192674
0.874000000000001	2.38050280009471
0.875000000000001	5.03149224123124
0.876000000000001	-1.21130794619468
0.877000000000001	-2.33106804234124
0.878000000000001	-8.50708835939233
0.879000000000001	-1.33416441091411
0.880000000000001	4.84374324128886
0.881000000000001	2.72914341725283
0.882000000000001	-1.58805479001742
0.883000000000001	-11.6958434307653
0.884000000000001	-3.0383534337557
0.885000000000001	0.36687653012183
0.886000000000001	0.652870448042062
0.887000000000001	3.43681281620399
0.888000000000001	-8.0818169504674
0.889000000000001	-8.65681756795703
0.890000000000001	-2.99001549119646
0.891000000000001	1.53172606179221
0.892000000000001	2.02580342764831
0.893000000000001	-5.00785484209339
0.894000000000001	-7.89127326696754
0.895000000000001	-7.81517421159696
0.896000000000001	-3.05993682441462
0.897000000000001	2.41868227330785
0.898000000000001	-1.0800116783333
0.899000000000001	-7.68436118964936
0.900000000000001	-10.6926577975027
0.901000000000001	-3.89372799531294
0.902000000000001	-3.09733679234193
0.903000000000001	-0.706792996777242
0.904000000000001	0.0179463133034852
0.905000000000001	-12.1309655178019
0.906000000000001	-10.3162834168748
0.907000000000001	-4.77847243033486
0.908000000000001	-1.75697942836599
0.909000000000001	-0.28108056073211
0.910000000000001	-9.2685862385037
0.911000000000001	-9.81147772672296
0.912000000000001	-10.3283675802592
0.913000000000001	-4.12991910129189
0.914000000000001	0.81228726349792
0.915000000000001	-6.10348272271719
0.916000000000001	-8.88052372760573
0.917000000000001	-13.1481609795016
0.918000000000001	-6.42404464854841
0.919000000000001	-3.61129885066442
0.920000000000001	-4.81165486987834
0.921000000000001	-5.43752834764651
0.922000000000001	-14.2455480683801
0.923000000000001	-10.7079220446876
0.924000000000001	-5.86714267544752
0.925000000000001	-4.16811458941926
0.926000000000001	-3.14108389957296
0.927000000000001	-13.7884670548425
0.928000000000001	-11.3729513733325
0.929000000000001	-11.071940483727
0.930000000000001	-6.55769765575426
0.931000000000001	-2.68957815640746
0.932000000000001	-10.1273332286968
0.933000000000001	-10.721524834118
0.934000000000001	-15.0206881757717
0.935000000000001	-8.2020184124466
0.936000000000001	-5.98276538925791
0.937000000000001	-7.09324949806252
0.938000000000001	-8.09984205210612
0.939000000000001	-19.7595273979069
0.940000000000001	-12.1264682141466
0.941000000000001	-7.56266899373977
0.942000000000001	-8.8048098098488
0.943000000000001	-5.71646080147446
0.944000000000001	-16.8745473495156
0.945000000000001	-15.7771853049266
0.946000000000001	-13.7523518351024
0.947000000000001	-10.1230202897975
0.948000000000001	-4.80088129806589
0.949000000000001	-15.4256098327584
0.950000000000001	-15.0989001862266
0.951000000000001	-16.6252311022078
0.952000000000001	-10.334595728567
0.953000000000001	-10.5808102890508
0.954000000000001	-11.9247808278104
0.955000000000001	-13.8751386842273
0.956000000000001	-21.0214154654749
0.957000000000001	-14.695932253065
0.958000000000001	-11.0476939015058
0.959000000000001	-12.4756158864934
0.960000000000001	-10.3265973909715
0.961000000000001	-20.1796184620233
0.962000000000001	-17.1711482394371
0.963000000000001	-17.0330421825939
0.964000000000001	-14.2080571964021
0.965000000000001	-8.9162218855094
0.966000000000001	-20.9150846006345
0.967000000000001	-17.9975338352898
0.968000000000001	-18.7853509022642
0.969000000000001	-16.61536839741
0.970000000000001	-11.2929155590439
0.971000000000001	-15.9924067280031
0.972000000000001	-16.9819752450333
0.973000000000001	-25.378528775908
0.974000000000001	-17.6096332628987
0.975000000000001	-15.4482690666383
0.976000000000001	-16.2329373902858
0.977000000000001	-15.2942045232576
0.978000000000001	-22.7917841125729
0.979000000000001	-23.0657801439929
0.980000000000001	-20.5965488298092
0.981000000000001	-17.5836712251257
0.982000000000001	-14.7987233119762
0.983000000000001	-23.5528818048544
0.984000000000001	-24.0508126211035
0.985000000000001	-24.0395685258809
0.986000000000001	-19.7368726202731
0.987000000000001	-18.843688450329
0.988000000000001	-22.5766204689608
0.989000000000001	-19.3452178043436
0.990000000000001	-32.5744319960818
0.991000000000001	-23.641287323916
0.992000000000001	-20.9455599232237
0.993000000000001	-22.7088508830669
0.994000000000001	-23.8089270585698
0.995000000000001	-28.2469823317316
0.996000000000001	-27.4584232115797
0.997000000000001	-27.4315589264837
0.998000000000001	-24.7181496143547
0.999000000000001	-21.5771528807281
1	-28.1596308827096
1.001	-32.7527626443102
1.002	-30.0314352933402
1.003	-26.0407681096373
1.004	-24.0109163071522
1.005	-28.9166490751959
1.006	-29.6896717517032
1.007	-36.1123825884779
1.008	-28.4167610339146
1.009	-27.6536706598227
1.01	-26.8457168063115
1.011	-29.3810090201537
1.012	-35.7977277538092
1.013	-32.2053893599891
1.014	-31.8818532567674
1.015	-28.0215665046345
1.016	-28.0385293085052
1.017	-34.6789277255602
1.018	-34.3865921270184
1.019	-31.9625637078
1.02	-31.1218521665347
1.021	-28.3391413094993
1.022	-31.9951277186516
1.023	-36.3998817736926
1.024	-37.0559349961337
1.025	-32.1096634621162
1.026	-29.6971592769089
1.027	-30.4230294066593
1.028	-35.3308143502414
1.029	-37.577471012754
1.03	-34.3807136666324
1.031	-34.6136403477936
1.032	-30.3075030077286
1.033	-30.2108065834182
1.034	-39.6909824058175
1.035	-36.000831191338
1.036	-35.3434485718994
1.037	-30.2292263059949
1.038	-30.1818893982606
1.039	-36.0187755368648
1.04	-35.431868057476
1.041	-37.6449234780838
1.042	-32.8404247413074
1.043	-30.0753225303259
1.044	-29.5938469217129
1.045	-34.6716085752661
1.046	-39.172662711977
1.047	-35.3550615902268
1.048	-32.2374841539106
1.049	-29.4399104311207
1.05	-31.2391607831352
1.051	-37.4932403337681
1.05199999999999	-35.6942516066719
1.05299999999999	-32.5098175705963
1.05399999999999	-31.6354650621367
1.05499999999999	-29.5092209722366
1.05599999999999	-32.5363591307192
1.05699999999999	-39.3217216400907
1.05799999999999	-37.8102870868366
1.05899999999999	-31.1919624158895
1.05999999999999	-29.4629798290856
1.06099999999999	-29.9307404186939
1.06199999999999	-36.5333673557548
1.06299999999999	-38.2707137404096
1.06399999999999	-34.5541006514204
1.06499999999999	-32.8699684740415
1.06599999999999	-27.1732134349604
1.06699999999999	-35.5031057848471
1.06799999999999	-38.1970482378597
1.06899999999999	-37.0336310707474
1.06999999999999	-33.4852553758561
1.07099999999999	-30.0493358500686
1.07199999999999	-30.9637770530054
1.07299999999999	-35.809319880278
1.07399999999999	-39.6207369699635
1.07499999999999	-37.8354809145217
1.07599999999999	-32.2737498227653
1.07699999999999	-29.6039011833584
1.07799999999999	-31.9711979370283
1.07899999999999	-39.0678616296889
1.07999999999999	-38.9950834588921
1.08099999999999	-34.9131830448858
1.08199999999999	-33.619411045012
1.08299999999999	-30.2365164913309
1.08399999999999	-34.6230981196085
1.08499999999999	-39.2051477033145
1.08599999999999	-37.0694438854803
1.08699999999999	-33.6066513271986
1.08799999999999	-31.8671699773745
1.08899999999999	-30.7522245237297
1.08999999999999	-37.5145351124233
1.09099999999999	-39.7718777694087
1.09199999999999	-38.3809178172878
1.09299999999999	-30.4298178353086
1.09399999999999	-30.0767540243644
1.09499999999999	-35.5818018440283
1.09599999999999	-36.0833371461017
1.09699999999999	-38.0168695199078
1.09799999999999	-34.420091432646
1.09899999999999	-32.5597545300614
1.09999999999999	-28.9283408369248
1.10099999999999	-36.4717230005571
1.10199999999999	-39.4766450673228
1.10299999999999	-36.2119802173259
1.10399999999999	-31.5461929076323
1.10499999999999	-30.5373852884767
1.10599999999999	-34.6729432382147
1.10699999999999	-33.8968633655161
1.10799999999999	-39.4838658785495
1.10899999999999	-37.543701825086
1.10999999999999	-29.9435926778189
1.11099999999999	-28.6961798622835
1.11199999999999	-34.7707643520859
1.11299999999999	-37.6366749079951
1.11399999999999	-39.1582065297737
1.11499999999999	-34.4341431922949
1.11599999999999	-33.0294628045976
1.11699999999999	-29.0293803857519
1.11799999999999	-35.8353731016793
1.11899999999999	-41.1960947232165
1.11999999999999	-35.3066059993458
1.12099999999999	-33.0290052472119
1.12199999999999	-29.8534749569913
1.12299999999999	-34.2183386718332
1.12399999999999	-37.1601868563163
1.12499999999999	-39.683954508316
1.12599999999999	-37.3858893732552
1.12699999999999	-30.1221371287889
1.12799999999999	-29.8718629041315
1.12899999999999	-36.1358711180742
1.12999999999999	-38.2768121721218
1.13099999999999	-37.4150863133135
1.13199999999999	-34.0489305367807
1.13299999999999	-30.8967344395234
1.13399999999999	-30.9364721573668
1.13499999999999	-35.8083703571691
1.13599999999999	-41.3344949710833
1.13699999999999	-34.9216858161803
1.13799999999999	-28.9574198734629
1.13899999999999	-31.5581373634241
1.13999999999999	-31.7067166083701
1.14099999999999	-36.693392537306
1.14199999999999	-38.6964530476498
1.14299999999998	-35.1506340975979
1.14399999999998	-26.6323345109157
1.14499999999998	-29.1006500576998
1.14599999999998	-37.4654667767454
1.14699999999998	-38.9861141821807
1.14799999999998	-36.1008807286317
1.14899999999998	-33.1175102739333
1.14999999999998	-31.3089456485623
1.15099999999998	-30.8113703063577
1.15199999999998	-37.3169580314202
1.15299999999998	-41.1512976405062
1.15399999999998	-33.9467359765763
1.15499999999998	-29.7306874310886
1.15599999999998	-32.0159338825345
1.15699999999998	-33.15647597938
1.15799999999998	-37.2737410523141
1.15899999999998	-40.3262107540682
1.15999999999998	-34.8277906863445
1.16099999999998	-29.927992440123
1.16199999999998	-28.4048448248752
1.16299999999998	-37.3064606645755
1.16399999999998	-38.5081310556029
1.16499999999998	-35.5950258940616
1.16599999999998	-32.7262291756093
1.16699999999998	-30.3418232406843
1.16799999999998	-31.101665036709
1.16899999999998	-38.9924473349495
1.16999999999998	-41.1609804764402
1.17099999999998	-31.4020636466522
1.17199999999998	-29.5010029364162
1.17299999999998	-28.2358703355
1.17399999999998	-33.7630154471371
1.17499999999998	-38.3892997104264
1.17599999999998	-37.9339647399246
1.17699999999998	-31.7216216824199
1.17799999999998	-26.775992349034
1.17899999999998	-30.4775301434761
1.17999999999998	-39.0280675160871
1.18099999999998	-37.5553209099294
1.18199999999998	-33.3564505667423
1.18299999999998	-30.3883278140776
1.18399999999998	-27.1185926155337
1.18499999999998	-32.9464965070051
1.18599999999998	-39.0576768454528
1.18699999999998	-39.5736540862749
1.18799999999998	-30.1359431275259
1.18899999999998	-25.3988686246143
1.18999999999998	-33.0700561990594
1.19099999999998	-34.5554849196499
1.19199999999998	-37.0730723590613
1.19299999999998	-38.432113929811
1.19399999999998	-31.00436540969
1.19499999999998	-25.7522736392154
1.19599999999998	-32.2719902983277
1.19699999999998	-39.5776688862921
1.19799999999998	-36.6867984075317
1.19899999999998	-32.5923714554806
1.19999999999998	-28.9300085653359
1.20099999999998	-27.6888142977413
1.20199999999998	-33.2228269365577
1.20299999999998	-40.737969715775
1.20399999999998	-39.2741438189049
1.20499999999998	-26.6522554691032
1.20599999999998	-25.9238813320466
1.20699999999998	-32.159247370489
1.20799999999998	-34.1265500237065
1.20899999999998	-37.2978893152945
1.20999999999998	-35.083082946705
1.21099999999998	-26.5626689467083
1.21199999999998	-24.8852751148368
1.21299999999998	-33.9955485060515
1.21399999999998	-39.7686943981366
1.21499999999998	-35.2766271245865
1.21599999999998	-29.0381246325936
1.21699999999998	-26.8357527566116
1.21799999999998	-29.1057250538448
1.21899999999998	-33.7600360042238
1.21999999999998	-39.7158191139195
1.22099999999998	-36.0783363423812
1.22199999999998	-25.0156217077831
1.22299999999998	-24.086074423905
1.22399999999998	-32.8540245339778
1.22499999999998	-35.7906470652199
1.22599999999998	-36.3692850437747
1.22699999999998	-34.0924110993754
1.22799999999998	-26.1762844956073
1.22899999999998	-23.0428032698478
1.22999999999998	-36.1240853513928
1.23099999999998	-39.3521566409588
1.23199999999998	-33.9160409459152
1.23299999999998	-26.9912656315199
1.23399999999997	-26.2833730616729
1.23499999999997	-27.7706911581683
1.23599999999997	-35.6165631769318
1.23699999999997	-39.9209877016103
1.23799999999997	-34.1998409463221
1.23899999999997	-23.2274541561903
1.23999999999997	-20.1489676458261
1.24099999999997	-35.8883212143901
1.24199999999997	-37.2791013572337
1.24299999999997	-33.0566448727026
1.24399999999997	-30.8592735557807
1.24499999999997	-21.6842312027524
1.24599999999997	-25.253809273095
1.24699999999997	-37.7312661767938
1.24799999999997	-38.0482602516984
1.24899999999997	-31.5660291118629
1.24999999999997	-22.3489143838934
1.25099999999997	-23.2880880502626
1.25199999999997	-29.8840237220122
1.25299999999997	-34.7698361089169
1.25399999999997	-38.2539716195542
1.25499999999997	-29.7757820515569
1.25599999999997	-19.6936720787142
1.25699999999997	-22.6178794192206
1.25799999999997	-35.2221144976073
1.25899999999997	-34.9292337729172
1.25999999999997	-32.1374086184279
1.26099999999997	-27.9254827479846
1.26199999999997	-18.82202104615
1.26299999999997	-26.399477667003
1.26399999999997	-37.8994757130463
1.26499999999997	-35.5752978904869
1.26599999999997	-29.8188119487288
1.26699999999997	-18.8348179827194
1.26799999999997	-23.7413007155643
1.26899999999997	-27.6846727287504
1.26999999999997	-34.3644963184623
1.27099999999997	-37.2206112335509
1.27199999999997	-25.778602146761
1.27299999999997	-18.0218166801888
1.27399999999997	-22.8199346899377
1.27499999999997	-33.7577819874285
1.27599999999997	-35.5246045223127
1.27699999999997	-26.5595637492138
1.27799999999997	-23.016361404735
1.27899999999997	-19.0087309197015
1.27999999999997	-23.44556382489
1.28099999999997	-37.411458641036
1.28199999999997	-33.2738619504237
1.28299999999997	-25.8701316146739
1.28399999999997	-14.2684360920076
1.28499999999997	-21.1877699200554
1.28599999999997	-29.1185439305905
1.28699999999997	-31.6890203523488
1.28799999999997	-32.2991318056978
1.28899999999997	-20.8256946442895
1.28999999999997	-16.845277691413
1.29099999999997	-20.4615453149601
1.29199999999997	-32.6054197993548
1.29299999999997	-31.4227564528055
1.29399999999997	-23.8218324841418
1.29499999999997	-17.450964416482
1.29599999999997	-14.5201078948177
1.29699999999997	-23.6485466098375
1.29799999999997	-35.448590642681
1.29899999999997	-27.8235418445629
1.29999999999997	-21.0923973754723
1.30099999999997	-11.7127866721863
1.30199999999997	-17.5975707435933
1.30299999999997	-28.2232591134182
1.30399999999997	-27.472046257253
1.30499999999997	-28.0143470358313
1.30599999999997	-14.5903835640825
1.30699999999997	-12.4195753195755
1.30799999999997	-22.6034702741828
1.30899999999997	-30.7046788431816
1.30999999999997	-25.2796771044797
1.31099999999997	-17.6059451388157
1.31199999999997	-13.1637402028158
1.31299999999997	-12.402121811219
1.31399999999997	-22.0009287228455
1.31499999999997	-30.7440254422708
1.31599999999997	-23.6229921730642
1.31699999999997	-15.1852114453985
1.31799999999997	-8.27847714664556
1.31899999999997	-16.9765753677293
1.31999999999997	-24.7429109543982
1.32099999999997	-22.2419164580467
1.32199999999997	-22.4283438855716
1.32299999999997	-11.2255676778077
1.32399999999996	-8.61837544483251
1.32499999999996	-18.7187913761209
1.32599999999996	-24.0168417256501
1.32699999999996	-22.5002165081516
1.32799999999996	-12.2372157978345
1.32899999999996	-8.53374234722083
1.32999999999996	-12.44361204114
1.33099999999996	-17.5807077736996
1.33199999999996	-25.2295479442402
1.33299999999996	-17.3942429164322
1.33399999999996	-10.0316047417417
1.33499999999996	-8.00607761684315
1.33599999999996	-13.2124551687016
1.33699999999996	-19.4404516398149
1.33799999999996	-17.1963717963053
1.33899999999996	-15.9657015583207
1.33999999999996	-5.31959407290301
1.34099999999996	-6.58031002810557
1.34199999999996	-15.9024566007667
1.34299999999996	-20.7839693708656
1.34399999999996	-13.904311097635
1.34499999999996	-6.08798953650059
1.34599999999996	-9.35458228099647
1.34699999999996	-6.15261526022964
1.34799999999996	-13.8216475430953
1.34899999999996	-20.4618217436526
1.34999999999996	-10.7284563019613
1.35099999999996	-5.4605442816125
1.35199999999996	-3.01241319903243
1.35299999999996	-11.7488565744431
1.35399999999996	-16.259959244984
1.35499999999996	-10.7430985664229
1.35599999999996	-11.942179021957
1.35699999999996	1.0169954962648
1.35799999999996	-3.65257107495191
1.35899999999996	-12.2439410869561
1.35999999999996	-14.6772799904382
1.36099999999996	-11.348574374073
1.36199999999996	-1.12590410814798
1.36299999999996	-2.83871980872891
1.36399999999996	-5.32890636121067
1.36499999999996	-10.0176961941954
1.36599999999996	-15.5410222758201
1.36699999999996	-6.54722814826328
1.36799999999996	-1.02319609274551
1.36899999999996	1.64013900046892
1.36999999999996	-8.6686849581066
1.37099999999996	-12.3844274934615
1.37199999999996	-6.20910597740922
1.37299999999996	-5.49890846273781
1.37399999999996	2.56425958163053
1.37499999999996	-1.42670014300749
1.37599999999996	-9.52124525982999
1.37699999999996	-11.1066304592806
1.37799999999996	-4.37116439180787
1.37899999999996	2.12273388215754
1.37999999999996	1.42366097966116
1.38099999999996	-3.76199260665715
1.38199999999996	-6.38380859020737
1.38299999999996	-11.5663220303167
1.38399999999996	0.363861838410286
1.38499999999996	5.71219760403616
1.38599999999996	-0.550730113339781
1.38699999999996	-6.97151142235036
1.38799999999996	-8.39123902176761
1.38899999999996	-0.961288553278337
1.38999999999996	-1.24953995570692
1.39099999999996	6.68426281909967
1.39199999999996	-0.886070318267991
1.39299999999996	-7.53915332088895
1.39399999999996	-6.01320022860109
1.39499999999996	-0.00679739581982419
1.39599999999996	8.62563335653297
1.39699999999996	-0.106616203264347
1.39799999999996	-1.7044661695222
1.39899999999996	-4.06609693389196
1.39999999999996	-7.03255162440124
1.40099999999996	3.46563810359711
1.40199999999996	7.68413726234037
1.40299999999996	1.86760653463069
1.40399999999996	-2.92526818642357
1.40499999999996	-5.09565406313101
1.40599999999996	2.15332156035426
1.40699999999996	2.76839355289188
1.40799999999996	7.40869800576385
1.40899999999996	1.42329649183669
1.40999999999996	-5.51939230716662
1.41099999999996	-1.90774782220324
1.41199999999996	1.52271451429788
1.41299999999996	11.355609174874
1.41399999999996	3.54855517422942
1.41499999999995	-0.697510993853158
1.41599999999995	-0.895646038127397
1.41699999999995	-2.9280970307256
1.41799999999995	8.33417963560287
1.41899999999995	8.77054483136835
1.41999999999995	1.92741741269868
1.42099999999995	-1.52603383577355
1.42199999999995	-2.21503700294917
1.42299999999995	5.45404785544205
1.42399999999995	7.82115747003428
1.42499999999995	7.05383860125867
1.42599999999995	2.41456970706284
1.42699999999995	-2.75735773231159
1.42799999999995	1.13559673542776
1.42899999999995	8.32443811360842
1.42999999999995	9.95781109092847
1.43099999999995	2.50128171867987
1.43199999999995	1.23924558629099
1.43299999999995	1.00757488105847
1.43399999999995	0.562553315261623
1.43499999999995	11.9346323152279
1.43599999999995	9.88312433422827
1.43699999999995	3.19379294692283
1.43799999999995	1.11432563063181
1.43899999999995	0.324398095460574
1.43999999999995	9.44310938880838
1.44099999999995	10.8950282863259
1.44199999999995	9.08963956975425
1.44299999999995	3.4797828391735
1.44399999999995	-0.909149709664263
1.44499999999995	6.97287011562891
1.44599999999995	8.73324648381028
1.44699999999995	13.861657812619
1.44799999999995	5.61810183753904
1.44899999999995	4.0472061508404
1.44999999999995	4.9095976200975
1.45099999999995	6.31217710560152
1.45199999999995	14.7457525112313
1.45299999999995	10.2569126301261
1.45399999999995	5.68681258417917
1.45499999999995	4.34698836838422
1.45599999999995	3.52650043817116
1.45699999999995	14.1221398457922
1.45799999999995	11.5863551431077
1.45899999999995	11.4717549745949
1.45999999999995	6.14046513991353
1.46099999999995	1.82420911534493
1.46199999999995	11.8592396849944
1.46299999999995	10.1919987290575
1.46399999999995	13.8984286415806
1.46499999999995	7.95395895980891
1.46599999999995	4.86813564913157
1.46699999999995	7.34819848542245
1.46799999999995	8.75645311148015
1.46899999999995	18.8191863795774
1.46999999999995	11.0513723513258
1.47099999999995	6.75359957796884
1.47199999999995	7.59174250568751
1.47299999999995	6.77024514224734
1.47399999999995	16.1930988513016
1.47499999999995	14.7329975716086
1.47599999999995	12.0164540826579
1.47699999999995	9.45931971700533
1.47799999999995	4.96364980282805
1.47899999999995	14.9599435245798
1.47999999999995	16.6319724800336
1.48099999999995	15.8427827880794
1.48199999999995	10.0471443700186
1.48299999999995	10.0229379052562
1.48399999999995	12.4638274018596
1.48499999999995	13.8643074462149
1.48599999999995	21.6412413256645
1.48699999999995	14.431271920229
1.48799999999995	10.6275154122884
1.48899999999995	13.0099914250354
1.48999999999995	10.5281037184983
1.49099999999995	20.4545113737034
1.49199999999995	17.3458736638004
1.49299999999995	16.6430099735829
1.49399999999995	14.3886310807213
1.49499999999995	8.60744410485434
1.49599999999995	21.7398228466691
1.49699999999995	18.3226272020614
1.49799999999995	17.6158936964488
1.49899999999995	16.0740736039871
1.49999999999995	11.0162413593743
1.50099999999995	15.9819278936794
1.50199999999995	17.590405334742
1.50299999999995	25.0783399629063
1.50399999999995	16.9327136473217
1.50499999999995	14.7593791737875
1.50599999999994	15.9239780386658
1.50699999999994	15.80052833832
1.50799999999994	22.846734459959
1.50899999999994	22.2929398641753
1.50999999999994	19.2865724256445
1.51099999999994	17.3174634732452
1.51199999999994	14.5620540110821
1.51299999999994	24.1795474506378
1.51399999999994	23.2947104384278
1.51499999999994	22.5242387894885
1.51599999999994	19.5808306704013
1.51699999999994	17.1563346728961
1.51799999999994	23.4877594337242
1.51899999999994	20.0576763878454
1.51999999999994	30.4554528541045
1.52099999999994	22.9473840322033
1.52199999999994	20.3959953857203
1.52299999999994	22.3828733463202
1.52399999999994	24.214076467099
1.52499999999994	28.436190972923
1.52599999999994	26.7569171292321
1.52699999999994	26.7915953960215
1.52799999999994	24.4302728900272
1.52899999999994	22.318335740487
1.52999999999994	27.7301907205931
1.53099999999994	32.5842038616294
1.53199999999994	29.4929457448131
1.53299999999994	25.5692627524912
1.53399999999994	23.7460433599708
1.53499999999994	29.3146185536943
1.53599999999994	31.7289043258485
1.53699999999994	34.8246101791747
1.53799999999994	28.3827005795123
1.53899999999994	26.6747561228336
1.53999999999994	26.8925485397671
1.54099999999994	28.8136056748236
1.54199999999994	36.5297604549772
1.54299999999994	31.2388133996587
1.54399999999994	30.908643996218
1.54499999999994	27.3981601661769
1.54599999999994	28.162605229377
1.54699999999994	34.6073732705038
1.54799999999994	34.2625467688778
1.54899999999994	31.4322821495638
1.54999999999994	31.0275310570294
1.55099999999994	27.8260722583589
1.55199999999994	32.3951354960772
1.55299999999994	36.0575774190214
1.55399999999994	37.2859067486776
1.55499999999994	31.5717841482804
1.55599999999994	29.6707702486039
1.55699999999994	30.8959822401828
1.55799999999994	35.0731724544097
1.55899999999994	38.0672956250155
1.55999999999994	34.4268392067177
1.56099999999994	34.1932479058947
1.56199999999994	30.3136781576556
1.56299999999994	31.5477224393907
1.56399999999994	39.2061269921286
1.56499999999994	35.6668627600702
1.56599999999994	35.48543131047
1.56699999999994	29.9232648574934
1.56799999999994	29.9748827247742
1.56899999999994	37.0519678870272
1.56999999999994	35.6244559859263
1.57099999999994	37.3089083079594
1.57199999999994	32.4216500226021
1.57299999999994	29.4138724234831
1.57399999999994	30.3365221108903
1.57499999999994	35.5979927139228
1.57599999999994	38.1096631140499
1.57699999999994	34.4292257331074
1.57799999999994	31.7332831860991
1.57899999999994	29.0612488364418
1.57999999999994	32.6525423787207
1.58099999999994	37.3988517822265
1.58199999999994	35.2958246895392
1.58299999999994	32.4218660845803
1.58399999999994	30.6405831076986
1.58499999999994	29.7154842902633
1.58599999999994	33.9101168208675
1.58699999999994	39.2076267243836
1.58799999999994	36.9192235773201
1.58899999999994	30.6201850223515
1.58999999999994	29.6189564894102
1.59099999999994	30.4907292773544
1.59199999999994	36.8109539406834
1.59299999999994	37.550173943972
1.59399999999994	34.0427366560306
1.59499999999994	33.0336152226203
1.59599999999994	27.6011256943312
1.59699999999993	35.6192219374031
1.59799999999993	38.4730860666128
1.59899999999993	37.2834604118613
1.59999999999993	32.3344972564445
1.60099999999993	30.185232631947
1.60199999999993	30.8479542400239
1.60299999999993	36.0447580760345
1.60399999999993	40.4392030154462
1.60499999999993	37.5978416249766
1.60599999999993	32.1413493974275
1.60699999999993	29.5976972523784
1.60799999999993	32.7410401185133
1.60899999999993	39.0156594677932
1.60999999999993	38.6224892279731
1.61099999999993	34.9388118797522
1.61199999999993	33.5589209636048
1.61299999999993	29.9794124693391
1.61399999999993	35.5563379237965
1.61499999999993	40.4485389578206
1.61599999999993	35.7333625890602
1.61699999999993	33.7576487687598
1.61799999999993	31.0997732381416
1.61899999999993	31.8234387896696
1.61999999999993	37.5450293449934
1.62099999999993	39.6963467674254
1.62199999999993	37.5227600807591
1.62299999999993	30.4709806201698
1.62399999999993	29.4712993061455
1.62499999999993	35.8973015441267
1.62599999999993	37.3526253674035
1.62699999999993	37.5714039632022
1.62799999999993	34.1360461757947
1.62899999999993	32.381003384414
1.62999999999993	29.4367691592225
1.63099999999993	36.9719532233783
1.63199999999993	40.2192010220143
1.63299999999993	35.8260496016449
1.63399999999993	30.6616766278754
1.63499999999993	30.4473596349534
1.63599999999993	35.6097309253914
1.63699999999993	34.0673669727289
1.63799999999993	38.9929070313589
1.63899999999993	36.9176192946009
1.63999999999993	29.6247277198423
1.64099999999993	29.1327449325697
1.64199999999993	34.8642747829307
1.64299999999993	38.2814928341274
1.64399999999993	38.7148231649682
1.64499999999993	33.8404165539908
1.64599999999993	33.6548377112909
1.64699999999993	28.8843222117932
1.64799999999993	35.9913459207853
1.64899999999993	42.0556254702709
1.64999999999993	34.7004806038902
1.65099999999993	32.9644732138491
1.65199999999993	30.0205090103506
1.65299999999993	33.2077117390484
1.65399999999993	37.6006988367442
1.65499999999993	39.8783016133078
1.65599999999993	36.9994331691851
1.65699999999993	30.2280826584613
1.65799999999993	30.610935564473
1.65899999999993	34.2525012282127
1.65999999999993	39.6498695207173
1.66099999999993	37.6295412219205
1.66199999999993	34.1001555145987
1.66299999999993	30.9125140538387
1.66399999999993	31.9776240716373
1.66499999999993	36.4605900006055
1.66599999999993	41.7079232450656
1.66699999999993	35.0504749198079
1.66799999999993	29.4260976426584
1.66899999999993	31.881664983215
1.66999999999993	32.5106332177618
1.67099999999993	37.8180437095225
1.67199999999993	38.6421462444331
1.67299999999993	35.1092308771275
1.67399999999993	26.680921303596
1.67499999999993	29.4797498700467
1.67599999999993	37.5687724225973
1.67699999999993	39.5911280497039
1.67799999999993	35.2015005725298
1.67899999999993	32.5291689912369
1.67999999999993	30.6829160911126
1.68099999999993	31.1833825500939
1.68199999999993	37.9424178758902
1.68299999999993	40.4744144444207
1.68399999999993	32.5756686360341
1.68499999999993	28.3970607173772
1.68599999999993	30.3078672832823
1.68699999999993	34.2265695259408
1.68799999999992	37.7132900884679
1.68899999999992	39.3740309355806
1.68999999999992	33.6874018704049
1.69099999999992	29.1867011419399
1.69199999999992	29.3442316586762
1.69299999999992	37.8587403320583
1.69399999999992	38.4800587641239
1.69499999999992	35.2457647076523
1.69599999999992	32.3041578937599
1.69699999999992	30.6834661729737
1.69799999999992	31.7405817271805
1.69899999999992	39.5721390027757
1.69999999999992	41.4507393932798
1.70099999999992	30.9792211711634
1.70199999999992	30.2012226630699
1.70299999999992	30.3029262437627
1.70399999999992	33.6132278078911
1.70499999999992	38.6202295075838
1.70599999999992	38.0237335231061
1.70699999999992	31.6664177324824
1.70799999999992	27.2395414131128
1.70899999999992	31.4696530972726
1.70999999999992	39.5368355727715
1.71099999999992	37.2048798534812
1.71199999999992	33.0740911973729
1.71299999999992	31.0422308736102
1.71399999999992	27.6449189150407
1.71499999999992	32.6666798012513
1.71599999999992	39.0748538988018
1.71699999999992	38.0614001927221
1.71799999999992	28.8660472531361
1.71899999999992	26.2140011729
1.71999999999992	31.7261881396362
1.72099999999992	34.7707222486677
1.72199999999992	37.7340113365439
1.72299999999992	36.2082595118456
1.72399999999992	30.0712958658325
1.72499999999992	25.4260178788649
1.72599999999992	31.4726028656706
1.72699999999992	40.2631408507768
1.72799999999992	36.6935095322362
1.72899999999992	31.646268637013
1.72999999999992	29.3295087530456
1.73099999999992	28.8958981811038
1.73199999999992	33.5099128939199
1.73299999999992	40.7176355325957
1.73399999999992	39.3132499303039
1.73499999999992	26.9000258266965
1.73599999999992	26.1873702405474
1.73699999999992	33.1931394735017
1.73799999999992	34.8787701258202
1.73899999999992	37.9035060555071
1.73999999999992	35.67018346191
1.74099999999992	26.9736500263617
1.74199999999992	25.6242936926641
1.74299999999992	34.8621346804791
1.74399999999992	40.3599044465487
1.74499999999992	35.5787247966603
1.74599999999992	29.1367231724043
1.74699999999992	26.9637292120055
1.74799999999992	29.7420474958672
1.74899999999992	34.1572725026554
1.74999999999992	39.9469291085283
1.75099999999992	35.3327763760653
1.75199999999992	23.7305689689072
1.75299999999992	24.6414429949868
1.75399999999992	34.1272545126758
1.75499999999992	35.7706757204783
1.75599999999992	35.9487834652055
1.75699999999992	32.258927607933
1.75799999999992	25.6253665273909
1.75899999999992	24.0361130691546
1.75999999999992	36.3161430097119
1.76099999999992	39.0762342169816
1.76199999999992	32.6039107513896
1.76299999999992	25.4656046811772
1.76399999999992	24.4832448758519
1.76499999999992	29.5279800272726
1.76599999999992	35.9418424952804
1.76699999999992	39.7772691730597
1.76799999999992	32.7717146591127
1.76899999999992	23.8208672678161
1.76999999999992	22.4366808767385
1.77099999999992	34.9072219825506
1.77199999999992	37.4945156600584
1.77299999999992	32.8742147665414
1.77399999999992	30.3970774929311
1.77499999999992	22.4869478599714
1.77599999999992	25.9085726434924
1.77699999999992	38.0718556502206
1.77799999999991	38.366443997748
1.77899999999991	31.7027408567377
1.77999999999991	22.5579041372107
1.78099999999991	23.9198291500393
1.78199999999991	30.4100924150954
1.78299999999991	35.2174248337759
1.78399999999991	38.3659600127506
1.78499999999991	29.7550203469015
1.78599999999991	19.5661745640459
1.78699999999991	23.4379108432973
1.78799999999991	35.9672900513966
1.78899999999991	35.0929385838214
1.78999999999991	31.7728399725822
1.79099999999991	27.2676741475148
1.79199999999991	18.8899842982083
1.79299999999991	27.1609969259116
1.79399999999991	38.4289941175783
1.79499999999991	34.9095688232425
1.79599999999991	28.9247924036406
1.79699999999991	17.9894522322243
1.79799999999991	24.4693665083567
1.79899999999991	28.9156950832739
1.79999999999991	34.4208836200698
1.80099999999991	36.2347790695602
1.80199999999991	24.2311367827297
1.80299999999991	17.8904525737099
1.80399999999991	24.378624119809
1.80499999999991	34.9366540904374
1.80599999999991	34.1940847503044
1.80699999999991	26.2515167858673
1.80799999999991	21.234637165626
1.80899999999991	19.4314199629632
1.80999999999991	25.7020210074543
1.81099999999991	37.5603780890712
1.81199999999991	32.8713578160436
1.81299999999991	24.8973562907455
1.81399999999991	14.1429434550536
1.81499999999991	22.0745393522742
1.81599999999991	30.1199893792386
1.81699999999991	31.571341607293
1.81799999999991	32.0992277392492
1.81899999999991	21.0615235140925
1.81999999999991	17.6008380889069
1.82099999999991	20.8743023287269
1.82199999999991	33.1540446591293
1.82299999999991	31.4486877278624
1.82399999999991	23.3511395311744
1.82499999999991	16.9199389297549
1.82599999999991	15.48538601497
1.82699999999991	24.6886270518169
1.82799999999991	35.5284739247024
1.82899999999991	27.80180721131
1.82999999999991	20.1230905795286
1.83099999999991	12.7512013749559
1.83199999999991	17.7456219720828
1.83299999999991	29.2342433633672
1.83399999999991	27.1902762430058
1.83499999999991	27.5958911035643
1.83599999999991	13.9684578783651
1.83699999999991	12.9750243118339
1.83799999999991	23.8830960195696
1.83899999999991	31.1710773350316
1.83999999999991	24.4308928710095
1.84099999999991	17.2308572740486
1.84199999999991	12.8752353351592
1.84299999999991	13.7456500833386
1.84399999999991	22.7249565645203
1.84499999999991	31.1190125010666
1.84599999999991	22.9948347133212
1.84699999999991	14.1916556665742
1.84799999999991	9.44849797739587
1.84899999999991	17.4136423322785
1.84999999999991	25.6392688023303
1.85099999999991	22.093766676951
1.85199999999991	21.9502866602864
1.85299999999991	9.7777356862401
1.85399999999991	9.6778214052004
1.85499999999991	20.3824196818728
1.85599999999991	24.1275046377991
1.85699999999991	22.4887189226534
1.85799999999991	11.697850033009
1.85899999999991	7.81444563705859
1.85999999999991	14.0858040117995
1.86099999999991	18.6230014446367
1.86199999999991	25.160462629222
1.86299999999991	17.4710495923387
1.86399999999991	9.71305639267672
1.86499999999991	7.73574934293583
1.86599999999991	14.5636649423828
1.86699999999991	20.2438401714624
1.86799999999991	16.8280582073044
1.8689999999999	15.8056042559966
1.8699999999999	4.88522029293455
1.8709999999999	7.20387649063431
1.8719999999999	16.7072240011357
1.8729999999999	20.8322237658575
1.8739999999999	14.0855520422397
1.8749999999999	5.42411578256883
1.8759999999999	9.37305844805284
1.8769999999999	7.52276797257121
1.8779999999999	14.038631011461
1.8789999999999	20.6566825961783
1.8799999999999	10.2867846309435
1.8809999999999	4.99113497956071
1.8819999999999	3.85912339361839
1.8829999999999	12.6916073497959
1.8839999999999	16.3931811278575
1.8849999999999	10.0299123101822
1.8859999999999	11.511903359537
1.8869999999999	-0.618659779217344
1.8879999999999	4.40709974410761
1.8889999999999	12.7020587632832
1.8899999999999	15.3049157008691
1.8909999999999	10.2492935910737
1.8919999999999	1.30155328406309
1.8929999999999	3.18395377050217
1.8939999999999	6.09414525445072
1.8949999999999	10.472327412735
1.8959999999999	15.210417877505
1.8969999999999	5.88611432296438
1.8979999999999	0.493965869669682
1.8989999999999	-0.43542281121401
1.8999999999999	9.53239171037727
1.9009999999999	12.7696749670008
1.9019999999999	5.74789822872616
1.9029999999999	4.78634748268987
1.9039999999999	-2.14786168631093
1.9049999999999	2.0643241084228
1.9059999999999	10.6486565375008
1.9069999999999	10.4165137537653
1.9079999999999	4.33256046564797
1.9089999999999	-2.67596541841247
1.9099999999999	-0.751051254573726
1.9109999999999	4.39108385982736
1.9119999999999	6.67195833159613
1.9129999999999	11.3646323880532
1.9139999999999	-0.325457286145386
1.9149999999999	-5.86083794234474
1.9159999999999	0.939806684481514
1.9169999999999	7.31839907414274
1.9179999999999	8.46202767589184
1.9189999999999	0.761152033556048
1.9199999999999	0.608770635882397
1.9209999999999	-6.13453114546754
1.9219999999999	1.22802802460242
1.9229999999999	8.0439633583446
1.9239999999999	6.17070871674046
1.9249999999999	-0.546154971241275
1.9259999999999	-7.22128953176832
1.9269999999999	-0.378855188434488
1.9279999999999	2.50385965821012
1.9289999999999	4.35880623284729
1.9299999999999	6.60813710478235
1.9309999999999	-4.47677475128982
1.9319999999999	-7.27502269482969
1.9329999999999	-0.542651555379171
1.9339999999999	3.10334889854109
1.9349999999999	5.64015519395871
1.9359999999999	-3.55521907468778
1.9369999999999	-2.75511808809845
1.9379999999999	-6.23500614597289
1.9389999999999	-1.02434240285311
1.9399999999999	6.77421937018193
1.9409999999999	0.505742088401616
1.9419999999999	-2.42833994018414
1.9429999999999	-10.2023741445807
1.9439999999999	-3.04209546221103
1.9449999999999	0.997570561264878
1.9459999999999	1.25269434466096
1.9469999999999	2.323221431089
1.9479999999999	-8.56781109171909
1.9489999999999	-8.55989801405894
1.9499999999999	-1.36837623242181
1.9509999999999	1.59073762440783
1.9519999999999	2.1101399228958
1.9529999999999	-5.47015955325216
1.9539999999999	-8.36480722449066
1.9549999999999	-6.78658620981328
1.9559999999999	-2.08216300864178
1.9569999999999	2.8682985033111
1.9579999999999	-1.51099520158404
1.9589999999999	-8.2443101482579
1.95999999999989	-9.43721107905804
1.96099999999989	-2.73802228525737
1.96199999999989	-1.04614120325849
1.96299999999989	-1.12931783621817
1.96399999999989	-0.571367293492053
1.96499999999989	-12.2908856481285
1.96599999999989	-9.27616321973277
1.96699999999989	-3.27785441009941
1.96799999999989	-0.603599027133514
1.96899999999989	-0.741939092583493
1.96999999999989	-10.3305016121913
1.97099999999989	-10.0387676832472
1.97199999999989	-8.16817438350787
1.97299999999989	-3.69922297846232
1.97399999999989	1.44423638132832
1.97499999999989	-7.07609038466932
1.97599999999989	-9.97007532910731
1.97699999999989	-12.3600665791557
1.97799999999989	-4.78396059402052
1.97899999999989	-3.96903969541746
1.97999999999989	-4.42524073740024
1.98099999999989	-7.09152237327992
1.98199999999989	-14.9216562627735
1.98299999999989	-9.12046773209312
1.98399999999989	-4.89011992629677
1.98499999999989	-4.22170660965577
1.98599999999989	-3.70498388745609
1.98699999999989	-14.4853138896728
1.98799999999989	-11.4602356921858
1.98899999999989	-11.0148324183219
1.98999999999989	-6.43655573028413
1.99099999999989	-0.53884956319368
1.99199999999989	-13.5557762276309
1.99299999999989	-10.2712851162978
1.99399999999989	-13.1294560276971
1.99499999999989	-7.96618245816824
1.99599999999989	-4.77757972837996
1.99699999999989	-7.67227228476181
1.99799999999989	-9.12689271901496
1.99899999999989	-19.07209711287
2	-10.5226088229851
