"Time [s]"	"SolidLoss [kW]"	"StrandedLossR [kW]"
0	0	0
0.001	1.13304250283798	0.843876746096332
0.002	5.10542598607686	4.35477182782466
0.003	10.5886215122905	9.94191676115169
0.004	16.5417668027419	16.3990016032423
0.005	22.7315773827614	22.8082339033002
0.006	27.9492336987348	28.5039659508274
0.007	31.7643175314639	33.1438099387615
0.008	33.3347010091578	36.0261954095355
0.009	33.3706866682851	36.6576912352411
0.01	31.6920768709421	35.3969377007181
0.011	28.9801178192858	32.7759964377896
0.012	26.0953384041523	29.106487820999
0.013	23.3594181103811	24.7220454952968
0.014	20.5701764591029	20.4308300818953
0.015	17.9325010869051	16.6005314405542
0.016	15.0418285349614	13.2566441976479
0.017	12.8314568785213	10.6890992854633
0.018	11.0533219159806	8.948585567402
0.019	9.72339520001721	7.84425586751186
0.02	9.30269981245642	7.56592445633053
0.021	9.36621421708628	7.88420113646199
0.022	9.83451558616044	8.55617838831037
0.023	10.531181321298	9.40083032793853
0.024	11.3762149509139	9.93414581797188
0.025	12.8437177524678	11.8754605564858
0.026	15.8101739952299	15.5477891083666
0.027	18.6891018524859	18.9866077381432
0.028	20.3301202929407	21.4908419284664
0.029	21.7990209244874	22.9564493782272
0.03	25.5782404068889	24.3633376461309
0.031	26.490311153013	25.4790925296986
0.032	25.8727123568147	25.2001554177233
0.033	24.1079735569278	23.1563550636085
0.034	21.5244322692876	20.473396896697
0.035	18.2556221192505	18.0691601473617
0.036	15.7713507980236	15.9502649306272
0.037	14.4939737352298	13.57070153601
0.038	13.6773851626344	11.4556888058702
0.039	12.8067497523187	11.1932418700527
0.04	12.0806006480608	11.4250764794018
0.041	12.7998788830369	11.5166648675311
0.042	13.7661928515935	12.223705887819
0.043	14.3643273183449	14.1664260495353
0.044	15.0994323090265	15.6876553993368
0.045	15.4522977768109	16.4376908463826
0.046	15.4953035615865	16.5183343078424
0.047	15.4920681138751	15.9495082053895
0.048	15.440048547938	15.7852066447661
0.049	15.0192380439672	16.5225994308525
0.05	15.2512719136193	16.7081631529671
0.051	15.3362142303146	16.4332019460168
0.052	15.1226023381399	15.9001212627331
0.053	14.4172623336876	14.7998399225036
0.054	13.8062607145693	12.81482309237
0.055	12.9936580623691	11.832491606853
0.056	12.176429346801	12.2212030276107
0.057	12.7187485200552	11.3667023170738
0.058	12.7673830279231	11.841726907627
0.059	13.5872919663375	13.0332366664496
0.06	15.4628642974365	14.1841088222485
0.061	15.9125850755701	16.5014715414861
0.062	18.8650743435278	17.6359734385452
0.063	19.4013809523175	20.5081052380808
0.064	21.0349826851534	21.5082624157714
0.065	21.9372259383186	22.4571783422262
0.066	21.3271347706568	23.8770468523083
0.067	20.9050755955802	22.1649654510182
0.068	20.2974150280406	20.8376339929433
0.069	18.5831827449185	20.532410555835
0.07	16.8564205854373	18.5961725498114
0.071	14.4176928881279	15.3051145653385
0.0720000000000001	12.7925791324194	12.1649822201664
0.0730000000000001	11.5387620918007	11.7847958364062
0.0740000000000001	10.7025740677463	10.8213333856418
0.0750000000000001	9.35447748264204	8.7456337982044
0.0760000000000001	9.24617648181778	7.87485565767779
0.0770000000000001	9.14531788300884	8.90853820817229
0.0780000000000001	9.42603946983292	8.34505869979105
0.0790000000000001	10.3910493440902	9.80810020563254
0.0800000000000001	11.7545883552348	11.1933572802833
0.0810000000000001	13.3221257715301	12.7621004125321
0.0820000000000001	15.3488623665874	15.2078237127546
0.0830000000000001	17.5626204919412	17.1303337644308
0.0840000000000001	18.8119204235596	19.53468017771
0.0850000000000001	20.976692002594	21.239333622201
0.0860000000000001	21.4088701401022	22.8826846631657
0.0870000000000001	22.8156511735848	23.8088924082362
0.0880000000000001	21.855477180774	24.4201265600091
0.0890000000000001	22.3895977619214	23.6065700621535
0.0900000000000001	20.5097566161552	23.2664246395014
0.0910000000000001	19.938459363563	20.6859161606262
0.0920000000000001	17.8062550852806	20.1958333870376
0.0930000000000001	15.9132666925997	15.879208908241
0.0940000000000001	14.1330351574089	15.5225599641779
0.0950000000000001	11.8534936584384	11.8453431520519
0.0960000000000001	10.6961919348357	11.1730692796816
0.0970000000000001	8.90089342389388	8.91477190749178
0.0980000000000001	8.59977841222386	8.48344653263603
0.0990000000000001	7.49015996775517	7.25610435510256
0.1	8.13018751698291	7.9999007987148
0.101	7.96078722114001	7.23412000799437
0.102	8.89347632077081	9.2742653026491
0.103	9.79271217173674	9.38927405106417
0.104	10.9202621956162	11.1536980027453
0.105	11.9825575806867	12.994583308891
0.106	13.7064096328124	13.3595506356412
0.107	14.4411006598322	15.4768013251309
0.108	14.9434293263671	16.9658315376293
0.109	16.0808740361863	16.6357411110038
0.11	16.3271854718754	17.1726312660266
0.111	15.8306936717328	18.3220212743089
0.112	15.4766645884777	18.0644472404469
0.113	14.8664059514578	16.6357125095
0.114	14.7613635632895	15.2243499656842
0.115	13.6476402697341	14.8881399955189
0.116	12.5744720574444	14.5047452976787
0.117	11.5950802396299	13.5730205951841
0.118	10.7153060005734	12.5817996604165
0.119	9.68410795176641	11.450393418386
0.12	8.78706654560057	10.2880358042719
0.121	7.97900955567904	9.04825647754652
0.122	7.43854459981554	7.81878228150606
0.123	6.96905825799975	7.67370122680827
0.124	6.83388341991862	8.15898392306756
0.125	6.89476321431634	8.35244355647969
0.126	6.64019408167887	8.03451332822597
0.127	6.04499768348307	7.09697612965047
0.128	5.73499851072045	6.21523086857204
0.129	5.67682308537735	6.83313075505163
0.13	5.90484805165419	7.23269966482893
0.131	5.47724619033866	6.66251328914385
0.132	4.4672994710399	5.13158085064165
0.133	4.20708292065897	5.03968614925372
0.134	4.44182568483724	5.51841946056857
0.135	4.03311030604311	4.96300254840734
0.136	2.96526722241178	3.48262645520533
0.137	2.7926349162031	3.42389193177134
0.138	3.01853052453563	3.81984903200671
0.139	2.63943900127088	3.30622560738051
0.14	1.77699655613662	2.12348927310263
0.141	1.86016156591063	2.35310525593011
0.142	2.12872387990605	2.76024126751961
0.143	1.85819410112543	2.41138098322547
0.144	1.25655857639878	1.57970738139002
0.145	1.33977158309575	1.7570174666584
0.146	1.70557759215299	2.28562369396398
0.147	1.65935981770398	2.22920019501049
0.148	1.2700614458612	1.69869556888314
0.149	0.93491832649052	1.27225332728253
0.15	1.27622987296399	1.76769484003362
0.151	1.5074305896173	2.06580227497171
0.152	1.41321200249527	1.9576414924261
0.153	1.09561372561468	1.56422321950497
0.154	0.726146695122076	1.05589272217811
0.155	0.718727709613744	1.06570216760339
0.156	0.908994055255201	1.3439750278242
0.157	0.976086211957431	1.44059921917077
0.158	0.901006219415268	1.32885192736517
0.159	0.729068371178037	1.10973515454162
0.16	0.513694288728042	0.798096175141481
0.161	0.391702418557155	0.591449821274051
0.162	0.443135679662357	0.665335690185485
0.163	0.575526062594316	0.858540827342376
0.164	0.696594109739741	1.02982163643874
0.165	0.759803859140437	1.09660233077248
0.166	0.761418693334933	1.10253058154749
0.167	0.682269060826677	0.986471879629794
0.168	0.581364868322622	0.809567278379347
0.169	0.56683532329912	0.770682359851382
0.17	0.686639698224932	0.958261538195258
0.171	0.862228779454528	1.20266631928419
0.172	0.966479534410523	1.33395875798284
0.173	0.913756549562189	1.28332030230891
0.174	0.746189851718185	1.0452212623277
0.175	0.603726349723864	0.820750057420302
0.176	0.614626618097902	0.852736960043882
0.177	0.758876588838291	1.09247144573428
0.178	0.804330433132521	1.15011887674257
0.179	0.665231125957415	0.965458020546132
0.18	0.476661768153772	0.682930042896823
0.181	0.465986786761114	0.657057373859756
0.182	0.57308869656659	0.850688289595448
0.183	0.602122893664948	0.914486040181923
0.184	0.466583223808238	0.724004915094179
0.185	0.315844870621942	0.493034725072069
0.186	0.330601086924211	0.520857176698606
0.187	0.430940865872854	0.704627665729814
0.188	0.426484249341334	0.703901512674869
0.189	0.297512024054513	0.531109615351921
0.19	0.199026841535491	0.361553381737861
0.191	0.249753011515694	0.436579571275097
0.192	0.328281887691839	0.586302004610309
0.193	0.319980220548345	0.59766411799503
0.194	0.227304271746774	0.458344263885879
0.195	0.151452822901785	0.306719963378456
0.196	0.179561478486346	0.346448082666306
0.197	0.258469564196847	0.475450051984329
0.198	0.291179547729977	0.538930552897014
0.199	0.261379241718657	0.505292137480893
0.2	0.197052275334213	0.385593377704834
0.201	0.181353911367667	0.315932620677019
0.202	0.243739056335721	0.380878003923139
0.203	0.343359007911658	0.533229051779098
0.204	0.420964190011867	0.654238509002355
0.205	0.443401295307657	0.671687636047743
0.206	0.413970415145991	0.629735858455618
0.207	0.384244000775547	0.548895222149097
0.208	0.404188100916834	0.526502491755848
0.209	0.488295934636303	0.637664263846442
0.21	0.614915367821554	0.83185651467394
0.211	0.712679408142895	0.958633856173212
0.212	0.712523236390627	0.974761781870791
0.213	0.648472788866618	0.868526320853114
0.214	0.591783005123186	0.73622133120424
0.215	0.618627222594928	0.756899726828694
0.216	0.694397512015978	0.90199471779962
0.217	0.790707148623925	1.05629632836647
0.218	0.763133270640489	1.01013760639886
0.219	0.64016038654529	0.839464000395141
0.22	0.567274618684085	0.692686840946279
0.221	0.597018512799066	0.745857076218564
0.222	0.654782249197547	0.891489381090865
0.223	0.642633112224625	0.902872323662432
0.224	0.514325833125599	0.719134537122342
0.225	0.409142365144241	0.537465349663081
0.226	0.430530945292506	0.579530572367973
0.227	0.4924341951722	0.71230081732334
0.228	0.466132317684831	0.696367902644193
0.229	0.339913903249771	0.52622574798668
0.23	0.26782272598267	0.39039776992454
0.231	0.295624120812065	0.428467263722367
0.232	0.348324244951289	0.554641835516677
0.233	0.321435260172814	0.547821852010801
0.234	0.231637995468388	0.411709717455388
0.235	0.177698972432708	0.28566991316599
0.236	0.217552282098361	0.344480259958648
0.237	0.281088138221137	0.467284809899068
0.238	0.285701134820617	0.49313534391237
0.239	0.229432633136018	0.422125030102981
0.24	0.176353228860249	0.304626613869751
0.241	0.196299780565839	0.297704944779911
0.242	0.267223190789436	0.402048140132724
0.243	0.32673138946371	0.522625383726242
0.244	0.333091805023968	0.542131324222615
0.245	0.289347967798767	0.466874037475629
0.246	0.249952488058304	0.372458296691992
0.247	0.288244197539761	0.381893320881082
0.248	0.368124538211358	0.494775899812256
0.249	0.450870709763714	0.645287874992004
0.25	0.473691421733477	0.693048146168908
0.251	0.437093375771832	0.625649521173367
0.252	0.381625837503018	0.50917811267125
0.253	0.400334374501994	0.493381328168737
0.254	0.475966463239565	0.595249098323354
0.255	0.55936248971933	0.750931873180996
0.256	0.591759254689267	0.823728937268949
0.257	0.537639708683891	0.743922385455146
0.258	0.464782440460336	0.603368834040832
0.259	0.463023028227833	0.56114662413789
0.26	0.531917802122587	0.674572841322129
0.261	0.605552225842786	0.807686064773161
0.262	0.587460106146023	0.812790261893101
0.263	0.489896410811013	0.670765358145935
0.264	0.418269297867884	0.528812269125765
0.265	0.440433807574483	0.557169071162396
0.266	0.500833371935129	0.690315913989
0.267	0.514185542330701	0.736757735929623
0.268	0.427713000444928	0.614263776716644
0.269	0.330778889823083	0.454193988787645
0.27	0.342737500851522	0.449125513772184
0.271	0.399233804206348	0.560300246173264
0.272	0.417143026849189	0.627524023311557
0.273	0.346038014893743	0.543157883319565
0.274	0.258266929591076	0.392002984241341
0.275	0.250232781053932	0.341934533952802
0.276	0.310684200885034	0.454685193485344
0.277	0.351659061869927	0.548836916258215
0.278	0.314579785768122	0.507360656789856
0.279	0.23745379504171	0.38881987022941
0.28	0.216655723690513	0.310396917225074
0.281	0.268066254372619	0.376416910793201
0.282	0.333945445141717	0.504639357886247
0.283	0.342217019498766	0.546450332179044
0.284	0.292897208103016	0.476569732862314
0.285	0.242022170645973	0.365593132929987
0.286	0.259412516499528	0.349420294908704
0.287	0.334316845982801	0.454509149614305
0.288	0.400888463340173	0.577952193651574
0.289	0.411407538631611	0.619054083435388
0.29	0.354564607772338	0.524679218754189
0.291	0.316000984211399	0.438110785328925
0.292	0.3317050708944	0.417390525282621
0.293	0.413968216393483	0.542822283793597
0.294	0.497839466248089	0.683363455878143
0.295	0.498396659744182	0.704472300971952
0.296	0.438318360973603	0.621467185364743
0.297	0.385769878254281	0.500201990156477
0.298	0.410298088794561	0.505438712267758
0.299	0.469166826514617	0.611348882669804
0.3	0.541328711914159	0.745082424959191
0.301	0.524420084224109	0.723072928313709
0.302	0.440446922839399	0.599782607294943
0.303	0.397668268558161	0.498368673232874
0.304	0.434697860505792	0.538492849107339
0.305	0.492379044794772	0.664564401350703
0.306	0.508819437498729	0.721553753460088
0.307	0.439207829996056	0.631526735035906
0.308	0.35606364675166	0.479823200936563
0.309	0.358006367221283	0.453208060614038
0.31	0.421021784744236	0.568360530592931
0.311	0.463418771923152	0.659775103234973
0.312	0.411758735798047	0.610597805545489
0.313	0.320251138954851	0.468041353160069
0.314	0.293439917700591	0.388895136596298
0.315	0.332560249375934	0.447455579666982
0.316	0.389638382148431	0.578012963690986
0.317	0.374748370572884	0.578869534046031
0.318	0.299082095127407	0.461253240212985
0.319	0.248468780109319	0.356165848522306
0.32	0.282023145055118	0.378965920375995
0.321	0.350731587876043	0.50327181302841
0.322	0.374799261138209	0.571868157840867
0.323	0.326840575308706	0.517769418918607
0.324	0.252360128412926	0.379241777567408
0.325	0.252465287514703	0.33659714956885
0.326	0.318683221752257	0.435944325918572
0.327	0.390029033759078	0.565109568223171
0.328	0.393749816295817	0.589315233353675
0.329	0.33505044849723	0.512632742019635
0.33	0.288687829817064	0.405168746316281
0.331	0.313055281182832	0.405849234938167
0.332	0.374570603324037	0.503127304835413
0.333	0.438254399054261	0.629765860310127
0.334	0.438853476842808	0.640909687746413
0.335	0.374179353438702	0.535150702804919
0.336	0.325355679054032	0.425805037553749
0.337	0.375007745606167	0.467242963359857
0.338	0.436694638404334	0.574740452841505
0.339	0.492916466011951	0.69773283367478
0.34	0.453210892457384	0.64817413506967
0.341	0.38706701394089	0.540664574172642
0.342	0.355726327408075	0.449302889223675
0.343	0.404978783148333	0.510434938953655
0.344	0.485111731204244	0.653534912260275
0.345	0.499988120190288	0.705261271904206
0.346	0.435473549119787	0.627661667294991
0.347	0.35617750950178	0.479484411188749
0.348	0.352921998540892	0.439588286168062
0.349	0.410696014455457	0.546300961415917
0.35	0.471034013248472	0.668530423775579
0.351	0.447556971450694	0.647129944986156
0.352	0.357108408597799	0.508458241274896
0.353	0.312878860100019	0.403711245134583
0.354	0.363074518808655	0.469944396229363
0.355	0.420185493259278	0.5896388808733
0.356	0.428012039886392	0.637585801220723
0.357	0.357677346633614	0.539099764978142
0.358	0.290357451978216	0.40704963421518
0.359	0.300284687237228	0.385239352479776
0.36	0.367384935149838	0.504508667984017
0.361	0.416427036964273	0.606095428850842
0.362	0.379025593202019	0.574105486464998
0.363	0.302434193995475	0.45264747328956
0.364	0.271188658328543	0.357447646383229
0.365	0.319162836570379	0.421829241289149
0.366	0.389446170529074	0.563403513343801
0.367	0.405595852864656	0.607810651045126
0.368	0.349824081861266	0.525858911237321
0.369	0.284649044232077	0.407963997582746
0.37	0.304306458249739	0.395365316753558
0.371	0.363960002572117	0.485022327266665
0.372	0.422986202740392	0.609339143365312
0.373	0.4096128066606	0.614580347225925
0.374	0.342585351708766	0.509820207076614
0.375	0.300807142410891	0.40380267708897
0.376	0.338223773428211	0.430982374229108
0.377	0.421072849564677	0.570478716437795
0.378	0.459524745576263	0.653135577324084
0.379	0.423550743942371	0.623638844539436
0.38	0.348075248142699	0.493442571689973
0.381	0.319561181816392	0.409623103697192
0.382	0.370630543085363	0.47873348236094
0.383	0.448012982742258	0.625499138463482
0.384	0.4732823342217	0.67813176354438
0.385	0.406546249947644	0.584218167277438
0.386	0.337979779936832	0.462082997529928
0.387	0.342520191312809	0.424871065882955
0.388	0.403544972341661	0.530609489166328
0.389	0.462598309835463	0.660109272938359
0.39	0.435119973948317	0.640263665826779
0.391	0.359255448674924	0.518019932616732
0.392	0.308928348974766	0.396403145617852
0.393	0.358803160268012	0.460062936277525
0.394	0.435994096586521	0.597838493535084
0.395	0.450609390545055	0.65038795963429
0.396	0.390520193836385	0.580527924881825
0.397	0.314226481645755	0.438676559820737
0.398	0.312141797285731	0.397279961656983
0.399	0.371414588706206	0.500728603776713
0.4	0.430787892341433	0.621900888468985
0.401	0.414129638578493	0.611067242214974
0.402	0.332902987013689	0.486812058122567
0.403	0.289450484381278	0.382925715946776
0.404	0.337492878173316	0.438462308751148
0.405	0.398677362608575	0.557953571891471
0.406	0.419949083114827	0.625389963063354
0.407	0.363620134232427	0.551501518540836
0.408	0.295665319390524	0.422291865366675
0.409	0.293767551086019	0.374819943522318
0.41	0.367664043656955	0.493676287771401
0.411	0.423754893859309	0.603682184258458
0.412	0.410355625433148	0.610291127057766
0.413	0.339116707043348	0.506313257316958
0.414	0.290965663510215	0.398236860405268
0.415	0.318522056963121	0.40952753266417
0.416	0.389192872639674	0.540575148929252
0.417	0.436382867553184	0.634048090259339
0.418	0.39623056702562	0.58444117024993
0.419	0.313918578293215	0.445368242407523
0.42	0.30239759076256	0.387016080087727
0.421	0.363778371352581	0.476623579939197
0.422	0.426369020677842	0.601824749735216
0.423	0.431114714127858	0.638311643301838
0.424	0.369362001354848	0.550292447111402
0.425	0.307103643269099	0.421631130924593
0.426	0.323762576155256	0.411158073226327
0.427	0.402100115198625	0.538628676261961
0.428	0.448755602419609	0.636770482197486
0.429	0.42296948559277	0.62640845083309
0.43	0.344982811256926	0.499609817183879
0.431	0.301757080986879	0.394448384187594
0.432	0.344511882418085	0.445140933779828
0.433	0.420815463140069	0.589871156878587
0.434	0.450208782963434	0.651280569056367
0.435	0.389139124781211	0.569114948997368
0.436	0.31762361100147	0.446428840702535
0.437	0.316070079598296	0.397230859171452
0.438	0.375013701145562	0.495811146800756
0.439	0.434903575313027	0.626198349590344
0.44	0.414522017929741	0.618215790520221
0.441	0.342791650802394	0.504585422911923
0.442	0.290460650249317	0.380399411375457
0.443	0.33573880846094	0.432030191077247
0.444	0.412851616068696	0.566664797484243
0.445	0.437039967316433	0.63330763840418
0.446	0.386977188579137	0.580140325434022
0.447	0.310563132581124	0.442717383247845
0.448	0.300641905959406	0.384717890228059
0.449	0.358412234709326	0.476577748988566
0.45	0.426395123935509	0.608861933291044
0.451	0.425655412254686	0.623584815158097
0.452	0.351224461573186	0.51554105120961
0.453	0.303562698370382	0.41184071568777
0.454	0.332806023035482	0.426105582406341
0.455	0.394232243932675	0.540615875739412
0.456	0.431365362269314	0.632295613385297
0.457	0.389183100826937	0.584443798479404
0.458	0.316607066285191	0.455890932367873
0.459	0.293844651732458	0.375686687377571
0.46	0.354067486312035	0.46267186259556
0.461	0.423960274215558	0.59467145843962
0.462	0.427653234706695	0.630315284582992
0.463	0.362418522648584	0.541902872022857
0.464	0.298216472005636	0.416549051219709
0.465	0.310347488918264	0.396635293734466
0.466	0.380311318589299	0.519456694540406
0.467	0.438871002026	0.631451114850062
0.468	0.410347546800055	0.603894112241218
0.469	0.332339416039686	0.486628910330019
0.47	0.307031840339793	0.402669287190383
0.471	0.350411333481385	0.454791927975249
0.472	0.414965874030351	0.580242116023795
0.473	0.432455217412227	0.637238065417162
0.474	0.378654625228532	0.565329454162091
0.475	0.308970074177713	0.432005929919204
0.476	0.310791198125341	0.396476162263694
0.477	0.378596661700747	0.501045319756837
0.478	0.437726823934264	0.620190447845875
0.479	0.424591063821984	0.630679611865096
0.48	0.349357019691461	0.513444289918942
0.481	0.295770720657989	0.39405148430764
0.482	0.329445480023665	0.423818469740404
0.483	0.408271018140454	0.568197959342897
0.484	0.447695304101878	0.645855193350437
0.485	0.396494607625528	0.582950824363185
0.486	0.321315546163076	0.460358193448671
0.487	0.316158106246747	0.403064182164304
0.488	0.366729518351193	0.484408143661571
0.489	0.426200470940432	0.608890319695083
0.49	0.420477861290387	0.624168388738594
0.491	0.354298463117263	0.523315533849914
0.492	0.290933439517761	0.386932524215251
0.493	0.324947735226946	0.41485651711799
0.494	0.401780969372951	0.544923940756075
0.495	0.438322675360693	0.631139501273984
0.496	0.399672363525207	0.598838567231782
0.497	0.320839373498528	0.464789121258219
0.498	0.296042928443258	0.382046956083493
0.499	0.347326991396922	0.45584217594272
0.5	0.421025803698569	0.595493104516434
0.501	0.432821623538368	0.631579863705235
0.502	0.36370361733975	0.537907764273446
0.503	0.304335139029625	0.421966459023692
0.504	0.315256329024592	0.396151092904657
0.505	0.375242207511928	0.50423704056475
0.506	0.429570312339104	0.625795303468125
0.507	0.403006429789718	0.603083600738593
0.508	0.330429412064799	0.48072994961538
0.509	0.297778827305499	0.395631530852838
0.51	0.344231594494989	0.443150473522836
0.511	0.416759035119777	0.57595734444103
0.512	0.439674032231886	0.641372227410291
0.513	0.383984274584439	0.572637993316382
0.514	0.304677841352061	0.425455189804919
0.515	0.307704349158536	0.390889394152796
0.516	0.374461080397898	0.499398869938239
0.517	0.44661422582838	0.631113900678793
0.518	0.433757723057399	0.632167245435588
0.519	0.357438620743071	0.526526842710493
0.52	0.312521929873908	0.417034534146066
0.521	0.336308553302005	0.428196649203319
0.522	0.407444623653026	0.562132685952949
0.523	0.438941245985573	0.641261347046218
0.524	0.399341346215492	0.593605319774678
0.525	0.321553798193394	0.456690199097589
0.526	0.312207628246994	0.405730595522095
0.527	0.366617427423519	0.477056727345868
0.528	0.430340597804512	0.604201524267701
0.529	0.433687994619145	0.641183049483821
0.53	0.362965189244717	0.537172557057448
0.531	0.297732382742305	0.403921452620132
0.532	0.318502120086852	0.405934387761885
0.533	0.392219667098203	0.53460178957787
0.534	0.449343364944205	0.642626131628866
0.535	0.409269636971055	0.602186802744777
0.536	0.331277616401329	0.482604154548078
0.537	0.30963167366167	0.400283252772044
0.538	0.34913137141299	0.451596464709203
0.539	0.416906682443744	0.590774956899424
0.54	0.425266246951755	0.628972015012827
0.541	0.368198200233924	0.545688599572996
0.542	0.294276731070912	0.399441107761866
0.543	0.313607719367113	0.399087112459501
0.544	0.381612835421963	0.507645820446473
0.545	0.434538853587943	0.621632912098244
0.546	0.41212730093272	0.616416325394811
0.547	0.333853271438748	0.490075624708103
0.548	0.294237898160892	0.38459412114344
0.549	0.336435647656497	0.433752525259229
0.55	0.416800838309094	0.579216550937375
0.551	0.444003784675628	0.64079711770884
0.552	0.386613557355119	0.571625951236621
0.553	0.316870685121631	0.447540021084608
0.554	0.317106971872824	0.406601181041551
0.555	0.367175084963956	0.484167990759989
0.556	0.430506753865837	0.618637217757829
0.557	0.423442955272122	0.626914962417517
0.558	0.352985199367295	0.515207476440075
0.559	0.301690688665253	0.408415595617795
0.56	0.334157258238061	0.425221899289006
0.561	0.40181006521994	0.543303558677145
0.562	0.44468064745035	0.64423953485679
0.563	0.400271060388842	0.598016132690954
0.564	0.314373423119557	0.448957754039588
0.565	0.29945099884082	0.383383225522376
0.566	0.358941967925571	0.472521972835452
0.567	0.437047471739575	0.612637229051797
0.568	0.437811141138313	0.636866931798472
0.569	0.367188874618616	0.546207921023006
0.57	0.309652413213759	0.423127117329396
0.571	0.329464540246493	0.423096902982072
0.572	0.384450762731442	0.521336520866285
0.573	0.435486135040866	0.632881987087206
0.574	0.410100939605741	0.608268171123627
0.575	0.33147093192536	0.4768730178589
0.576	0.298188713538343	0.387894533358484
0.577	0.351308648484787	0.451921388648755
0.578	0.420240656336455	0.584903395051823
0.579	0.440009653100728	0.647519185997221
0.58	0.37792877637807	0.562653088072587
0.581	0.311397126775941	0.436332091360501
0.582	0.310070203784028	0.393017617751615
0.583	0.380521475963638	0.510107444873189
0.584	0.446868071430815	0.632770390436819
0.585	0.423214345570056	0.620023990785805
0.586	0.347667451692773	0.511731066894442
0.587	0.300160220322489	0.39048970895524
0.588	0.345990448700545	0.446201685209746
0.589	0.41048203883002	0.572618196968032
0.59	0.437779015729984	0.639689857641454
0.591	0.393838959859886	0.58040536989634
0.592	0.316113559514099	0.44471342349592
0.593	0.309908952712336	0.394909626845034
0.594	0.370541912011463	0.482942106407468
0.595	0.433766170030815	0.612422904098062
0.596	0.428657406769484	0.636808210666708
0.597	0.355660821748915	0.526182451338245
0.598	0.304523827914461	0.412156456399206
0.599	0.328052444285565	0.416115023557459
0.6	0.406559173195272	0.556139329473678
0.601	0.446697641968653	0.639586496326179
0.602	0.403341350019225	0.596465631795186
0.603	0.327095966530576	0.471533869672167
0.604	0.301603891413947	0.384231857092401
0.605	0.35220524965354	0.458670069874396
0.606	0.421828673826782	0.601447109382065
0.607	0.431977475216726	0.636402515837344
0.608	0.368588069027951	0.541375876297764
0.609	0.302484397999342	0.419534554195787
0.61	0.327293718614174	0.419545173235451
0.611	0.386685090459662	0.516123055839653
0.612	0.438374595534443	0.632003758688415
0.613	0.407268110501657	0.60999875078601
0.614	0.330172502877417	0.485412615969037
0.615	0.299526678527739	0.395186677115362
0.616	0.345185236068145	0.448327316868989
0.617	0.424310001760417	0.588976907014806
0.618	0.440029773288426	0.637165299750806
0.619	0.38022521734827	0.567908511550494
0.62	0.312632027352837	0.437763158095225
0.621	0.310412359857533	0.397339303781578
0.622	0.370148002528145	0.496048854926631
0.623	0.432494271821515	0.624220812452846
0.624	0.423746473471667	0.62589219642793
0.625	0.347788694643066	0.505668975877145
0.626	0.296426526113964	0.393241835120591
0.627	0.345591672968781	0.442606491837476
0.628	0.406219014736314	0.559928932831284
0.629	0.439083129187569	0.643251755322296
0.63	0.388011226845114	0.580441849556854
0.631	0.315430052784637	0.45099442602282
0.632	0.299804685136371	0.380814077632419
0.633	0.36637117325239	0.483682676631125
0.634	0.438326931210784	0.615123113696072
0.635	0.430672212716254	0.628787474555699
0.636	0.360083552548968	0.534478491500308
0.637	0.306716516583927	0.414303991642044
0.638	0.332560320761481	0.427195974606322
0.639	0.396885191134697	0.547346747628407
0.64	0.436881243287834	0.63484933177626
0.641	0.403856319288315	0.595273069099935
0.642	0.323671999262607	0.463239405383985
0.643	0.300219100963127	0.387030001285651
0.644	0.353191033215616	0.456628113091921
0.645	0.419136605736525	0.58965817905477
0.646	0.426630254330518	0.634703276185016
0.647	0.361104866263111	0.540672443679149
0.648	0.300369498533032	0.416373059146889
0.649	0.313415646196107	0.396813424020986
0.65	0.391228880800996	0.529633606856044
0.651	0.439283324488535	0.626966520300218
0.652	0.410875311351471	0.608443093873305
0.653	0.335252106172771	0.490881234757973
0.654	0.301994204182314	0.400488070180763
0.655	0.339137244893425	0.437213090349557
0.656	0.411813691452221	0.580274659076533
0.657	0.439058898233169	0.641174956552191
0.658	0.384678123703661	0.564859997526263
0.659	0.311197057144351	0.438974111142588
0.66	0.312468463635726	0.396223420014452
0.661	0.373820793469821	0.493093752110338
0.662	0.435026025804628	0.621607269825099
0.663	0.420353649991416	0.626957574434492
0.664	0.34818393230792	0.516627386895445
0.665	0.301170346308845	0.404180213837171
0.666	0.335465753755849	0.4300838171009
0.667	0.414948921861445	0.567982543325566
0.668	0.445716371201438	0.640461075256619
0.669	0.399214433703387	0.595474533982369
0.67	0.322777305775992	0.460873615230309
0.671	0.302635915892616	0.39031926188179
0.672	0.357023524801447	0.471058154907557
0.673	0.426328083801293	0.609061264601548
0.674	0.429773464179941	0.626960211582033
0.675	0.363375238338012	0.53075518958655
0.676	0.306427283788897	0.419604246822338
0.677	0.333947532509486	0.424719080449007
0.678	0.390014667082871	0.523982808152931
0.679	0.436688102463971	0.636078359501893
0.68	0.397313621269617	0.595073920170676
0.681	0.323567196145903	0.470037705605795
0.682	0.292512043336132	0.375104225211052
0.683	0.352219714727779	0.459881179930153
0.684	0.427055929976608	0.594806297317663
0.685	0.432365034452022	0.630586823098972
0.686	0.368551074078006	0.551407453861066
0.687	0.303572106043441	0.420918310462005
0.688000000000001	0.312117118987386	0.397769495492236
0.689000000000001	0.374509233530869	0.508303451761503
0.690000000000001	0.430568618638541	0.622999333830817
0.691000000000001	0.410687264667731	0.605511443590516
0.692000000000001	0.332210660672033	0.482091147936289
0.693000000000001	0.295468514127606	0.386526858316149
0.694000000000001	0.347227206769456	0.44841810234331
0.695000000000001	0.4089775644699	0.569243714740492
0.696000000000001	0.430351236756307	0.635768752848427
0.697000000000001	0.374794039011894	0.561992119794784
0.698000000000001	0.307166440589136	0.432739615390129
0.699000000000001	0.305935958646016	0.386220185997114
0.700000000000001	0.37379120297825	0.494831620970353
0.701000000000001	0.438445247775362	0.619057264309375
0.702000000000001	0.425655292034838	0.627099759149293
0.703000000000001	0.352787086111385	0.520561901098702
0.704000000000001	0.302663992109506	0.409832796271108
0.705000000000001	0.328824309015643	0.420232891948341
0.706000000000001	0.398229590488208	0.551003570657858
0.707000000000001	0.445271929384803	0.644198678521533
0.708000000000001	0.402003201136782	0.589964429651284
0.709000000000001	0.32386395767388	0.464570091895522
0.710000000000001	0.307552919241104	0.391921269598126
0.711000000000001	0.368075980493425	0.482882157491547
0.712000000000001	0.428701296591577	0.606234303734154
0.713000000000001	0.429119208119521	0.636176745780149
0.714000000000001	0.363469461237948	0.541297935499989
0.715000000000001	0.303067022413388	0.4139750481339
0.716000000000001	0.330896232971567	0.42643781924015
0.717000000000001	0.401428503603312	0.542963922646626
0.718000000000001	0.44270904222809	0.632632871745255
0.719000000000001	0.408561262143995	0.609131829402762
0.720000000000001	0.329175324688214	0.477200742237968
0.721000000000001	0.294499584853261	0.38469157231568
0.722000000000001	0.341798450847394	0.447627907261482
0.723000000000001	0.414869713747005	0.589892765449883
0.724000000000001	0.433991092162556	0.636030508782306
0.725000000000001	0.367889065845061	0.54229435905051
0.726000000000001	0.302931106879762	0.424952037529427
0.727000000000001	0.311259361208791	0.394150626223938
0.728000000000001	0.373185565556066	0.499463324382462
0.729000000000001	0.427627292412392	0.621780316399563
0.730000000000001	0.400245145289078	0.601339604009336
0.731000000000001	0.328901155099006	0.484662912410091
0.732000000000001	0.286290526931358	0.37275013631044
0.733000000000001	0.338490884359411	0.437731928296155
0.734000000000001	0.41599231435054	0.573466350670015
0.735000000000001	0.436232346956979	0.632598848206882
0.736000000000001	0.385025507136843	0.575617312589796
0.737000000000001	0.312693215165936	0.441489966360248
0.738000000000001	0.308168502480958	0.392018093827689
0.739000000000001	0.36825678928779	0.488441130484629
0.740000000000001	0.437426875874322	0.621362413494125
0.741000000000001	0.436921874906627	0.635472398810175
0.742000000000001	0.363371197565522	0.528004293590232
0.743000000000001	0.315901120683719	0.423989240114757
0.744000000000001	0.345516071088012	0.438571125362304
0.745000000000001	0.407223661834773	0.554159621435621
0.746000000000001	0.446153773261222	0.648296911170995
0.747000000000001	0.405582323751551	0.602580148948898
0.748000000000001	0.331326670666552	0.472127501405756
0.749000000000001	0.312189416487377	0.405266744590309
0.750000000000001	0.365248372194238	0.473812201691604
0.751000000000001	0.434807228332576	0.605723951627374
0.752000000000001	0.438705820629344	0.642254176884105
0.753000000000001	0.371645932423188	0.551425206808865
0.754000000000001	0.305507655916465	0.423440632502672
0.755000000000001	0.316843221159927	0.403553038747793
0.756000000000001	0.385221408208465	0.526578040791764
0.757000000000001	0.44252216588144	0.637041679839876
0.758000000000001	0.410173011333014	0.603897332705253
0.759000000000001	0.329665905324612	0.482020933093914
0.760000000000001	0.305665171616407	0.400500329746207
0.761000000000001	0.350285627929779	0.457573680272122
0.762000000000001	0.413406637850557	0.582248518423463
0.763000000000001	0.425287577782438	0.631060089250171
0.764000000000001	0.367250658854995	0.551571051238752
0.765000000000001	0.300061189002671	0.41935312381983
0.766000000000001	0.308276717106598	0.394646262676034
0.767000000000001	0.383679069288532	0.514937309525759
0.768000000000001	0.43291859629385	0.617282860453625
0.769000000000001	0.412836133604605	0.616710786471131
0.770000000000001	0.337568451821357	0.496692299052731
0.771000000000001	0.290456773543179	0.385986379408671
0.772000000000001	0.329600905838151	0.426480730533498
0.773000000000001	0.407503986923045	0.571070263397278
0.774000000000001	0.443489733429913	0.642650524533636
0.775000000000001	0.389710399466023	0.573852161344885
0.776000000000001	0.316993790421629	0.452734470937717
0.777000000000001	0.317404767781131	0.404125720948651
0.778000000000001	0.365641123918221	0.478879125108553
0.779000000000001	0.429992401554695	0.61487096408599
0.780000000000001	0.42317718515225	0.627709795508846
0.781000000000001	0.357730025573069	0.526791622311685
0.782000000000001	0.29674475220182	0.392980686562379
0.783000000000001	0.33259012796796	0.422727743715363
0.784000000000001	0.41061030036866	0.553907094837819
0.785000000000001	0.449640840609182	0.643230099080697
0.786000000000001	0.41359558833543	0.614367859641637
0.787000000000001	0.335234781074896	0.481308789392107
0.788000000000001	0.307838017863612	0.394268054772385
0.789000000000001	0.358126607233936	0.464649294240574
0.790000000000001	0.43518230473047	0.608079200052186
0.791000000000001	0.452617713439955	0.652274478704762
0.792000000000001	0.385308074459644	0.563424660202136
0.793000000000001	0.321693008749269	0.44261824736669
0.794000000000001	0.334029140136815	0.423572151853365
0.795000000000001	0.386170435465676	0.513701708920593
0.796000000000001	0.442988931993474	0.639239722062162
0.797000000000001	0.419313066432153	0.621656124043531
0.798000000000001	0.34446300305705	0.497720995944015
0.799000000000001	0.306101835836868	0.405591778519424
0.800000000000001	0.349319433222046	0.448022408367421
0.801000000000001	0.42128720096732	0.581038419176955
0.802000000000001	0.44364164603847	0.646732245557213
0.803000000000001	0.385868735947349	0.575663180166421
0.804000000000001	0.304149616309721	0.425102201698559
0.805000000000001	0.306059153767438	0.389831162456743
0.806000000000001	0.372507323361732	0.499623948027664
0.807000000000001	0.441140766686209	0.627334194200923
0.808000000000001	0.424867168544344	0.622927880064776
0.809000000000001	0.347609575068874	0.514627327868572
0.810000000000001	0.305481091268382	0.408583420462339
0.811000000000001	0.332051039655033	0.425336691920877
0.812000000000001	0.402838903595965	0.559503373092683
0.813000000000001	0.432045839851161	0.634803722490151
0.814000000000001	0.390197396824973	0.583143724127628
0.815000000000001	0.315538303690138	0.449020960612623
0.816000000000001	0.302070966137799	0.388530099598704
0.817000000000001	0.366059766038832	0.477889265671703
0.818000000000001	0.431996530100318	0.606700255857806
0.819000000000001	0.437070080390559	0.645502390978105
0.820000000000001	0.368423113800207	0.544161057172011
0.821000000000001	0.30336601039698	0.411257137909443
0.822000000000001	0.323695826568829	0.410682502164171
0.823000000000001	0.398417071092733	0.53888088102635
0.824000000000001	0.460600482953648	0.653152773906768
0.825000000000001	0.425797836984152	0.621185574530235
0.826000000000001	0.349007162551051	0.505175419658337
0.827000000000001	0.322050598417278	0.414673406743153
0.828000000000001	0.35938886594274	0.459080292799672
0.829000000000001	0.429108248063278	0.599931298228836
0.830000000000001	0.446598855201284	0.651410594104772
0.831000000000001	0.394710243871693	0.577412547955701
0.832000000000001	0.320999142924549	0.442209833825976
0.833000000000001	0.333268785408917	0.424386926952106
0.834000000000001	0.391903826116879	0.512749542423825
0.835000000000001	0.447693556703732	0.633628915343748
0.836000000000001	0.43161631231048	0.639158120850772
0.837000000000001	0.352442748265245	0.514628489521356
0.838000000000001	0.311181341912517	0.412884207495
0.839000000000001	0.348750206094052	0.45120835342832
0.840000000000001	0.419033870346362	0.580237621012003
0.841000000000001	0.449336998633134	0.646496537799964
0.842000000000001	0.391556064277477	0.578770109257362
0.843000000000001	0.317979497541903	0.451354416272179
0.844000000000001	0.314039253484948	0.404616778574692
0.845000000000001	0.362697496463771	0.480213666161063
0.846000000000001	0.424200213421796	0.613343068433174
0.847000000000001	0.414798149247596	0.618903550123311
0.848000000000001	0.343352663623838	0.50586057695033
0.849000000000001	0.292517946180936	0.399644468703483
0.850000000000001	0.325308256154928	0.417790807268643
0.851000000000001	0.393779941463151	0.53649795650034
0.852000000000001	0.433628646896953	0.633007198820418
0.853000000000001	0.389469946431825	0.586382197655509
0.854000000000001	0.306252833331031	0.440242662352091
0.855000000000001	0.293675372541739	0.377680654222492
0.856000000000001	0.354774705682033	0.467856595948916
0.857000000000001	0.433211175771736	0.60775298813523
0.858000000000001	0.437547724605266	0.636275472207029
0.859000000000001	0.371066365618313	0.551705402363332
0.860000000000001	0.313781045638218	0.429774267020715
0.861000000000001	0.332201822453436	0.425299711301015
0.862000000000001	0.388572824205298	0.522123498288761
0.863000000000001	0.445019517970439	0.641042425701307
0.864000000000001	0.428167063322888	0.628916389515592
0.865000000000001	0.350811450647305	0.502197410147002
0.866000000000001	0.31796432509065	0.418152959076885
0.867000000000001	0.358164842702562	0.454529605220557
0.868000000000001	0.428185360916011	0.58854052701499
0.869000000000001	0.456818946778098	0.664709177455698
0.870000000000001	0.400070203006885	0.590864566973439
0.871000000000001	0.328268849946608	0.460215736793047
0.872000000000001	0.317477095264317	0.39991928965239
0.873000000000001	0.386091353621955	0.510294797514933
0.874000000000001	0.456955100800706	0.640332985986045
0.875000000000001	0.441272877575006	0.641254407389302
0.876000000000001	0.365116892479205	0.536235422778107
0.877000000000001	0.316145661838157	0.41945797191657
0.878000000000001	0.346445707259204	0.444458622155596
0.879000000000001	0.410538578662482	0.568802372165937
0.880000000000001	0.442727442859922	0.644211822477878
0.881000000000001	0.401729227941141	0.591020893196393
0.882000000000001	0.320561154386237	0.453335560281604
0.883000000000001	0.307201103641582	0.392755260468266
0.884000000000001	0.365062025863584	0.475363803984314
0.885000000000001	0.429111817649635	0.606252947885197
0.886000000000001	0.426806192422592	0.635648836032687
0.887000000000001	0.354465845650351	0.527588047046645
0.888000000000001	0.3007115453322	0.410731250269861
0.889000000000001	0.321885761645126	0.409340914504677
0.890000000000001	0.400128877262318	0.547992498360037
0.891000000000001	0.441142868507707	0.633451591833878
0.892000000000001	0.400671648103752	0.595004138181461
0.893000000000001	0.324505188756386	0.471528448631393
0.894000000000001	0.296570711589791	0.380573828999162
0.895000000000001	0.346272101804644	0.450903307478187
0.896000000000001	0.417595451984116	0.59487689549655
0.897000000000001	0.432751477466259	0.636987942788506
0.898000000000001	0.37256957872462	0.547896485318619
0.899000000000001	0.30502015052872	0.425565262093367
0.900000000000001	0.32619884915491	0.417493028522714
0.901000000000001	0.385138936787431	0.510719322004888
0.902000000000001	0.441432044746198	0.632806376673679
0.903000000000001	0.418039154934442	0.623155140526513
0.904000000000001	0.343266237416013	0.504640701449948
0.905000000000001	0.305706677230811	0.404602714488214
0.906000000000001	0.346972459069216	0.445723054179814
0.907000000000001	0.427964771984506	0.587341838358558
0.908000000000001	0.451889968732771	0.648816368971584
0.909000000000001	0.398578883088285	0.591724786944384
0.910000000000001	0.324643043141047	0.456876080865897
0.911000000000001	0.312903124688596	0.40029881701156
0.912000000000001	0.370177839579664	0.490720910867884
0.913000000000001	0.436936447744764	0.625468828663157
0.914000000000001	0.437250053786497	0.641030137841317
0.915000000000001	0.3624371423333	0.526108814746384
0.916000000000001	0.310223964952682	0.419608208741619
0.917000000000001	0.343978783050557	0.438120490311142
0.918000000000001	0.404873201723832	0.553714353039986
0.919000000000001	0.442852723295419	0.645717035467887
0.920000000000001	0.396575522030882	0.592483823950369
0.921000000000001	0.321682847669273	0.462677288086187
0.922000000000001	0.298036481077718	0.379850423046819
0.923000000000001	0.361475686650638	0.475048241461831
0.924000000000001	0.435200939535303	0.609065140623734
0.925000000000001	0.431712061618166	0.63054782111586
0.926000000000001	0.362500002181972	0.540681861084414
0.927000000000001	0.303460754580115	0.414924946342157
0.928000000000001	0.325414587925802	0.419366821150541
0.929000000000001	0.383806026024909	0.524723749341486
0.930000000000001	0.431612067904664	0.628262862361029
0.931000000000001	0.40268253904168	0.595460911910635
0.932000000000001	0.322803520147208	0.466044355072952
0.933000000000001	0.295721021055925	0.38400930784973
0.934000000000001	0.346273312744932	0.446743272732719
0.935000000000001	0.414332003438327	0.581368161628342
0.936000000000001	0.426709131187012	0.634181584766098
0.937000000000001	0.365541088755594	0.548467049450558
0.938000000000001	0.302061189744777	0.421828784405417
0.939000000000001	0.310613184160506	0.392535686676935
0.940000000000001	0.388177443301655	0.521320982838576
0.941000000000001	0.440793278561895	0.625626050182435
0.942000000000001	0.419932915782858	0.619459391323458
0.943000000000001	0.345420540389544	0.506703903175237
0.944000000000001	0.304305097448147	0.40656063264211
0.945000000000001	0.343306794971266	0.444780773223914
0.946000000000001	0.411377341842503	0.574452171034324
0.947000000000001	0.445468300564464	0.646328604374768
0.948000000000001	0.396176195725081	0.580132638106377
0.949000000000001	0.31930187394288	0.45292759536733
0.950000000000001	0.312072769906948	0.395925795954278
0.951000000000001	0.370384061248913	0.485447736366839
0.952000000000001	0.434385760516546	0.617885861012441
0.953000000000001	0.425648547278494	0.633487864358972
0.954000000000001	0.355445790920592	0.528917518101804
0.955000000000001	0.301443659406965	0.408134320677368
0.956000000000001	0.330135058383821	0.422692245846653
0.957000000000001	0.408752001007108	0.557721130842404
0.958000000000001	0.443527427953662	0.637040610435798
0.959000000000001	0.401553812685556	0.600027452550074
0.960000000000001	0.323460231469403	0.465750217583606
0.961000000000001	0.297543302139771	0.386144005912868
0.962000000000001	0.349797251797348	0.460296007670955
0.963000000000001	0.4211984744115	0.600599878202334
0.964000000000001	0.434333529318189	0.636513312687486
0.965000000000001	0.365943255026965	0.536155544280305
0.966000000000001	0.305696811962453	0.422699548336906
0.967000000000001	0.329088838247243	0.418412879099685
0.968000000000001	0.384687527846564	0.514652317241496
0.969000000000001	0.435518821327365	0.632635822308273
0.970000000000001	0.400927150159347	0.600479024485248
0.971000000000001	0.32781064708829	0.478764592104011
0.972000000000001	0.290754097562399	0.375054844313463
0.973000000000001	0.347174450653767	0.451355425580669
0.974000000000001	0.42333925162848	0.587340803248567
0.975000000000001	0.433997478377857	0.632016888202686
0.976000000000001	0.374917989630408	0.561599497511749
0.977000000000001	0.305770303486313	0.428030318408106
0.978000000000001	0.308915387643295	0.39392271305885
0.979000000000001	0.370785279175909	0.49953181527038
0.980000000000001	0.431831411009616	0.62157806322579
0.981000000000001	0.419213493664672	0.615995669104033
0.982000000000001	0.342157046590148	0.497767680412584
0.983000000000001	0.297668196595741	0.39229069515905
0.984000000000001	0.344828798976539	0.442496702603903
0.985000000000001	0.407222500303733	0.562346572063062
0.986000000000001	0.435390916180074	0.639670197808102
0.987000000000001	0.384392281120012	0.575341441484979
0.988000000000001	0.313702856246798	0.444633485519211
0.989000000000001	0.30392418866103	0.384084313142174
0.990000000000001	0.369471008283747	0.485462480803627
0.991000000000001	0.436329618686591	0.613497062157195
0.992000000000001	0.429328638020235	0.631648388698451
0.993000000000001	0.358747407461148	0.531179046349907
0.994000000000001	0.30233660901993	0.413449097662369
0.995000000000001	0.323441646425688	0.412907750420305
0.996000000000001	0.393125195820869	0.541527242961327
0.997000000000001	0.444596063835576	0.642028122965366
0.998000000000001	0.404964977579177	0.595327357123395
0.999000000000001	0.326076585822911	0.471501624018604
1	0.303045266210102	0.388721910287025
1.001	0.361114395005644	0.472790939260312
1.002	0.423327208068347	0.597383808707659
1.003	0.428636384907125	0.635394928580301
1.004	0.365401229914339	0.54608328291815
1.005	0.301672949965695	0.415808353664532
1.006	0.317782933976485	0.40523951535973
1.007	0.395130811922804	0.532346483267917
1.008	0.439900489447192	0.627805166953907
1.009	0.411378689059533	0.613610552231332
1.01	0.333893653404955	0.486834617675545
1.011	0.293714333219157	0.386027299245185
1.012	0.337584531593728	0.439306399809784
1.013	0.413281750341834	0.583400711872838
1.014	0.440403808300039	0.641433802545294
1.015	0.378008453426821	0.556438072355841
1.016	0.308980773072564	0.436463406609429
1.017	0.309979246983126	0.391231088862306
1.018	0.370129410114664	0.491315054640177
1.019	0.428781024086769	0.619554381521373
1.02	0.408258260122617	0.61074119134235
1.021	0.338107002028879	0.498903474564951
1.022	0.288302424844652	0.377857764764604
1.023	0.335071295485877	0.430711286781938
1.024	0.413129408942133	0.565807379085622
1.025	0.440274750783919	0.636035759611143
1.026	0.393340628126328	0.587684260764894
1.027	0.318183555476693	0.452869365807624
1.028	0.30562034536385	0.389862157625402
1.029	0.36310889663606	0.4784682008121
1.03	0.434396170713903	0.614688070725018
1.031	0.439500475498328	0.638475378486719
1.032	0.36655765756019	0.535029346359964
1.033	0.313304418998499	0.42469748715912
1.034	0.331751234804535	0.414508180229083
1.035	0.400092523457107	0.542909160404914
1.036	0.441012429879447	0.64142918360423
1.037	0.404400514242938	0.602612461508101
1.038	0.330030767040866	0.473992974204804
1.039	0.299716705379274	0.383108177291788
1.04	0.357105128800124	0.462266790172436
1.041	0.428701666793408	0.59668943222883
1.042	0.438789438319042	0.642499788635751
1.043	0.37455299933209	0.557682323587512
1.044	0.306290507062637	0.428385238916264
1.045	0.312639681303176	0.397998679782455
1.046	0.380795847161708	0.516692175775438
1.047	0.443514743065142	0.634632066082071
1.048	0.417613041900656	0.612989644544869
1.049	0.337358450889933	0.494645469344968
1.05	0.306809583007257	0.403708013230432
1.051	0.347536740199718	0.451077150398356
1.05199999999999	0.411250535457816	0.575574050253142
1.05299999999999	0.429199729177851	0.633867239488227
1.05399999999999	0.375634360946584	0.562791834422543
1.05499999999999	0.305040827857019	0.428917664998574
1.05599999999999	0.305968040214068	0.391916878663065
1.05699999999999	0.372986672152691	0.494936347210368
1.05799999999999	0.433046990381278	0.61516432888954
1.05899999999999	0.42023880389587	0.626466830872473
1.05999999999999	0.344874027872412	0.509485362245324
1.06099999999999	0.291232405974511	0.389980599697804
1.06199999999999	0.324559094761387	0.418394696081357
1.06299999999999	0.403656452365785	0.562746550597585
1.06399999999999	0.443904329075086	0.641542148078603
1.06499999999999	0.393793682411516	0.580449416788767
1.06599999999999	0.318617596151126	0.458113544686221
1.06699999999999	0.313364079062084	0.400276915448764
1.06799999999999	0.359753675281775	0.469178770800227
1.06899999999999	0.425651091498823	0.606994493371697
1.06999999999999	0.423793281682764	0.627858673579654
1.07099999999999	0.360203476267734	0.531508142958106
1.07199999999999	0.295639116611759	0.394305655005593
1.07299999999999	0.326896760217151	0.415342089671677
1.07399999999999	0.39782897233485	0.532421931593729
1.07499999999999	0.445978262850174	0.638036780536406
1.07599999999999	0.414076502996952	0.616535654447355
1.07699999999999	0.334786436541627	0.484362990082285
1.07799999999999	0.302889719611511	0.390442700451575
1.07899999999999	0.350542987482992	0.454436867082811
1.07999999999999	0.428658660112521	0.59879124513465
1.08099999999999	0.448181102728017	0.647117782272671
1.08199999999999	0.382978571449126	0.562769880768059
1.08299999999999	0.317385393195789	0.440271826836255
1.08399999999999	0.327059154165183	0.416167345452984
1.08499999999999	0.379139924773603	0.503562492295482
1.08599999999999	0.437694980662632	0.631577713556044
1.08699999999999	0.418105999278454	0.620335324131334
1.08799999999999	0.343959646102897	0.498982891102383
1.08899999999999	0.303034032853379	0.403975852074645
1.08999999999999	0.343867616109414	0.440276845920982
1.09099999999999	0.416366343292572	0.572829055937972
1.09199999999999	0.442191736016543	0.644244665442742
1.09299999999999	0.387219910386104	0.578794045029977
1.09399999999999	0.303658693466233	0.427249792323839
1.09499999999999	0.301844468057993	0.385242579909427
1.09599999999999	0.366627141766252	0.490819976971646
1.09699999999999	0.436612539012616	0.620608178909994
1.09799999999999	0.423433943069105	0.621548635630183
1.09899999999999	0.346658440220785	0.51548194410285
1.09999999999999	0.302398847356486	0.406989272190139
1.10099999999999	0.326773756447589	0.418774163067321
1.10199999999999	0.397419233030863	0.551481433750967
1.10299999999999	0.429205517917121	0.630790448869791
1.10399999999999	0.390370928947587	0.584032279509952
1.10499999999999	0.314244247287719	0.449312277320276
1.10599999999999	0.297738192341593	0.384400851913085
1.10699999999999	0.35965589358421	0.469098270943836
1.10799999999999	0.426305706304778	0.598858466263989
1.10899999999999	0.432968672432783	0.640600326034533
1.10999999999999	0.365012628029732	0.541294917822124
1.11099999999999	0.298494394724343	0.406771263180398
1.11199999999999	0.317406340839532	0.403419954479839
1.11299999999999	0.391505515026114	0.530315370926644
1.11399999999999	0.453381904260173	0.644779925105281
1.11499999999999	0.41946990705928	0.614285840537976
1.11599999999999	0.342930759419369	0.49904624916831
1.11699999999999	0.316333558449238	0.409326129468548
1.11799999999999	0.353292418274119	0.45212676794712
1.11899999999999	0.423160651408473	0.592662120026328
1.11999999999999	0.441129268584769	0.645146979711671
1.12099999999999	0.390556111960434	0.57329263453018
1.12199999999999	0.316365448060378	0.437943357979177
1.12299999999999	0.327960798983981	0.418695180693631
1.12399999999999	0.385682021855481	0.505037745366417
1.12499999999999	0.442426931277857	0.626922164792008
1.12599999999999	0.427421707780572	0.634258904879234
1.12699999999999	0.348804360827586	0.511124848747342
1.12799999999999	0.306967385846718	0.408529380266554
1.12899999999999	0.344574779244429	0.445882678941485
1.12999999999999	0.414583478229611	0.574106600868928
1.13099999999999	0.445720272276651	0.641843242507898
1.13199999999999	0.389674895845448	0.576909730882948
1.13299999999999	0.316135268308707	0.450051542949323
1.13399999999999	0.311263250478225	0.401844659880645
1.13499999999999	0.359358506816814	0.475556675562194
1.13599999999999	0.42145705041501	0.609426528343148
1.13699999999999	0.412957684624424	0.616638297228803
1.13799999999999	0.341980683912521	0.504781871756186
1.13899999999999	0.289615339451718	0.396792014424373
1.13999999999999	0.321434685526422	0.413334447794231
1.14099999999999	0.388973028857018	0.530784976464694
1.14199999999999	0.428202587815159	0.626549089549768
1.14299999999998	0.384236278499707	0.580447626474859
1.14399999999998	0.300854966264189	0.434096406723944
1.14499999999998	0.289258102881494	0.37283345100206
1.14599999999998	0.350470967934173	0.463321738900318
1.14699999999998	0.427363927178775	0.601342045216894
1.14799999999998	0.431191942631261	0.629086262879454
1.14899999999998	0.364835754003881	0.544498036599846
1.14999999999998	0.308915411856811	0.42410469751645
1.15099999999998	0.327812119273008	0.420701295261444
1.15199999999998	0.383994075360426	0.517418145235337
1.15299999999998	0.439061353727364	0.634535979382934
1.15399999999998	0.420722396516041	0.620296598620457
1.15499999999998	0.343514477422239	0.493322643190183
1.15599999999998	0.312048542231332	0.411117897840745
1.15699999999998	0.353449578713127	0.450264764070756
1.15799999999998	0.421520116361758	0.581981243200754
1.15899999999998	0.447779383625118	0.654551361886119
1.15999999999998	0.389851672010851	0.578184694862818
1.16099999999998	0.319589636556268	0.448905982108648
1.16199999999998	0.312337346758533	0.394533568396832
1.16299999999998	0.381669771193257	0.507099609068115
1.16399999999998	0.450320263123045	0.634058854815562
1.16499999999998	0.432010060054709	0.630600420290649
1.16599999999998	0.356153071878518	0.524824001191747
1.16699999999998	0.310617996049614	0.412053809611891
1.16799999999998	0.342686169483147	0.441151683848261
1.16899999999998	0.406146921454047	0.565360033889088
1.16999999999998	0.436586293640541	0.637753640346981
1.17099999999998	0.393988324995316	0.581616990674779
1.17199999999998	0.314213417839569	0.444672951148874
1.17299999999998	0.303942227472387	0.389008501893245
1.17399999999998	0.363219315694952	0.474365806422897
1.17499999999998	0.425932973269366	0.60331605922346
1.17599999999998	0.421868359603337	0.629657504438098
1.17699999999998	0.349911320236	0.521175488872878
1.17799999999998	0.298795674826817	0.407395870432283
1.17899999999998	0.321833740470375	0.409448414328191
1.17999999999998	0.400033514433961	0.548233350592992
1.18099999999998	0.440728008093243	0.632928130683501
1.18199999999998	0.399104119355028	0.592577870329094
1.18299999999998	0.31744649068709	0.455118736554541
1.18399999999998	0.295898427166552	0.379076808954722
1.18499999999998	0.347191278718174	0.452039670989902
1.18599999999998	0.417497149832519	0.59518875442309
1.18699999999998	0.429748791742522	0.633596617871742
1.18799999999998	0.368549187343847	0.542341700491888
1.18899999999998	0.302386999798851	0.421120178486243
1.18999999999998	0.324903000391582	0.41612428578882
1.19099999999998	0.384338419024997	0.510804885329053
1.19199999999998	0.438235351745527	0.629789322865301
1.19299999999998	0.412467467514902	0.616048634743195
1.19399999999998	0.337627148735315	0.496396973237406
1.19499999999998	0.303214219829662	0.400592238117579
1.19599999999998	0.35179609628301	0.457954295275532
1.19699999999998	0.425687516964549	0.586792537485272
1.19799999999998	0.446094680109036	0.64235977528028
1.19899999999998	0.389759289495995	0.579905046386537
1.19999999999998	0.31819474848458	0.446953712130824
1.20099999999998	0.309977496081238	0.396810748813292
1.20199999999998	0.368047069510911	0.491415650776266
1.20299999999998	0.430493454197144	0.620619401891786
1.20399999999998	0.424367220683334	0.626837069828942
1.20499999999998	0.348167890605232	0.507664899656187
1.20599999999998	0.293377833175313	0.391430640588885
1.20699999999998	0.340390280414625	0.436982756353814
1.20799999999998	0.397104004939506	0.540684058957679
1.20899999999998	0.434241440937504	0.638008117502886
1.20999999999998	0.384186883842291	0.577225796496872
1.21099999999998	0.311655771339717	0.448474630442861
1.21199999999998	0.294810448232631	0.375858158268163
1.21299999999998	0.360802979743964	0.476644349384692
1.21399999999998	0.432392795614313	0.607504578857074
1.21499999999998	0.426834043232589	0.624293384546915
1.21599999999998	0.357817967999206	0.532690455393288
1.21699999999998	0.303615614104885	0.41214798105777
1.21799999999998	0.328643924732072	0.42219273909869
1.21899999999998	0.387846076072534	0.529431531984807
1.21999999999998	0.435240244793887	0.631637722593206
1.22099999999998	0.406370313194654	0.598260493064106
1.22199999999998	0.326960067561438	0.468854031016647
1.22299999999998	0.301738637811505	0.389264987127114
1.22399999999998	0.352962627453366	0.4537847250096
1.22499999999998	0.420922916782424	0.588817885533039
1.22599999999998	0.433230708963506	0.641423202049114
1.22699999999998	0.370781698432054	0.55373449144153
1.22799999999998	0.30727421749996	0.426853832285247
1.22899999999998	0.315126812324344	0.397283222730929
1.22999999999998	0.392731834045606	0.526988540581114
1.23099999999998	0.444347768585923	0.630077021621155
1.23199999999998	0.421200068009363	0.620578853133853
1.23299999999998	0.345324003118095	0.505180421099815
1.23399999999997	0.3054666828531	0.406417438875368
1.23499999999997	0.344922186939407	0.447288479960264
1.23599999999997	0.412300926409369	0.577007070661667
1.23699999999997	0.443374455545351	0.644590338354839
1.23799999999997	0.391047391862429	0.572998855090276
1.23899999999997	0.315428988487746	0.446141779871416
1.23999999999997	0.311681333331061	0.395317403665288
1.24099999999997	0.370901467494587	0.48806905935811
1.24199999999997	0.433765497426029	0.619001165635283
1.24299999999997	0.420611179016035	0.627771052350903
1.24399999999997	0.348618559487403	0.519174594648844
1.24499999999997	0.298380320951716	0.402959155052822
1.24599999999997	0.330014098533341	0.424179962062226
1.24699999999997	0.408818487517127	0.560847264503528
1.24799999999997	0.438880390462377	0.632878627300249
1.24899999999997	0.394055123014133	0.590503447067115
1.24999999999997	0.317848607515535	0.456879860159679
1.25099999999997	0.296749219821879	0.38462236982123
1.25199999999997	0.351064051309213	0.464000293392785
1.25299999999997	0.420852023810171	0.602106531962923
1.25399999999997	0.430979830303386	0.63299613962239
1.25499999999997	0.362243548828309	0.530432263521647
1.25599999999997	0.305002837690851	0.419786942513401
1.25699999999997	0.33164721501718	0.421475720888427
1.25799999999997	0.388265411844415	0.519749746407171
1.25899999999997	0.438158035451886	0.635979483387918
1.25999999999997	0.403940111307314	0.603404285506201
1.26099999999997	0.331171423284546	0.481374539778355
1.26199999999997	0.295391186100394	0.379496406167193
1.26299999999997	0.35300322629602	0.457525310110287
1.26399999999997	0.430014335516806	0.594391727004545
1.26499999999997	0.441810076984752	0.640518403616738
1.26599999999997	0.383690401793562	0.571382387675971
1.26699999999997	0.313625325815207	0.436576376979268
1.26799999999997	0.31622179043261	0.40117978573355
1.26899999999997	0.377532087289758	0.505917878496519
1.26999999999997	0.440596182818414	0.630563305377443
1.27099999999997	0.429884048240497	0.627735530618881
1.27199999999997	0.351852816052986	0.508989593837574
1.27299999999997	0.304926536529539	0.400103711441016
1.27399999999997	0.350778429564704	0.448100437446838
1.27499999999997	0.413162603000346	0.568298636645475
1.27599999999997	0.442509791492831	0.647382598135963
1.27699999999997	0.392055332495373	0.584130142760562
1.27799999999997	0.319946137519088	0.451834152437023
1.27899999999997	0.308051051385528	0.38832817661575
1.27999999999997	0.372762383906326	0.488911444529107
1.28099999999997	0.440125856047408	0.617767167642807
1.28199999999997	0.433245646112676	0.636324015397978
1.28299999999997	0.361364497584094	0.534182807747245
1.28399999999997	0.304289175380223	0.415521307966555
1.28499999999997	0.325069261266966	0.414972759093726
1.28599999999997	0.393829526966571	0.543137437312803
1.28699999999997	0.445628972518929	0.643792839305493
1.28799999999997	0.40436310075595	0.594686214186915
1.28899999999997	0.325038224212256	0.469897284519072
1.28999999999997	0.302953186733021	0.388562904841501
1.29099999999997	0.361055293530429	0.473589837066889
1.29199999999997	0.423301855415457	0.598340774477077
1.29299999999997	0.426753193339052	0.633623872499635
1.29399999999997	0.363659270610977	0.543819466497366
1.29499999999997	0.301118228003407	0.41478106387776
1.29599999999997	0.325059284340995	0.419636709350219
1.29699999999997	0.395141104694855	0.53323884447333
1.29799999999997	0.439480667581507	0.627578039510915
1.29899999999997	0.410632851856343	0.612422323758867
1.29999999999997	0.333028857149569	0.48522061465544
1.30099999999997	0.29401977509479	0.38607861787882
1.30199999999997	0.338919594790809	0.441275209131674
1.30299999999997	0.414481969474235	0.585484243416992
1.30399999999997	0.44110933597963	0.64261778485638
1.30499999999997	0.379640576486013	0.558594159776676
1.30599999999997	0.310748382578563	0.438705066464682
1.30699999999997	0.311873516829689	0.393490975833771
1.30799999999997	0.372286972658344	0.493665902886941
1.30899999999997	0.432333479283529	0.623329253612946
1.30999999999997	0.413596638365986	0.617180076315532
1.31099999999997	0.344908194564736	0.507549211498246
1.31199999999997	0.293309791110755	0.384179050939757
1.31299999999997	0.339257892952354	0.433959887256461
1.31399999999997	0.417803404068656	0.568985479992369
1.31499999999997	0.448194135330489	0.644152340136034
1.31599999999997	0.404155293840685	0.600397234971507
1.31699999999997	0.328018591384201	0.465509070037738
1.31799999999997	0.311521245316031	0.396069059665535
1.31899999999997	0.367655727891281	0.480933532798413
1.31999999999997	0.441546428936122	0.620541166889857
1.32099999999997	0.450430189453158	0.650174872205351
1.32199999999997	0.379048665393943	0.550892906303537
1.32299999999997	0.321907469944076	0.436141825796805
1.32399999999996	0.336703663198107	0.41864963820694
1.32499999999996	0.404016676112785	0.54518141943758
1.32599999999996	0.448001249686238	0.648474354837702
1.32699999999996	0.414886599271828	0.615471012368624
1.32799999999996	0.33916887961964	0.486505105851437
1.32899999999996	0.310484841040074	0.406647014849542
1.32999999999996	0.359450658479975	0.46353289708036
1.33099999999996	0.43067375633261	0.597108130550439
1.33199999999996	0.44344795701297	0.647679772750936
1.33299999999996	0.379594979306093	0.564513277649994
1.33399999999996	0.308923129975508	0.432837602801335
1.33499999999996	0.312968768191047	0.398172350044888
1.33599999999996	0.380454909805131	0.515258980289462
1.33699999999996	0.444297986295842	0.635291294278274
1.33799999999996	0.419669212507817	0.615971360543317
1.33899999999996	0.339555851710527	0.498921929917696
1.33999999999996	0.306743071129629	0.405088324925422
1.34099999999996	0.346319268937158	0.449596933965078
1.34199999999996	0.409553735117309	0.573160494890788
1.34299999999996	0.430070111496554	0.635151610947296
1.34399999999996	0.377968872688472	0.566695656642655
1.34499999999996	0.306753100583816	0.432611129695131
1.34599999999996	0.305042946839858	0.391226247691195
1.34699999999996	0.372011650226151	0.492403747597284
1.34799999999996	0.433572100719078	0.61475940548054
1.34899999999996	0.424501481043324	0.631589319262491
1.34999999999996	0.351254077640686	0.51872367282562
1.35099999999996	0.294999249273554	0.395852728000986
1.35199999999996	0.325912758712654	0.41814015055393
1.35299999999996	0.400258939779238	0.550710276166953
1.35399999999996	0.452992926555144	0.649906904214295
1.35499999999996	0.407808002119215	0.598171677398768
1.35599999999996	0.33252492170139	0.477981334570714
1.35699999999996	0.320772316241274	0.409301709377366
1.35799999999996	0.364853195222069	0.470810838481002
1.35899999999996	0.43354675070393	0.611665409568919
1.35999999999996	0.440646049490871	0.646215249542603
1.36099999999996	0.381729892447887	0.558802053539041
1.36199999999996	0.310187744665746	0.414505989320864
1.36299999999996	0.332475261989627	0.418800022381726
1.36399999999996	0.402412134825781	0.531376168762342
1.36499999999996	0.456590542238177	0.646981700073588
1.36599999999996	0.433296331504648	0.639878759809914
1.36699999999996	0.353172358427791	0.510233207539462
1.36799999999996	0.311773477701113	0.402582940282283
1.36899999999996	0.353339801622019	0.452607121762379
1.36999999999996	0.434251644188014	0.59997152232559
1.37099999999996	0.461211393273347	0.660583189723804
1.37199999999996	0.399830162260498	0.585505598692884
1.37299999999996	0.328121371784356	0.457844917188523
1.37399999999996	0.3290466157937	0.418694222348405
1.37499999999996	0.378837168534491	0.499327710785137
1.37599999999996	0.439915068407996	0.631809699565319
1.37699999999996	0.426778570251391	0.63112413584829
1.37799999999996	0.352866357964261	0.512924967235827
1.37899999999996	0.304297173684675	0.408756214878323
1.37999999999996	0.339921389630744	0.434243380767809
1.38099999999996	0.412326519858857	0.565532541148417
1.38199999999996	0.443012587770626	0.644678229576378
1.38299999999996	0.391653124828845	0.58636694942432
1.38399999999996	0.306563246552701	0.434968400188683
1.38499999999996	0.299150198752771	0.382902293353396
1.38599999999996	0.362086152367239	0.482649687404212
1.38699999999996	0.434162867885753	0.615608316077742
1.38799999999996	0.42707663142779	0.626067751774566
1.38899999999996	0.352579951975761	0.525939153538511
1.38999999999996	0.303254869024652	0.41167012499266
1.39099999999996	0.323467274631974	0.414090707585173
1.39199999999996	0.394675511062625	0.544880275971919
1.39299999999996	0.432095520566372	0.632557446330642
1.39399999999996	0.400081274380344	0.59658279859349
1.39499999999996	0.32294325967477	0.463619607157062
1.39599999999996	0.298838203665165	0.387142864042739
1.39699999999996	0.357136525130616	0.462106279218156
1.39799999999996	0.426001257220125	0.594630546094139
1.39899999999996	0.441966402257826	0.650300243793373
1.39999999999996	0.378495985732704	0.560711694224783
1.40099999999996	0.315508858942861	0.4378957939512
1.40199999999996	0.319344517819592	0.403375022746778
1.40299999999996	0.392016377974241	0.524283971389463
1.40399999999996	0.458559767648528	0.646611517862467
1.40499999999996	0.434293929957439	0.632072594133875
1.40599999999996	0.358266916026838	0.522166175975047
1.40699999999996	0.320793937820049	0.418555749482207
1.40799999999996	0.352518950328418	0.447744751441055
1.40899999999996	0.423332956222318	0.587371565411752
1.40999999999996	0.45131202197427	0.655155789334774
1.41099999999996	0.407095627453766	0.595011628379331
1.41199999999996	0.327408135638006	0.456506999551148
1.41299999999996	0.328557097540291	0.419828568505292
1.41399999999996	0.382454488581945	0.496002983667949
1.41499999999995	0.44321357823816	0.624178506994318
1.41599999999995	0.436820838006768	0.646027202133847
1.41699999999995	0.360617151936084	0.530195073807443
1.41799999999995	0.310104824965307	0.416832068596114
1.41899999999995	0.340824246023348	0.438568309393661
1.41999999999995	0.411471137746032	0.565084813671284
1.42099999999995	0.44810232379998	0.642661816144825
1.42199999999995	0.398276516498761	0.589600928078269
1.42299999999995	0.321453951838209	0.461981379533113
1.42399999999995	0.307917699521088	0.400108713536412
1.42499999999995	0.353480229284994	0.464978432353395
1.42599999999995	0.418336096032403	0.602454626501338
1.42699999999995	0.417897044356188	0.622211488193503
1.42799999999995	0.350495932626042	0.518389473104859
1.42899999999995	0.290904139713317	0.403055662729351
1.42999999999995	0.323144466389677	0.418343344298151
1.43099999999995	0.384699304380829	0.520497678688159
1.43199999999995	0.428206332919433	0.624467110948052
1.43299999999995	0.390669992018389	0.590381128524212
1.43399999999995	0.314174712073067	0.462921494172371
1.43499999999995	0.28698480127478	0.37225339861622
1.43599999999995	0.343735874637353	0.451881092665098
1.43699999999995	0.424011774389996	0.59315317611039
1.43799999999995	0.435014455297976	0.632767652507015
1.43899999999995	0.37351559234975	0.558306661220688
1.43999999999995	0.303536508157431	0.416797208896307
1.44099999999995	0.314313585201316	0.401244514710033
1.44199999999995	0.377857200399955	0.506012585886932
1.44299999999995	0.439553996458851	0.632342949242498
1.44399999999995	0.431300107872637	0.633550031531111
1.44499999999995	0.356437583717884	0.513785832802916
1.44599999999995	0.306743905198978	0.403013309695641
1.44699999999995	0.357934984597397	0.454499172150099
1.44799999999995	0.419627278863137	0.573477006935398
1.44899999999995	0.45446084348436	0.659475923796227
1.44999999999995	0.404681515548587	0.598547755188352
1.45099999999995	0.33094008735173	0.468015369617275
1.45199999999995	0.312414046275164	0.393816522381661
1.45299999999995	0.3786853212891	0.495871737072097
1.45399999999995	0.452587632137635	0.630191415115626
1.45499999999995	0.444723037447618	0.644648672787872
1.45599999999995	0.371975563663186	0.547945987605741
1.45699999999995	0.314948402550528	0.423006555681821
1.45799999999995	0.339609191584958	0.435128374193046
1.45899999999995	0.402619674490145	0.55518655844613
1.45999999999995	0.440211172873888	0.639768325659626
1.46099999999995	0.404291884179167	0.595736629695608
1.46199999999995	0.321279654706566	0.458986119808338
1.46299999999995	0.300210348042739	0.386842219759072
1.46399999999995	0.354226248442436	0.460578049613412
1.46499999999995	0.419203099913587	0.59271019313483
1.46599999999995	0.420080023424333	0.628246675166499
1.46699999999995	0.350666296249859	0.526640551347968
1.46799999999995	0.293511477208769	0.406032920758472
1.46899999999995	0.311334986921707	0.396725601228591
1.46999999999995	0.388789269022906	0.531956419081139
1.47099999999995	0.432422772858845	0.621981746686561
1.47199999999995	0.39691786031634	0.591763057741885
1.47299999999995	0.32254396313228	0.473002585646094
1.47399999999995	0.289926692531331	0.375613003007182
1.47499999999995	0.338155978998876	0.439178836379261
1.47599999999995	0.411398498098822	0.583901374782479
1.47699999999995	0.432505420859361	0.635420577920486
1.47799999999995	0.376892854514359	0.555030418016478
1.47899999999995	0.307339979877901	0.432414966134235
1.47999999999995	0.322305396560765	0.412573328743696
1.48099999999995	0.379273028884252	0.499756841489736
1.48199999999995	0.439019151934464	0.626707219271131
1.48299999999995	0.421851040074953	0.627804175491295
1.48399999999995	0.349933236268932	0.516401019166452
1.48499999999995	0.305287368914122	0.40703592082857
1.48599999999995	0.341861315064853	0.436813624208733
1.48699999999995	0.422705084342341	0.576817006527789
1.48799999999995	0.452151407217733	0.647367257857666
1.48899999999995	0.405205636562755	0.60127160819266
1.48999999999995	0.328673961351731	0.466165414703662
1.49099999999995	0.308927569789952	0.396760902055392
1.49199999999995	0.363816125833837	0.479454108469353
1.49299999999995	0.433247688826675	0.617771676768623
1.49399999999995	0.440021925237226	0.643647716610656
1.49499999999995	0.367313341690366	0.534551905840465
1.49599999999995	0.3098908757955	0.422952428529717
1.49699999999995	0.338193634341797	0.430029268910597
1.49799999999995	0.394355446972064	0.530019199700255
1.49899999999995	0.44008138836721	0.640758183741567
1.49999999999995	0.398107253193813	0.595796059098786
1.50099999999995	0.323195235119541	0.46825978547826
1.50199999999995	0.293341236719771	0.375633564271863
1.50299999999995	0.354301698876205	0.463912084091072
1.50399999999995	0.428407415699457	0.598233605324345
1.50499999999995	0.430356088627063	0.628641657277003
1.50599999999994	0.365160137314779	0.546385768648042
1.50699999999994	0.302404167038248	0.417757977881991
1.50799999999994	0.313635952094614	0.399986352104865
1.50899999999994	0.376734405048429	0.512949994765883
1.50999999999994	0.431391475728703	0.625347698748045
1.51099999999994	0.408335462078873	0.602709144183012
1.51199999999994	0.329085029428867	0.477164037179891
1.51299999999994	0.295590805718197	0.38577693427695
1.51399999999994	0.349031664876502	0.451851572882178
1.51499999999994	0.410565750448389	0.573102482858249
1.51599999999994	0.42908325092645	0.635151071569611
1.51699999999994	0.371011993017913	0.556650415128724
1.51799999999994	0.304608863693024	0.42798855409239
1.51899999999994	0.30662971181485	0.387206523543228
1.51999999999994	0.375586802294905	0.499097705941519
1.52099999999994	0.439206348760738	0.621313962345657
1.52199999999994	0.422816532902565	0.623695682562014
1.52299999999994	0.349712179658629	0.515403819816916
1.52399999999994	0.302922529855509	0.408584373415316
1.52499999999994	0.331518861154728	0.42407687133202
1.52599999999994	0.40079541053947	0.55545824281283
1.52699999999994	0.446883900998736	0.64678953802131
1.52799999999994	0.400746655453665	0.587823930025806
1.52899999999994	0.323463357831728	0.462546544456208
1.52999999999994	0.309279418398841	0.393443968507085
1.53099999999994	0.370878828975967	0.48717566653383
1.53199999999994	0.431005928865045	0.610116287762303
1.53299999999994	0.428228099290686	0.635281513697035
1.53399999999994	0.360925155552553	0.537158477798382
1.53499999999994	0.302483142818671	0.411789654367016
1.53599999999994	0.332332309073341	0.428658609463816
1.53699999999994	0.403546143399194	0.547460015091273
1.53799999999994	0.442393020010579	0.633238592649358
1.53899999999994	0.405149105015271	0.604627240516822
1.53999999999994	0.326665439803583	0.472624986773168
1.54099999999994	0.295275576509851	0.385064147373203
1.54199999999994	0.344506629549432	0.452265812138562
1.54299999999994	0.417063792613206	0.593958469360735
1.54399999999994	0.434326427630842	0.636879112262506
1.54499999999994	0.366829017023129	0.540205518225541
1.54599999999994	0.303192303043311	0.423847186253757
1.54699999999994	0.313382625803327	0.396832557519808
1.54799999999994	0.376143110195892	0.503971636859509
1.54899999999994	0.429878610377452	0.624994653534036
1.54999999999994	0.400649177978572	0.601512468716381
1.55099999999994	0.329814708009393	0.484607489274694
1.55199999999994	0.288752948983001	0.374730614645156
1.55299999999994	0.342588930205489	0.442614790309269
1.55399999999994	0.420158990662235	0.578680255244167
1.55499999999994	0.440035324377408	0.636982808438309
1.55599999999994	0.387915082127679	0.578414568625185
1.55699999999994	0.315689754363794	0.443868074610365
1.55799999999994	0.311641628505331	0.395543811313384
1.55899999999994	0.3719285011213	0.493208175096112
1.55999999999994	0.440379701543	0.625270525369187
1.56099999999994	0.43900140998579	0.637800121113012
1.56199999999994	0.363130991268066	0.526578660389509
1.56299999999994	0.315776332298089	0.422663107626116
1.56399999999994	0.346606045024741	0.440495882092182
1.56499999999994	0.408236816360966	0.557425084431923
1.56599999999994	0.443746094779384	0.646668692773451
1.56699999999994	0.399822422816662	0.595440480830636
1.56799999999994	0.325272787998487	0.463345406765937
1.56899999999994	0.303706595510086	0.385126721175391
1.56999999999994	0.364983498091904	0.475892792128973
1.57099999999994	0.434165271279613	0.607658613963524
1.57199999999994	0.434755169452056	0.638589729136622
1.57299999999994	0.364615745860651	0.542224117116629
1.57399999999994	0.301888784377621	0.417702921240991
1.57499999999994	0.316173493989862	0.403877234190498
1.57599999999994	0.385101555212793	0.528841592282019
1.57699999999994	0.440701257901148	0.636024777789511
1.57799999999994	0.404472071036795	0.596501001698362
1.57899999999994	0.324720168226806	0.473803206143268
1.57999999999994	0.304816667795076	0.398249045810187
1.58099999999994	0.351450556027842	0.460051043573293
1.58199999999994	0.414555461172554	0.585054427104549
1.58299999999994	0.423438688782526	0.6290113366593
1.58399999999994	0.363593049012862	0.545870334528108
1.58499999999994	0.2988863747064	0.416097326547111
1.58599999999994	0.310732205748146	0.397640093721531
1.58699999999994	0.387476233425583	0.520910754358471
1.58799999999994	0.435282784814506	0.62110145964944
1.58899999999994	0.413215279007735	0.617053818764927
1.58999999999994	0.336054881434476	0.493643402512444
1.59099999999994	0.290887870301283	0.385450449225807
1.59199999999994	0.331278296698189	0.429765943839557
1.59299999999994	0.40884052770829	0.574755218487442
1.59399999999994	0.441444625549028	0.641329302741314
1.59499999999994	0.38523623247813	0.567542002260999
1.59599999999994	0.313747249732389	0.446560237944039
1.59699999999993	0.317591211726298	0.404076829724366
1.59799999999993	0.36755130766393	0.482778933965907
1.59899999999993	0.430163675625631	0.616572721736872
1.59999999999993	0.41995428406325	0.623862743662195
1.60099999999993	0.353452601913207	0.520327909234108
1.60199999999993	0.295218751807827	0.389534706320805
1.60299999999993	0.334477351471557	0.425788965876423
1.60399999999993	0.41274333685102	0.55850660669147
1.60499999999993	0.448932265811679	0.643357937565896
1.60599999999993	0.409891910581981	0.609316091750925
1.60699999999993	0.33114716658704	0.474152990828727
1.60799999999993	0.306846686618602	0.392514670701613
1.60899999999993	0.359084297849616	0.468404429632564
1.60999999999993	0.434417987608649	0.610014056035276
1.61099999999993	0.446833986862753	0.646386977663362
1.61199999999993	0.377329944204087	0.552141675801188
1.61299999999993	0.31646516500015	0.433753417655243
1.61399999999993	0.327422813401629	0.40832816714776
1.61499999999993	0.39423662611232	0.531582751181494
1.61599999999993	0.440180566938079	0.63808470791662
1.61699999999993	0.411976117471277	0.612892293801036
1.61799999999993	0.336278174112771	0.485918166523631
1.61899999999993	0.303873340453432	0.40129833576822
1.61999999999993	0.350227936689193	0.451257717638256
1.62099999999993	0.422177671306949	0.584711970860038
1.62199999999993	0.439630245328029	0.642602299940781
1.62299999999993	0.378472056807333	0.565170257342896
1.62399999999993	0.305992640759474	0.432598001434414
1.62499999999993	0.306338185568933	0.39058531651432
1.62599999999993	0.372904227280347	0.503817840935737
1.62699999999993	0.439165155847505	0.627441744610901
1.62799999999993	0.41841580289663	0.615092010299591
1.62899999999993	0.339514927505578	0.501816384789304
1.62999999999993	0.303282647935562	0.403669020826843
1.63099999999993	0.333643265967965	0.428886228713528
1.63199999999993	0.404596199041421	0.564731861209016
1.63299999999993	0.429520830919214	0.63356167618671
1.63399999999993	0.382583193314531	0.573667059456747
1.63499999999993	0.308858723508458	0.43850148766947
1.63599999999993	0.301164730773663	0.387298991713677
1.63699999999993	0.366151495814666	0.48183654791925
1.63799999999993	0.43005463496495	0.607708306720745
1.63899999999993	0.427094473945024	0.634178455389469
1.63999999999993	0.355937074748598	0.526554391276803
1.64099999999993	0.295730169562876	0.398977005862839
1.64199999999993	0.322024496928296	0.411203969232928
1.64299999999993	0.396558997716501	0.542123126396533
1.64399999999993	0.453257629998401	0.647796037157317
1.64499999999993	0.412371237909113	0.604462655847116
1.64599999999993	0.336394770362906	0.485744264736335
1.64699999999993	0.319112585697068	0.409059752281184
1.64799999999993	0.360289774566541	0.463269036234668
1.64899999999993	0.429876484436329	0.604903254676852
1.64999999999993	0.440285381738006	0.645329365712205
1.65099999999993	0.383717598084165	0.562872545448263
1.65199999999993	0.307959913438437	0.414306515236586
1.65299999999993	0.325400332474019	0.410902179441521
1.65399999999993	0.393500371846864	0.519720922163364
1.65499999999993	0.448081612826945	0.636555929841352
1.65599999999993	0.426023740076377	0.632165529607098
1.65699999999993	0.346106689903779	0.503867660697496
1.65799999999993	0.303204716818666	0.394070612863777
1.65899999999993	0.344721517590922	0.442591331662249
1.65999999999993	0.42443987822856	0.588217941880112
1.66099999999993	0.451108678907409	0.649058878129009
1.66199999999993	0.391874081651818	0.577246645926393
1.66299999999993	0.320550890608038	0.450673501507213
1.66399999999993	0.321068056974363	0.410755761526996
1.66499999999993	0.370633379766459	0.489603528815592
1.66599999999993	0.432002118134967	0.622194140493586
1.66699999999993	0.420253187111183	0.623757591845618
1.66799999999993	0.347358127490529	0.507533415504435
1.66899999999993	0.298125914042344	0.402751161991085
1.66999999999993	0.333096441857506	0.426420982823283
1.67099999999993	0.404474285186225	0.555910880552413
1.67199999999993	0.43642910023932	0.636613617399693
1.67299999999993	0.386604723468865	0.58102007211413
1.67399999999993	0.302295363480971	0.431266984815017
1.67499999999993	0.294535297813053	0.377984467808206
1.67599999999993	0.356973909684288	0.475581652829187
1.67699999999993	0.429990209389581	0.60948608868466
1.67799999999993	0.425147170300238	0.623654904147495
1.67899999999993	0.352216657447481	0.526545167468174
1.67999999999993	0.301882512412841	0.411347454576437
1.68099999999993	0.327280358940599	0.422664937863341
1.68199999999993	0.3900995560066	0.537777916891014
1.68299999999993	0.428802364441755	0.627706651859889
1.68399999999993	0.397597978661762	0.593434530800791
1.68499999999993	0.320552072562406	0.461226421372542
1.68599999999993	0.294942300332063	0.382923654396912
1.68699999999993	0.351928236052333	0.455843107602254
1.68799999999992	0.420135079475765	0.587670952948315
1.68899999999992	0.435219114432428	0.642619794138347
1.68999999999992	0.37205204813942	0.55363648897338
1.69099999999992	0.309523867819932	0.431601479330693
1.69199999999992	0.313847354146817	0.397736966986968
1.69299999999992	0.386196141642093	0.518300578155369
1.69399999999992	0.452000710540724	0.639751673356256
1.69499999999992	0.426263376213712	0.623133593518133
1.69599999999992	0.35075601225728	0.51374965588957
1.69699999999992	0.314549275514526	0.411682925754734
1.69799999999992	0.351446351076842	0.452279154320968
1.69899999999992	0.416276672966189	0.580059592026771
1.69999999999992	0.441754400939205	0.644143384224748
1.70099999999992	0.396250337848522	0.581894731281862
1.70199999999992	0.318726196548414	0.445508141141148
1.70299999999992	0.321896750917336	0.412560460836919
1.70399999999992	0.377293422001238	0.49142213449186
1.70499999999992	0.436268050886278	0.616992660166849
1.70599999999992	0.42763365174626	0.635431224307714
1.70699999999992	0.352775357870838	0.520717142412553
1.70799999999992	0.304630972103684	0.410366815647595
1.70899999999992	0.337374256778347	0.435603013073355
1.70999999999992	0.407346235441042	0.561325137608598
1.71099999999992	0.443505641484657	0.637816259688985
1.71199999999992	0.393876602479487	0.584572457180348
1.71299999999992	0.318030688141938	0.458051052924495
1.71399999999992	0.305385633136847	0.397224027147167
1.71499999999992	0.350979228082035	0.46212666869565
1.71599999999992	0.415116805936685	0.598376572329008
1.71699999999992	0.41517804383839	0.618631392144166
1.71799999999992	0.348251933192267	0.515241543725935
1.71899999999992	0.290049640702825	0.401463046371742
1.71999999999992	0.315492962178262	0.404419282192831
1.72099999999992	0.383102667829692	0.518662338761009
1.72199999999992	0.429004163311346	0.624729555639158
1.72299999999992	0.392866712451136	0.592701896023303
1.72399999999992	0.316881675392757	0.466442976066039
1.72499999999992	0.288865736675245	0.374225733488185
1.72599999999992	0.345196379508136	0.4522682375249
1.72699999999992	0.425189488003602	0.59316157760829
1.72799999999992	0.438141751083605	0.63577150815513
1.72899999999992	0.376705426527901	0.56199276970976
1.72999999999992	0.313811596347962	0.436078812088221
1.73099999999992	0.324240901129925	0.416497385768164
1.73199999999992	0.378181821046838	0.505182564459088
1.73299999999992	0.437525916192059	0.629410818011375
1.73399999999992	0.428713532243115	0.629896154264739
1.73499999999992	0.353605555208124	0.50955547265247
1.73599999999992	0.304143274515022	0.399514200765966
1.73699999999992	0.355570914473069	0.452874613016249
1.73799999999992	0.412756092223894	0.558580569956743
1.73899999999992	0.450317985016267	0.655950320736566
1.73999999999992	0.398303695239826	0.59144668415692
1.74099999999992	0.324549997953134	0.460541547490468
1.74199999999992	0.308065625232254	0.389723587800903
1.74299999999992	0.374398112668088	0.493261500937514
1.74399999999992	0.446041744676699	0.624832516314186
1.74499999999992	0.435853668413714	0.6349975273537
1.74599999999992	0.362415306235745	0.536167939857566
1.74699999999992	0.309007557069172	0.415232369078071
1.74799999999992	0.335236953099239	0.430751175361684
1.74899999999992	0.39904183397868	0.552097538784459
1.74999999999992	0.434503026986763	0.633230434280066
1.75099999999992	0.397564240211892	0.587065529604866
1.75199999999992	0.317456851153085	0.453200883070625
1.75299999999992	0.299264563537786	0.385029299118812
1.75399999999992	0.355001075519075	0.461510876199698
1.75499999999992	0.419330483837949	0.592559915438148
1.75599999999992	0.421221142622154	0.629030905178245
1.75699999999992	0.352349407776848	0.528080858284995
1.75799999999992	0.295744491137356	0.408417414661781
1.75899999999992	0.313471173046385	0.398798198694788
1.75999999999992	0.390946231076456	0.533979008169811
1.76099999999992	0.434279693651169	0.623764796117584
1.76199999999992	0.400132725254117	0.595437758289608
1.76299999999992	0.325095507254865	0.476017839047134
1.76399999999992	0.291681953200488	0.377431188477127
1.76499999999992	0.339300555371814	0.440085752469683
1.76599999999992	0.41244798541946	0.584687575219694
1.76699999999992	0.433515468530826	0.636230128207969
1.76799999999992	0.378233620585495	0.556331516872038
1.76899999999992	0.308197766320522	0.432957156870023
1.76999999999992	0.323130790048946	0.413036166756516
1.77099999999992	0.379832807974547	0.500336402337009
1.77199999999992	0.438784333836819	0.626330317528027
1.77299999999992	0.421944049792306	0.627623802857412
1.77399999999992	0.349444267124219	0.515352713362448
1.77499999999992	0.305237653502162	0.40657175039828
1.77599999999992	0.341945987802681	0.437187875744911
1.77699999999992	0.42243511077065	0.577179753872232
1.77799999999991	0.450809238975987	0.646039030850568
1.77899999999991	0.403227040758101	0.598862340539393
1.77999999999991	0.32723307643919	0.463992259596521
1.78099999999991	0.308477285283362	0.396250956684254
1.78199999999991	0.363464047526858	0.479825082310576
1.78299999999991	0.432226270885099	0.617155651507833
1.78399999999991	0.438590222189445	0.642277719650915
1.78499999999991	0.365658827593193	0.532483972176852
1.78599999999991	0.309055769059397	0.421515559608619
1.78699999999991	0.338236481437133	0.430214425047137
1.78799999999991	0.394389509617631	0.530233291522211
1.78899999999991	0.440376901735416	0.641090522283718
1.78999999999991	0.398997812871518	0.596657589663023
1.79099999999991	0.324372930186944	0.469386431471257
1.79199999999991	0.295032158948088	0.377313029043241
1.79299999999991	0.355550851513521	0.464786087069636
1.79399999999991	0.430723973924376	0.60016040647262
1.79499999999991	0.433657773606403	0.632098484802065
1.79599999999991	0.369039531688184	0.550814168379088
1.79699999999991	0.30591014417023	0.422020663015674
1.79799999999991	0.316389489220711	0.402545430095483
1.79899999999991	0.379379236197296	0.514940913976481
1.79999999999991	0.43556654173083	0.629316740098646
1.80099999999991	0.414348164650416	0.609571834997247
1.80199999999991	0.329834386060186	0.467938927935938
1.80299999999991	0.298631452829147	0.388907017197731
1.80399999999991	0.351693104813501	0.453934680553047
1.80499999999991	0.413156750281389	0.575187075262093
1.80599999999991	0.432959888322913	0.639343031759806
1.80699999999991	0.375836021124839	0.562713190461995
1.80799999999991	0.308530984014314	0.433031980409421
1.80899999999991	0.308300287762721	0.388655444613671
1.80999999999991	0.376853743118834	0.499352438130225
1.81099999999991	0.441387795869938	0.622922987706428
1.81199999999991	0.426027280383862	0.627183418491109
1.81299999999991	0.353407727694942	0.520033760061026
1.81399999999991	0.304809752705688	0.411038010082192
1.81499999999991	0.332624580918343	0.424754621469219
1.81599999999991	0.401610802341535	0.555736076294291
1.81699999999991	0.449106154936151	0.648883728570918
1.81799999999991	0.40416797029435	0.591999553032524
1.81899999999991	0.320104166944602	0.449179182939984
1.81999999999991	0.309838501500481	0.393789943743352
1.82099999999991	0.371587403557679	0.487661376870722
1.82199999999991	0.431900723617669	0.611096363103561
1.82299999999991	0.429341603708674	0.636895832016517
1.82399999999991	0.362841892533593	0.54010766142053
1.82499999999991	0.303527597418941	0.41359827658779
1.82599999999991	0.332440277336321	0.42848921588137
1.82699999999991	0.403545801335869	0.546624148505468
1.82799999999991	0.443048495544428	0.633517794301419
1.82899999999991	0.407938107639691	0.60785026143281
1.82999999999991	0.329304930522554	0.476075520457574
1.83099999999991	0.296665963654358	0.386560440548571
1.83199999999991	0.345396769614044	0.452031805178634
1.83299999999991	0.418749908544948	0.594541480477179
1.83399999999991	0.438527866104551	0.640962122496679
1.83499999999991	0.372428464962107	0.547170948791921
1.83599999999991	0.307436037350573	0.429673153421676
1.83699999999991	0.315836691561819	0.39880007577511
1.83799999999991	0.377702961679478	0.504333440008361
1.83899999999991	0.433792352789407	0.628544805706416
1.83999999999991	0.406766835931436	0.608934345864147
1.84099999999991	0.336256078085358	0.493395657047607
1.84199999999991	0.291997876964137	0.379373454419431
1.84299999999991	0.343902808023849	0.442809444326845
1.84399999999991	0.421932703564949	0.57908241408481
1.84499999999991	0.444566665378926	0.64192272347599
1.84599999999991	0.394171793100195	0.586504662544274
1.84699999999991	0.320231404176341	0.450679712020256
1.84799999999991	0.312997365217129	0.396946134369942
1.84899999999991	0.372241890764223	0.491644462217886
1.84999999999991	0.442627164145507	0.626430793905381
1.85099999999991	0.443872258312239	0.643126627399024
1.85199999999991	0.369389336684969	0.535221080977836
1.85299999999991	0.319627354113452	0.428485794302221
1.85399999999991	0.34176736964194	0.426215688291439
1.85499999999991	0.410067862144043	0.556853361363067
1.85599999999991	0.449508949162443	0.652514106170622
1.85699999999991	0.40927890263161	0.607553050398525
1.85799999999991	0.334414259443555	0.476526375072304
1.85899999999991	0.307769860394617	0.390590274544022
1.85999999999991	0.367092384351533	0.475194161804868
1.86099999999991	0.438564841674123	0.609732023515512
1.86199999999991	0.44582546766887	0.650923901319153
1.86299999999991	0.378602997420691	0.560557398919882
1.86399999999991	0.311382999501855	0.431528437406034
1.86499999999991	0.320502144063372	0.40687432890848
1.86599999999991	0.388959341387862	0.528150526621409
1.86699999999991	0.450578600820935	0.644134670198108
1.86799999999991	0.420852124966105	0.615877763025056
1.8689999999999	0.340178718671335	0.495256797919543
1.8699999999999	0.312476441206175	0.408318980685679
1.8709999999999	0.355322715463402	0.460919202581616
1.8719999999999	0.418562234068677	0.585942369420505
1.8729999999999	0.434048820153391	0.640251616783936
1.8739999999999	0.377508407533291	0.564075469271711
1.8749999999999	0.307912558645851	0.430060840967819
1.8759999999999	0.311651381283114	0.398287810225785
1.8769999999999	0.379526751560591	0.504956148310415
1.8779999999999	0.438191683733247	0.622984732814081
1.8789999999999	0.421194234167575	0.627555939084571
1.8799999999999	0.344884053361497	0.507609312912942
1.8809999999999	0.293425082309052	0.390779807808154
1.8819999999999	0.329501739596587	0.425685686008589
1.8829999999999	0.407781240576478	0.570459221870416
1.8839999999999	0.445577500214222	0.644848215619278
1.8849999999999	0.393159392682181	0.578653177225899
1.8859999999999	0.319606725621107	0.457039490221985
1.8869999999999	0.317762124125038	0.404697404703039
1.8879999999999	0.37035327147401	0.489204553892974
1.8889999999999	0.430867638565843	0.61457577461348
1.8899999999999	0.426746796780184	0.631303530014323
1.8909999999999	0.36233012875891	0.532899215440815
1.8919999999999	0.299233919297375	0.396850606007655
1.8929999999999	0.332980563894069	0.422602200095768
1.8939999999999	0.411318367030597	0.553551502819477
1.8949999999999	0.451858590780165	0.645519606513279
1.8959999999999	0.417833643258645	0.620371173034213
1.8969999999999	0.338643086616084	0.487226549675348
1.8979999999999	0.308220722388884	0.395999072482712
1.8989999999999	0.357174016757538	0.463071988238472
1.8999999999999	0.43464881699579	0.607142847732186
1.9009999999999	0.453724966007313	0.653889017353631
1.9019999999999	0.388100061387377	0.568259828050437
1.9029999999999	0.322476125692174	0.445526832038066
1.9039999999999	0.333410278081754	0.42300104365186
1.9049999999999	0.385878703433673	0.511779911741855
1.9059999999999	0.444040242424362	0.639458357567106
1.9069999999999	0.424596675858149	0.627968206115823
1.9079999999999	0.350014669797654	0.505717024484764
1.9089999999999	0.309016486697324	0.410127301570279
1.9099999999999	0.350009276442938	0.446853974722133
1.9109999999999	0.422831026796838	0.579960483818321
1.9119999999999	0.450199432042956	0.653309018669499
1.9129999999999	0.395116414174724	0.587653973739484
1.9139999999999	0.311125381681682	0.435689129109911
1.9149999999999	0.308403627757484	0.39220366489714
1.9159999999999	0.372865990769265	0.497302698789624
1.9169999999999	0.443856714787076	0.628675222054687
1.9179999999999	0.431760276816285	0.631062696111256
1.9189999999999	0.354213340473054	0.524409374525578
1.9199999999999	0.308046300607272	0.41347907274326
1.9209999999999	0.331493477468129	0.423946686719526
1.9219999999999	0.402351323794844	0.557367831697033
1.9229999999999	0.434418039373155	0.637192093113063
1.9239999999999	0.394827825789669	0.589520941975108
1.9249999999999	0.317821234606967	0.453649409624193
1.9259999999999	0.30845037235413	0.40266767620648
1.9269999999999	0.362899750218381	0.472958392616414
1.9279999999999	0.427865481395581	0.60126181134559
1.9289999999999	0.433196087127548	0.640983488448259
1.9299999999999	0.364527698629587	0.540268367969315
1.9309999999999	0.298918868826569	0.406940121576295
1.9319999999999	0.318405321940164	0.405302763985915
1.9329999999999	0.39341274760605	0.53369760112922
1.9339999999999	0.453934916248014	0.646497299170728
1.9349999999999	0.419158306456104	0.614279565097333
1.9359999999999	0.342042684152088	0.498005525322833
1.9369999999999	0.316548237772986	0.409848874233305
1.9379999999999	0.35397038618921	0.453809218343996
1.9389999999999	0.424387424833147	0.595296235345184
1.9399999999999	0.441947569137444	0.646715797717548
1.9409999999999	0.390870112289049	0.573894021945518
1.9419999999999	0.317719467951086	0.439736900960114
1.9429999999999	0.329683335412288	0.4206696866557
1.9439999999999	0.388610131631794	0.508198197151505
1.9449999999999	0.445296351741302	0.629963643273508
1.9459999999999	0.431954532311518	0.639381871890224
1.9469999999999	0.354742043248718	0.518344235259749
1.9479999999999	0.31207457749629	0.414647742961372
1.9489999999999	0.349304116289484	0.449986141010007
1.9499999999999	0.420650272847003	0.57923535079829
1.9509999999999	0.453605834700202	0.650005099079172
1.9519999999999	0.399656682916727	0.588884778962205
1.9529999999999	0.324517873553233	0.460942900144742
1.9539999999999	0.31677446496791	0.407967122843966
1.9549999999999	0.364074358033545	0.479269247846195
1.9559999999999	0.427334132566937	0.614926851506353
1.9569999999999	0.422424896968346	0.627370669528886
1.9579999999999	0.351828170691941	0.517141362259682
1.9589999999999	0.295797595879611	0.405068229688947
1.95999999999989	0.324986531572753	0.416341844772327
1.96099999999989	0.392444853077725	0.533126721304325
1.96199999999989	0.433876800588715	0.632553018159674
1.96299999999989	0.391219596320179	0.58925470097841
1.96399999999989	0.305868825423992	0.44127171014786
1.96499999999989	0.291214624807229	0.37536995648962
1.96599999999989	0.35084337569191	0.463035105293569
1.96699999999989	0.428806710810196	0.602321500815183
1.96799999999989	0.433487319283051	0.631860293415668
1.96899999999989	0.366275030992195	0.546723233279519
1.96999999999989	0.308871715582232	0.424889986788033
1.97099999999989	0.327108403979501	0.420274050574026
1.97199999999989	0.382884720160745	0.516264314893069
1.97299999999989	0.437840045495627	0.633480496648792
1.97399999999989	0.419872635741396	0.619829650516263
1.97499999999989	0.342719241639529	0.493095897889509
1.97599999999989	0.302875642596971	0.395126626628064
1.97699999999989	0.351603201169105	0.448593025050367
1.97799999999989	0.422121053780499	0.582572308608704
1.97899999999989	0.449399423732178	0.656808275658716
1.97999999999989	0.392867638568697	0.582736515344587
1.98099999999989	0.321677067162272	0.452654906944149
1.98199999999989	0.313142607132889	0.39537344302118
1.98299999999989	0.382143284790809	0.506049074161202
1.98399999999989	0.45325703108509	0.635896965067893
1.98499999999989	0.437501722868833	0.636616234310314
1.98599999999989	0.362798806894188	0.533373790477128
1.98699999999989	0.314611639630888	0.417670527002836
1.98799999999989	0.345152201029945	0.442416295894142
1.98899999999989	0.40951406006033	0.566648454609827
1.98999999999989	0.442854832792564	0.643592781598877
1.99099999999989	0.398886158168835	0.580259249723487
1.99199999999989	0.322386778403371	0.455826445609116
1.99299999999989	0.308093143521702	0.393565643121609
1.99399999999989	0.365468699418665	0.474920048438689
1.99499999999989	0.429314312333084	0.605985549367435
1.99599999999989	0.426130319662979	0.634745327856057
1.99699999999989	0.354072761502833	0.527331503511998
1.99799999999989	0.299513668561272	0.409459717925223
1.99899999999989	0.320439497000843	0.407704267131289
2	0.397951284234593	0.545438733914335
