"Time [s]"	"CoreLoss [W]"
0	0
0.001	114.953441958447
0.002	53.4210968350367
0.003	50.2208402997137
0.004	56.7504482860643
0.005	74.0314412506587
0.006	86.3855019105238
0.007	78.9209872223482
0.008	64.612045707729
0.009	55.4488754430884
0.01	55.2089065213356
0.011	69.6770758601663
0.012	81.3390340048046
0.013	100.315911681546
0.014	94.6118715241494
0.015	126.203260061616
0.016	123.505827546279
0.017	148.022326302987
0.018	136.097201969211
0.019	170.406762767068
0.02	190.906088866755
0.021	201.487040032511
0.022	171.50922735092
0.023	166.452628404379
0.024	201.39844880927
0.025	233.765593750758
0.026	146.79724526991
0.027	120.016387109391
0.028	125.434006151802
0.029	112.001099158106
0.03	166.152890874631
0.031	158.018673214265
0.032	124.853690324625
0.033	91.2695131952926
0.034	83.7491493689349
0.035	143.243286101359
0.036	138.326685381958
0.037	170.923131360166
0.038	133.26426080847
0.039	124.448487168389
0.04	184.151162415143
0.041	192.726736719643
0.042	119.606825980068
0.043	101.995949007069
0.044	135.593806266977
0.045	145.002960104703
0.046	131.18000863346
0.047	131.512357736018
0.048	94.0901624815103
0.049	98.9937470189268
0.05	111.869880036669
0.051	125.879041496611
0.052	133.535659514427
0.053	136.102591432159
0.054	123.563062703891
0.055	139.644138269631
0.056	181.062513792297
0.057	183.98972036926
0.058	187.325291905253
0.059	194.712097540986
0.06	165.324197094794
0.061	218.601855201236
0.062	195.84291368419
0.063	187.627736648353
0.064	222.228379304596
0.065	156.099380680107
0.066	161.639498154833
0.067	173.200338617629
0.068	133.657851630694
0.069	132.048473171665
0.07	143.809993236936
0.071	145.087304151053
0.0720000000000001	110.455338088526
0.0730000000000001	128.55310070088
0.0740000000000001	147.813523051025
0.0750000000000001	152.520781897296
0.0760000000000001	137.444488231386
0.0770000000000001	178.841854813832
0.0780000000000001	185.275439353302
0.0790000000000001	192.089943914753
0.0800000000000001	216.663298216682
0.0810000000000001	217.460993153783
0.0820000000000001	210.529592922134
0.0830000000000001	184.802775988289
0.0840000000000001	221.475814972889
0.0850000000000001	185.295038443605
0.0860000000000001	213.039336133852
0.0870000000000001	180.444974065627
0.0880000000000001	226.190568003484
0.0890000000000001	173.826974903366
0.0900000000000001	211.215076635793
0.0910000000000001	176.190155056133
0.0920000000000001	192.424851969105
0.0930000000000001	183.435114719998
0.0940000000000001	165.136797562419
0.0950000000000001	195.417342028852
0.0960000000000001	164.998253269083
0.0970000000000001	202.728828756983
0.0980000000000001	167.509589005067
0.0990000000000001	214.576273092618
0.1	181.529029547484
0.101	220.798568645549
0.102	208.611813229348
0.103	207.196922870256
0.104	236.956236531892
0.105	193.492512525591
0.106	216.68584748847
0.107	221.306530800589
0.108	203.673472770602
0.109	216.773941703763
0.11	220.707982731703
0.111	180.387535755876
0.112	164.073655851106
0.113	164.850339116318
0.114	213.717981466982
0.115	188.625176906587
0.116	150.481542070425
0.117	132.417392086023
0.118	142.418614706462
0.119	136.138356838567
0.12	127.442143845959
0.121	130.323112390292
0.122	122.635383819541
0.123	118.314324457147
0.124	148.428503102259
0.125	161.458368361171
0.126	157.860750829639
0.127	167.028082818428
0.128	162.023962137471
0.129	153.703172755929
0.13	176.430242427089
0.131	183.015884153023
0.132	183.002121672252
0.133	154.537551109712
0.134	184.55163315218
0.135	184.831606110612
0.136	186.88006183624
0.137	156.848346534321
0.138	189.734581550878
0.139	195.716730773934
0.14	190.95192166391
0.141	163.018309320065
0.142	201.590827764685
0.143	208.780289073838
0.144	202.480868025267
0.145	173.828930036453
0.146	207.869602726648
0.147	212.616531577917
0.148	214.06897241154
0.149	187.610059581874
0.15	188.780065207706
0.151	207.217007160566
0.152	199.85531048745
0.153	200.796413517657
0.154	187.857504474431
0.155	173.127278383575
0.156	189.058999496099
0.157	199.817837238407
0.158	196.08906570874
0.159	196.748119294386
0.16	196.021144897944
0.161	190.038966807624
0.162	184.474592145938
0.163	191.512713654742
0.164	200.232625418576
0.165	204.407455281231
0.166	206.285848584875
0.167	212.544218210411
0.168	207.731930841703
0.169	205.049348504766
0.17	200.126598830828
0.171	201.861878114588
0.172	207.560219308114
0.173	218.489790522723
0.174	215.846825799879
0.175	209.170500331011
0.176	207.897608102669
0.177	211.430787293752
0.178	217.749322330565
0.179	222.57588046887
0.18	221.340884088459
0.181	210.840891845236
0.182	209.88640196441
0.183	222.976317281934
0.184	228.844178789573
0.185	223.624749195476
0.186	214.513983570527
0.187	223.027462554325
0.188	230.618637115331
0.189	233.190217915628
0.19	226.600153041055
0.191	214.238942073376
0.192	222.963861545526
0.193	227.892896908083
0.194	229.076593996243
0.195	223.647584489892
0.196	214.560066071914
0.197	217.939416957547
0.198	226.102925638396
0.199	223.163661932321
0.2	228.072211982774
0.201	220.330533141048
0.202	215.639238107794
0.203	218.228450716987
0.204	217.723770567042
0.205	222.051516761471
0.206	228.006717999956
0.207	224.624354122505
0.208	220.451925147534
0.209	221.330687068799
0.21	220.280057912288
0.211	218.726800334359
0.212	221.437531200622
0.213	226.967766334693
0.214	222.57151250765
0.215	223.07231202909
0.216	220.380506965668
0.217	217.12024088583
0.218	228.044374182207
0.219	231.835216109496
0.22	231.2015649091
0.221	223.619561576983
0.222	222.418447137519
0.223	230.527608562257
0.224	234.618093799571
0.225	233.812909700775
0.226	225.594400956772
0.227	224.821862535052
0.228	233.502576754115
0.229	237.846926909741
0.23	233.471243208437
0.231	224.954625655202
0.232	229.817570861354
0.233	233.616184608697
0.234	235.888189212999
0.235	234.896321823148
0.236	226.977212201193
0.237	227.091254242833
0.238	229.520490387641
0.239	232.183992946246
0.24	236.60935785847
0.241	228.314036114787
0.242	224.119594920223
0.243	228.770642269832
0.244	224.784921212274
0.245	231.118304115626
0.246	231.857114808863
0.247	229.94259032828
0.248	226.442102261186
0.249	224.75357244038
0.25	225.144307480002
0.251	231.873400030239
0.252	234.735139535507
0.253	232.557449561797
0.254	229.07455363321
0.255	226.704091713451
0.256	224.835088442986
0.257	227.652959321295
0.258	234.685831795142
0.259	227.758184406014
0.26	226.447450286252
0.261	223.192264321684
0.262	225.857045399457
0.263	237.722563149219
0.264	231.574621134433
0.265	230.552452678893
0.266	226.717806787152
0.267	227.477667449206
0.268	238.944743935232
0.269	235.946730758945
0.27	232.080086263638
0.271	225.266517654112
0.272	228.493095980855
0.273	238.53707831126
0.274	235.622418434769
0.275	234.588299018228
0.276	230.451166882108
0.277	231.621485907957
0.278	234.698085769188
0.279	235.537719092253
0.28	235.415089546958
0.281	228.996860040034
0.282	229.471940396327
0.283	230.20502207869
0.284	232.009810650916
0.285	234.136729595317
0.286	229.915805734527
0.287	228.464885573781
0.288	228.166567513027
0.289	225.320930790282
0.29	237.595862877199
0.291	232.925810638224
0.292	228.362466187519
0.293	229.465557918177
0.294	226.169976591346
0.295	226.179657364261
0.296	232.984401032533
0.297	231.390626939856
0.298	228.410719930416
0.299	226.354560518756
0.3	229.90157246186
0.301	233.013070568253
0.302	236.674532326852
0.303	234.480406267355
0.304	226.810802882857
0.305	226.924842623732
0.306	231.695110194672
0.307	236.646406289442
0.308	239.928855803474
0.309	230.922693649957
0.31	227.42888512489
0.311	227.635821171876
0.312	232.055649762984
0.313	241.398493465143
0.314	230.429350420325
0.315	230.489806890064
0.316	231.627495356927
0.317	229.460516960717
0.318	239.798467293806
0.319	233.065413720477
0.32	232.234857154053
0.321	227.999890090385
0.322	226.505546922691
0.323	235.87834421349
0.324	237.636511835738
0.325	238.425135660608
0.326	230.896762064689
0.327	230.411443461563
0.328	229.616063625953
0.329	232.427727275303
0.33	234.938397396883
0.331	225.98579684118
0.332	224.838232487432
0.333	231.362098346384
0.334	226.8135379111
0.335	234.27146159635
0.336	235.137122609248
0.337	229.889694713189
0.338	226.35137318965
0.339	228.421422344506
0.34	235.3497446367
0.341	238.841365081928
0.342	230.835192824659
0.343	230.270684092497
0.344	228.182780821159
0.345	227.94209161796
0.346	235.037685162461
0.347	235.65902894254
0.348	235.186837001883
0.349	231.628618699218
0.35	233.38466879153
0.351	232.679642175508
0.352	236.202011468225
0.353	238.381467445172
0.354	229.157265656017
0.355	226.937601939194
0.356	229.149952617486
0.357	233.664099263724
0.358	238.213582005284
0.359	232.98265556325
0.36	233.975657220725
0.361	230.609661232522
0.362	230.543543986079
0.363	240.748145480447
0.364	234.099357897166
0.365	235.508909511626
0.366	230.746301823036
0.367	226.264718960999
0.368	236.463245328558
0.369	233.925281953765
0.37	230.685229828732
0.371	225.998307431491
0.372	230.882420061835
0.373	231.838289699077
0.374	233.3705799869
0.375	232.959235591081
0.376	230.054917826812
0.377	229.101546266594
0.378	226.569234730708
0.379	229.833170720812
0.38	237.888344842688
0.381	233.216430688232
0.382	231.967295512074
0.383	232.69235078063
0.384	226.394854547833
0.385	234.65580027261
0.386	234.90467340333
0.387	232.539741923776
0.388	230.965341322817
0.389	230.001355608118
0.39	232.263584711104
0.391	238.11548786571
0.392	235.594450098086
0.393	234.059427006482
0.394	228.513588496564
0.395	228.804696515949
0.396	235.269665102115
0.397	235.823833426387
0.398	234.929847964077
0.399	230.828093920188
0.4	233.024827332886
0.401	232.063876349527
0.402	235.559605101012
0.403	238.266636562344
0.404	228.873707432089
0.405	226.065496116602
0.406	228.25956147725
0.407	232.275506743026
0.408	239.383934784866
0.409	234.236524283265
0.41	230.754635910391
0.411	225.900275271811
0.412	228.723697841614
0.413	239.104120772336
0.414	231.183843480766
0.415	233.5397701721
0.416	232.530543627724
0.417	229.900564417805
0.418	233.98880755294
0.419	238.437187993985
0.42	241.117725066558
0.421	228.015509837427
0.422	225.465820196038
0.423	230.866550027587
0.424	233.110137252543
0.425	235.904721402749
0.426	232.311663221619
0.427	229.09100897349
0.428	226.834007369148
0.429	229.920537888299
0.43	238.1885180347
0.431	234.725657623839
0.432	232.663352524315
0.433	232.329118248753
0.434	226.634536628442
0.435	234.719156746019
0.436	236.00176361305
0.437	232.603682807883
0.438	230.953769579741
0.439	229.99372689567
0.44	232.085687846906
0.441	238.189808381606
0.442	235.855992159876
0.443	234.496143850688
0.444	228.16314335912
0.445	228.104182985893
0.446	234.260612559761
0.447	236.001800251099
0.448	235.497180153441
0.449	231.154567847782
0.45	233.055975199982
0.451	230.555230787407
0.452	234.418509116243
0.453	235.931412050271
0.454	226.655948556329
0.455	225.600953286552
0.456	227.30121087088
0.457	230.7176678591
0.458	239.871501777258
0.459	235.559793076945
0.46	235.858527469033
0.461	229.470456648471
0.462	227.71839686622
0.463	237.775527626025
0.464	232.866631981975
0.465	234.998969993687
0.466	232.03177722501
0.467	230.803372402106
0.468	233.044741702726
0.469	234.983554875147
0.47	233.422089909856
0.471	225.099602888121
0.472	224.715907709934
0.473	230.108832720838
0.474	232.593470385929
0.475	236.737822819565
0.476	233.228109369541
0.477	231.892384346718
0.478	230.751576226931
0.479	228.926802730036
0.48	237.959800092795
0.481	235.788094364732
0.482	233.006941635317
0.483	231.199865881991
0.484	226.094241309025
0.485	233.410557778602
0.486	236.643302054855
0.487	230.028815854472
0.488	225.218837576038
0.489	225.166452514931
0.49	230.875103684101
0.491	237.595171912933
0.492	237.003529201786
0.493	235.592544051849
0.494	228.070719782035
0.495	227.364904803272
0.496	232.98968485983
0.497	235.909579198747
0.498	236.393551134066
0.499	232.077389841783
0.5	232.552678432552
0.501	229.306708406052
0.502	233.510535163282
0.503	237.411665122492
0.504	231.921338060842
0.505	233.789925262432
0.506	231.289875029515
0.507	229.566780850775
0.508	239.748498416843
0.509	232.051344044783
0.51	233.147248773301
0.511	229.369316371277
0.512	227.149621602778
0.513	236.632140472835
0.514	237.783382239489
0.515	240.29646510817
0.516	232.811045479645
0.517	231.148804320965
0.518	231.504304359788
0.519	234.58750852345
0.52	235.318762569957
0.521	230.412487823029
0.522	229.46496872337
0.523	229.68993286899
0.524	231.747819976056
0.525	237.613091437423
0.526	230.67410525016
0.527	228.336726497703
0.528	230.570681469644
0.529	227.944071869876
0.53	237.426925502852
0.531	237.369957174284
0.532	233.86350122277
0.533	233.341549547224
0.534	229.421204071345
0.535	232.127373064329
0.536	237.262296842102
0.537	231.176567997937
0.538	229.585072105971
0.539	229.151670328643
0.54	230.378268842304
0.541	236.725156005996
0.542	237.992243661966
0.543	236.728519227818
0.544	231.11128982911
0.545	231.29070746702
0.546	231.085217423814
0.547	235.612445344002
0.548	237.787113935724
0.549	233.234516984772
0.55	232.003653383996
0.551	228.130418221399
0.552	231.968863175898
0.553	238.886818500119
0.554	229.027677220761
0.555	229.871313770262
0.556	230.881894279216
0.557	228.055966960672
0.558	238.767577066518
0.559	232.827832459474
0.56	234.921373836858
0.561	231.802873754123
0.562	231.102891012623
0.563	235.033251713449
0.564	238.422989161411
0.565	240.760123073479
0.566	233.302305451938
0.567	231.757868288612
0.568	230.519634040374
0.569	233.875912940464
0.57	236.583912618374
0.571	227.833635841552
0.572	227.013576086954
0.573	233.821040225789
0.574	230.562754837718
0.575	237.677522722988
0.576	235.553052081839
0.577	233.075136839364
0.578	230.376718572706
0.579	227.066136359071
0.58	235.991948703353
0.581	235.488018392513
0.582	231.642644224821
0.583	231.854914075475
0.584	229.219056190444
0.585	230.796405712695
0.586	237.817808235625
0.587	236.225445688975
0.588	230.513863350353
0.589	224.791695373963
0.59	229.185550323884
0.591	235.090658729146
0.592	235.715873730115
0.593	235.753419026123
0.594	231.182687279753
0.595	231.403013713437
0.596	229.987503397258
0.597	234.383663598386
0.598	236.121152403178
0.599	231.726340209724
0.6	231.302714662763
0.601	227.018268965357
0.602	230.384373596369
0.603	239.977960556002
0.604	234.057003564869
0.605	236.047460760247
0.606	231.265251859622
0.607	226.929977261036
0.608	237.321295070771
0.609	233.763780614505
0.61	231.378498307583
0.611	227.069617013119
0.612	231.331055224751
0.613	233.95043648296
0.614	235.031646514382
0.615	232.550857373485
0.616	229.566469186442
0.617	230.973207089663
0.618	229.163607199898
0.619	232.728309591951
0.62	237.759924896071
0.621	232.12093444263
0.622	231.140288829174
0.623	233.652976212685
0.624	228.943830067535
0.625	236.882940833003
0.626	236.690932312034
0.627	230.603825596789
0.628	225.162799369805
0.629	226.736427858394
0.63	234.628696882568
0.631	237.04703372091
0.632	232.56681193331
0.633	231.899704221901
0.634	229.001950347076
0.635	229.940221276143
0.636	237.205668103961
0.637	233.735106036626
0.638	229.536793021522
0.639	224.30162210427
0.64	228.43742394447
0.641	233.775459979321
0.642	235.589803362115
0.643	236.689056304174
0.644	231.977256335545
0.645	231.458860035276
0.646	229.255631870915
0.647	233.178472479126
0.648	237.688424819508
0.649	232.890644961215
0.65	230.875114902902
0.651	226.663994974909
0.652	229.582601574141
0.653	240.25997362661
0.654	230.36777347362
0.655	232.659079082471
0.656	230.714470277333
0.657	225.974255423785
0.658	236.0239951577
0.659	234.619440561802
0.66	236.759587810889
0.661	230.902420049185
0.662	231.881822244324
0.663	232.749896477996
0.664	234.353662334586
0.665	233.985632857699
0.666	230.98912440195
0.667	230.196237982426
0.668	228.101018574673
0.669	231.565446277323
0.67	238.842227801636
0.671	233.206851569247
0.672	231.613593959769
0.673	233.804939718498
0.674	229.968106339839
0.675	240.281061588347
0.676	234.054272642409
0.677	228.070028920471
0.678	227.224686438325
0.679	230.37766048467
0.68	233.64774435218
0.681	237.924610848016
0.682	233.942200983431
0.683	232.89089928979
0.684	228.979961978834
0.685	229.384884671633
0.686	236.184354202892
0.687	234.813877624227
0.688000000000001	233.975999328301
0.689000000000001	230.689560393672
0.690000000000001	232.754283821595
0.691000000000001	232.317762844497
0.692000000000001	235.251415993061
0.693000000000001	237.771357373626
0.694000000000001	228.880140571858
0.695000000000001	226.288255576617
0.696000000000001	228.342200102388
0.697000000000001	231.892239626705
0.698000000000001	238.704678650916
0.699000000000001	234.06382375112
0.700000000000001	234.582384221982
0.701000000000001	229.620540583206
0.702000000000001	228.52714654046
0.703000000000001	239.422533299096
0.704000000000001	231.553952370619
0.705000000000001	234.281720985632
0.706000000000001	233.017447704173
0.707000000000001	230.148329880494
0.708000000000001	234.533071688779
0.709000000000001	234.934579203527
0.710000000000001	237.645732041719
0.711000000000001	228.308993261824
0.712000000000001	225.905258300225
0.713000000000001	231.40987516279
0.714000000000001	233.669910812729
0.715000000000001	235.694127791823
0.716000000000001	228.106257191866
0.717000000000001	224.023741566794
0.718000000000001	227.241340277608
0.719000000000001	230.508570312463
0.720000000000001	238.958663107364
0.721000000000001	234.195369955922
0.722000000000001	232.112358276505
0.723000000000001	233.064991492609
0.724000000000001	227.280831531482
0.725000000000001	235.54826502779
0.726000000000001	235.228466549542
0.727000000000001	232.08620300237
0.728000000000001	230.774358724919
0.729000000000001	230.321725443549
0.730000000000001	232.692735888659
0.731000000000001	238.257842767137
0.732000000000001	235.079972234917
0.733000000000001	233.679121449485
0.734000000000001	228.072507102424
0.735000000000001	228.10525730542
0.736000000000001	234.247651841969
0.737000000000001	235.429397535177
0.738000000000001	235.005428751577
0.739000000000001	230.954358286008
0.740000000000001	232.697934625314
0.741000000000001	230.356181425777
0.742000000000001	234.174210739126
0.743000000000001	235.968584289496
0.744000000000001	226.892104926948
0.745000000000001	225.866481915377
0.746000000000001	227.292643103263
0.747000000000001	230.478130384522
0.748000000000001	240.148272858153
0.749000000000001	231.573408760392
0.750000000000001	232.11926795095
0.751000000000001	229.453833837491
0.752000000000001	228.021998960415
0.753000000000001	238.030482899978
0.754000000000001	233.101096520027
0.755000000000001	235.333119179931
0.756000000000001	232.378831266747
0.757000000000001	230.759537853691
0.758000000000001	233.553368752742
0.759000000000001	235.47744096028
0.760000000000001	233.545638510371
0.761000000000001	225.060191222257
0.762000000000001	224.977008457905
0.763000000000001	230.700905568911
0.764000000000001	233.146336623505
0.765000000000001	236.597812805864
0.766000000000001	232.743851698629
0.767000000000001	228.857570201031
0.768000000000001	226.475786031661
0.769000000000001	229.292878461328
0.770000000000001	238.008348345518
0.771000000000001	235.121279378664
0.772000000000001	232.45624600097
0.773000000000001	231.482832112812
0.774000000000001	226.138866752923
0.775000000000001	233.725937385306
0.776000000000001	236.331178937462
0.777000000000001	229.53415440085
0.778000000000001	227.932570119545
0.779000000000001	229.052617097197
0.780000000000001	230.70059242977
0.781000000000001	237.485394344664
0.782000000000001	236.617784906711
0.783000000000001	235.579665582006
0.784000000000001	228.024110454946
0.785000000000001	226.96750327366
0.786000000000001	232.57544810203
0.787000000000001	235.651742787669
0.788000000000001	236.579583932302
0.789000000000001	232.304388943966
0.790000000000001	232.37817642201
0.791000000000001	228.817559166082
0.792000000000001	233.01875705248
0.793000000000001	237.815385264732
0.794000000000001	228.314206031871
0.795000000000001	229.319600322429
0.796000000000001	230.827062528927
0.797000000000001	229.134704098445
0.798000000000001	239.785280877947
0.799000000000001	232.396905741372
0.800000000000001	233.738154660895
0.801000000000001	229.358983846735
0.802000000000001	226.918436548299
0.803000000000001	236.781614217171
0.804000000000001	238.117195989705
0.805000000000001	240.383088437843
0.806000000000001	232.744737977186
0.807000000000001	231.287166920613
0.808000000000001	231.919895118342
0.809000000000001	234.866047135067
0.810000000000001	234.96182096167
0.811000000000001	230.026107114342
0.812000000000001	229.626001781532
0.813000000000001	229.526148657094
0.814000000000001	231.603614692598
0.815000000000001	237.181217037259
0.816000000000001	234.09061243064
0.817000000000001	232.229243979204
0.818000000000001	230.444081873859
0.819000000000001	227.615117567557
0.820000000000001	237.019873450302
0.821000000000001	237.29173467002
0.822000000000001	233.994911261416
0.823000000000001	233.224730408341
0.824000000000001	228.987170765118
0.825000000000001	231.432405032815
0.826000000000001	237.015574804107
0.827000000000001	231.442174132367
0.828000000000001	230.198809926843
0.829000000000001	228.76049907141
0.830000000000001	229.510734870996
0.831000000000001	235.841332361407
0.832000000000001	234.928228245405
0.833000000000001	231.789485343809
0.834000000000001	226.904437417719
0.835000000000001	231.196505529071
0.836000000000001	230.417596426498
0.837000000000001	235.238303707639
0.838000000000001	234.730282227913
0.839000000000001	226.878618370162
0.840000000000001	226.941072648789
0.841000000000001	227.765361936707
0.842000000000001	231.766465239394
0.843000000000001	239.069479503789
0.844000000000001	228.975542807066
0.845000000000001	229.673769915056
0.846000000000001	230.909554084228
0.847000000000001	228.222203791175
0.848000000000001	238.786454443871
0.849000000000001	232.679424544412
0.850000000000001	234.339979489633
0.851000000000001	231.266891621399
0.852000000000001	231.144099325898
0.853000000000001	235.071363879205
0.854000000000001	238.131915144127
0.855000000000001	240.334512124179
0.856000000000001	232.856192631165
0.857000000000001	231.320947668222
0.858000000000001	229.878545881166
0.859000000000001	233.217924787055
0.860000000000001	236.418777882394
0.861000000000001	227.729846143499
0.862000000000001	226.683787089824
0.863000000000001	233.222372105414
0.864000000000001	229.553965678642
0.865000000000001	237.087466990904
0.866000000000001	231.927119133896
0.867000000000001	229.772432671976
0.868000000000001	229.332197073852
0.869000000000001	226.4606342631
0.870000000000001	234.867380417378
0.871000000000001	236.133346193364
0.872000000000001	232.199709549218
0.873000000000001	231.923946489193
0.874000000000001	229.047261625954
0.875000000000001	229.921627025087
0.876000000000001	237.645006691871
0.877000000000001	233.403028905691
0.878000000000001	229.014017320565
0.879000000000001	224.506011844163
0.880000000000001	228.820932093164
0.881000000000001	234.727268133903
0.882000000000001	235.978624012829
0.883000000000001	236.137737499005
0.884000000000001	231.431552287125
0.885000000000001	231.53464241866
0.886000000000001	229.820162157118
0.887000000000001	234.359645318264
0.888000000000001	236.558862145843
0.889000000000001	232.060762628049
0.890000000000001	231.078432542767
0.891000000000001	227.002376902033
0.892000000000001	230.296304671533
0.893000000000001	240.426024264359
0.894000000000001	234.072550387059
0.895000000000001	236.283347003262
0.896000000000001	231.144893489221
0.897000000000001	226.463117362085
0.898000000000001	236.951862939094
0.899000000000001	234.118052477654
0.900000000000001	231.438388683993
0.901000000000001	226.905971741907
0.902000000000001	231.323052454939
0.903000000000001	233.218938420036
0.904000000000001	234.713647723514
0.905000000000001	233.03836916379
0.906000000000001	230.228135941633
0.907000000000001	230.666988796682
0.908000000000001	228.442770130571
0.909000000000001	231.963977609826
0.910000000000001	238.502594397301
0.911000000000001	232.743820688245
0.912000000000001	231.51305848426
0.913000000000001	233.764922587422
0.914000000000001	228.270158891449
0.915000000000001	236.613672045889
0.916000000000001	233.617152361327
0.917000000000001	227.62084490092
0.918000000000001	224.589533427952
0.919000000000001	226.598184017838
0.920000000000001	234.040180562336
0.921000000000001	237.623889668089
0.922000000000001	233.261175878765
0.923000000000001	232.415889197789
0.924000000000001	229.017443502804
0.925000000000001	229.869428492261
0.926000000000001	236.965607287404
0.927000000000001	234.341199971606
0.928000000000001	229.968934175016
0.929000000000001	227.079575725968
0.930000000000001	232.55101269115
0.931000000000001	233.358573858455
0.932000000000001	235.521172228471
0.933000000000001	236.86152745712
0.934000000000001	232.135204538266
0.935000000000001	231.018978574541
0.936000000000001	228.786094980039
0.937000000000001	232.489332643073
0.938000000000001	238.059976932751
0.939000000000001	233.248754211912
0.940000000000001	230.856817731317
0.941000000000001	226.411469281214
0.942000000000001	229.040568695032
0.943000000000001	239.87747913522
0.944000000000001	230.900832164539
0.945000000000001	228.906113432914
0.946000000000001	225.900759672856
0.947000000000001	225.827579525506
0.948000000000001	235.357034548031
0.949000000000001	234.898162109911
0.950000000000001	237.223487360591
0.951000000000001	230.981574924341
0.952000000000001	232.088423973283
0.953000000000001	232.234764105217
0.954000000000001	234.007121462317
0.955000000000001	234.77330573576
0.956000000000001	231.523374774709
0.957000000000001	229.965396335406
0.958000000000001	227.96595322579
0.959000000000001	231.431066532431
0.960000000000001	239.03120665009
0.961000000000001	233.709734458516
0.962000000000001	231.886317273517
0.963000000000001	233.619696925579
0.964000000000001	227.587501284896
0.965000000000001	235.799401766857
0.966000000000001	234.549023251548
0.967000000000001	228.389213310798
0.968000000000001	227.272077222478
0.969000000000001	230.258005182202
0.970000000000001	233.286284572449
0.971000000000001	238.253431952653
0.972000000000001	234.655512604475
0.973000000000001	233.319066418999
0.974000000000001	228.738405015327
0.975000000000001	229.148058136428
0.976000000000001	235.493329390843
0.977000000000001	235.213106004768
0.978000000000001	234.403176362246
0.979000000000001	230.71112169949
0.980000000000001	232.803115373145
0.981000000000001	231.643249132446
0.982000000000001	235.013369378568
0.983000000000001	238.570314612024
0.984000000000001	229.300985668997
0.985000000000001	226.183641872847
0.986000000000001	228.119590164458
0.987000000000001	231.647237686066
0.988000000000001	239.647067250034
0.989000000000001	234.830049667043
0.990000000000001	235.194469784625
0.991000000000001	229.842850407277
0.992000000000001	228.499053963472
0.993000000000001	239.001781468609
0.994000000000001	232.245602706977
0.995000000000001	234.855885224672
0.996000000000001	232.860365418308
0.997000000000001	230.620018445161
0.998000000000001	234.368251567302
0.999000000000001	235.172656012123
1	238.263471424119
1.001	228.613953521837
1.002	225.756554385426
1.003	231.307110099489
1.004	233.764676538231
1.005	236.415829529057
1.006	232.511793065984
1.007	229.27923307595
1.008	227.225813167897
1.009	230.371967423547
1.01	238.695154499371
1.011	234.777886538631
1.012	232.587121788635
1.013	232.605039383913
1.014	227.01223566259
1.015	235.234988367499
1.016	235.954320910303
1.017	232.671348362527
1.018	231.020576508794
1.019	230.264938717815
1.02	232.294031325478
1.021	238.302644091984
1.022	235.961029420414
1.023	234.613013158543
1.024	228.337698572682
1.025	228.001393351592
1.026	234.123821421258
1.027	235.896675761417
1.028	235.881513880862
1.029	231.629811313072
1.03	233.173748839694
1.031	230.218896200231
1.032	234.267738779506
1.033	236.871693084425
1.034	231.583293317447
1.035	230.808832273154
1.036	227.552192919494
1.037	230.400281944544
1.038	240.311384191189
1.039	236.293148739085
1.04	237.141348168501
1.041	229.907018583427
1.042	227.853140749293
1.043	238.045642768
1.044	233.782488481879
1.045	235.80922721106
1.046	232.652444061719
1.047	231.132739586035
1.048	233.121432530406
1.049	235.587456021033
1.05	234.292391920841
1.051	225.719666798705
1.05199999999999	225.028964421408
1.05299999999999	230.595434866858
1.05399999999999	233.102157700039
1.05499999999999	237.184096597367
1.05599999999999	233.455393387208
1.05699999999999	232.165299068629
1.05799999999999	230.870506218225
1.05899999999999	229.171955401346
1.05999999999999	238.437231937815
1.06099999999999	236.195964034952
1.06199999999999	233.226460196629
1.06299999999999	231.262593068504
1.06399999999999	226.398516774254
1.06499999999999	233.622724051741
1.06599999999999	237.080269565963
1.06699999999999	230.262795869718
1.06799999999999	228.492228309502
1.06899999999999	229.271993568924
1.06999999999999	230.810309785525
1.07099999999999	237.631875593185
1.07199999999999	237.229756863143
1.07299999999999	236.216055850698
1.07399999999999	231.381251102069
1.07499999999999	231.482540277482
1.07599999999999	232.308864326903
1.07699999999999	235.998072927787
1.07799999999999	237.33479137894
1.07899999999999	232.921588874106
1.07999999999999	232.527140285351
1.08099999999999	229.040936183259
1.08199999999999	233.128701396767
1.08299999999999	238.489284008707
1.08399999999999	228.681940918769
1.08499999999999	229.627210571186
1.08599999999999	231.194054775069
1.08699999999999	229.261955758169
1.08799999999999	240.016875029017
1.08899999999999	232.681325861696
1.08999999999999	234.260374446831
1.09099999999999	229.576872246309
1.09199999999999	227.121195033248
1.09299999999999	236.822108033194
1.09399999999999	238.621664372748
1.09499999999999	240.89300119483
1.09599999999999	233.118209857292
1.09699999999999	231.974850460419
1.09799999999999	232.025558144944
1.09899999999999	235.140717747818
1.09999999999999	235.469403946761
1.10099999999999	230.471366013114
1.10199999999999	229.591376950949
1.10299999999999	229.743030562289
1.10399999999999	231.767403655294
1.10499999999999	237.698626685407
1.10599999999999	234.563039085152
1.10699999999999	232.574554941185
1.10799999999999	230.780853557134
1.10899999999999	227.995745322687
1.10999999999999	237.240398785893
1.11099999999999	237.958221956893
1.11199999999999	234.298637628958
1.11299999999999	233.432388823148
1.11399999999999	229.438121093885
1.11499999999999	231.736874599781
1.11599999999999	237.492504094226
1.11699999999999	231.690655151063
1.11799999999999	230.517455845304
1.11899999999999	228.917694844334
1.11999999999999	229.88036134831
1.12099999999999	236.034064191301
1.12199999999999	235.288001538783
1.12299999999999	232.11705001785
1.12399999999999	227.205397202326
1.12499999999999	231.56055186455
1.12599999999999	230.664332607115
1.12699999999999	235.535216938852
1.12799999999999	235.177822572784
1.12899999999999	227.205759472052
1.12999999999999	227.318506823896
1.13099999999999	228.048545799256
1.13199999999999	231.890887287336
1.13299999999999	239.486875515764
1.13399999999999	229.332561550893
1.13499999999999	230.063105234959
1.13599999999999	231.279775153115
1.13699999999999	228.532516198718
1.13799999999999	239.107878343299
1.13899999999999	233.145406080922
1.13999999999999	234.875382496464
1.14099999999999	231.745005719553
1.14199999999999	231.52604494507
1.14299999999998	235.427585850468
1.14399999999998	238.484718445328
1.14499999999998	240.538179356861
1.14599999999998	233.036481987884
1.14699999999998	231.810349814914
1.14799999999998	230.296833142702
1.14899999999998	233.598198752101
1.14999999999998	236.54069502177
1.15099999999998	227.990379296611
1.15199999999998	226.992342058873
1.15299999999998	233.794498025274
1.15399999999998	230.076287177773
1.15499999999998	237.503044368457
1.15599999999998	232.203512172296
1.15699999999998	229.982805503317
1.15799999999998	230.104719811365
1.15899999999998	226.999024339635
1.15999999999998	235.437113256334
1.16099999999998	236.329925286897
1.16199999999998	232.220211751407
1.16299999999998	232.141061976481
1.16399999999998	229.420843165
1.16499999999998	230.513273640253
1.16599999999998	238.025446398787
1.16699999999998	233.483319366369
1.16799999999998	229.083284027679
1.16899999999998	224.941306880488
1.16999999999998	229.418771195505
1.17099999999998	235.173872241864
1.17199999999998	236.272290645309
1.17299999999998	236.308574475108
1.17399999999998	231.583484549146
1.17499999999998	231.979298234221
1.17599999999998	230.148282837468
1.17699999999998	234.635707415799
1.17799999999998	236.483911752054
1.17899999999998	232.117333177772
1.17999999999998	231.512524802793
1.18099999999998	227.291428992844
1.18199999999998	230.699732524703
1.18299999999998	244.166744216974
1.18399999999998	237.275583265902
1.18499999999998	236.639659971346
1.18599999999998	231.955846395061
1.18699999999998	227.225126991881
1.18799999999998	237.336555963053
1.18899999999998	234.138227742506
1.18999999999998	231.758239601439
1.19099999999998	227.222884629498
1.19199999999998	231.805629159547
1.19299999999998	233.837528949273
1.19399999999998	235.05509624764
1.19499999999998	233.06033657497
1.19599999999998	226.38085809791
1.19699999999998	225.203340314255
1.19799999999998	229.212811362918
1.19899999999998	232.67992486686
1.19999999999998	238.557540055671
1.20099999999998	232.874776845114
1.20199999999998	231.579308710537
1.20299999999998	234.277409971215
1.20399999999998	229.102986173589
1.20499999999998	237.175604244277
1.20599999999998	237.280050437927
1.20699999999998	230.926978810399
1.20799999999998	228.072541924548
1.20899999999998	230.562814035905
1.20999999999998	234.930433877716
1.21099999999998	237.475564984847
1.21199999999998	232.960133207084
1.21299999999998	232.31899560985
1.21399999999998	229.324711029384
1.21499999999998	230.104335175439
1.21599999999998	237.338252275846
1.21699999999998	234.206753984995
1.21799999999998	230.005716400662
1.21899999999998	227.310225220273
1.21999999999998	232.809847664492
1.22099999999998	233.557257611678
1.22199999999998	235.693400544974
1.22299999999998	237.093905492274
1.22399999999998	232.610680332346
1.22499999999998	231.579322255373
1.22599999999998	229.166902441748
1.22699999999998	232.875429570995
1.22799999999998	238.26329470374
1.22899999999998	233.573647894714
1.22999999999998	231.192627970806
1.23099999999998	226.684955357963
1.23199999999998	229.501761382952
1.23299999999998	240.389319163177
1.23399999999997	231.121536389605
1.23499999999997	229.130070800284
1.23599999999997	226.257133629624
1.23699999999997	226.183015260857
1.23799999999997	235.988357551766
1.23899999999997	235.072607170097
1.23999999999997	237.294723570839
1.24099999999997	231.31977297378
1.24199999999997	232.341169622313
1.24299999999997	232.968320417681
1.24399999999997	234.623291373177
1.24499999999997	234.546334684667
1.24599999999997	231.446924656738
1.24699999999997	230.26730405864
1.24799999999997	228.502441023635
1.24899999999997	231.743468611225
1.24999999999997	239.115575108709
1.25099999999997	233.498751834059
1.25199999999997	231.722625847379
1.25299999999997	233.760599910679
1.25399999999997	227.780324036671
1.25499999999997	236.084130604634
1.25599999999997	234.38081023058
1.25699999999997	228.339887751751
1.25799999999997	227.248666488006
1.25899999999997	230.361814046125
1.25999999999997	233.257583414688
1.26099999999997	238.157829600214
1.26199999999997	234.575322147452
1.26299999999997	233.391246248187
1.26399999999997	228.84257895933
1.26499999999997	229.056334185896
1.26599999999997	235.345763793245
1.26699999999997	235.386930200254
1.26799999999997	234.59820363475
1.26899999999997	231.008662171225
1.26999999999997	232.915230928691
1.27099999999997	231.539235167407
1.27199999999997	235.144756530185
1.27299999999997	238.921727644364
1.27399999999997	229.718542104761
1.27499999999997	226.282029720147
1.27599999999997	228.226135560585
1.27699999999997	231.599090831742
1.27799999999997	239.710475807155
1.27899999999997	235.088535444048
1.27999999999997	235.593429258094
1.28099999999997	230.007833622357
1.28199999999997	228.628886014673
1.28299999999997	239.222811864784
1.28399999999997	232.409965924612
1.28499999999997	235.017453351765
1.28599999999997	233.047994385283
1.28699999999997	230.487311908093
1.28799999999997	234.559765565785
1.28899999999997	235.296562375186
1.28999999999997	238.238869103611
1.29099999999997	228.72380783287
1.29199999999997	225.807938843786
1.29299999999997	231.541739346442
1.29399999999997	233.768301896321
1.29499999999997	236.324658960253
1.29599999999997	228.649965528545
1.29699999999997	224.260549913835
1.29799999999997	227.197544816515
1.29899999999997	230.295901232817
1.29999999999997	238.767920037731
1.30099999999997	234.588621329222
1.30199999999997	232.403153268928
1.30299999999997	232.672431352906
1.30399999999997	226.994992235732
1.30499999999997	235.114492899165
1.30599999999997	235.894566985628
1.30699999999997	232.670804461974
1.30799999999997	231.016646954216
1.30899999999997	230.111890242258
1.30999999999997	232.052449245458
1.31099999999997	238.053133814725
1.31199999999997	236.028626548412
1.31299999999997	234.727063112568
1.31399999999997	228.383494845199
1.31499999999997	227.682426534437
1.31599999999997	233.673285846845
1.31699999999997	235.815143090018
1.31799999999997	236.130915532946
1.31899999999997	231.951928552307
1.31999999999997	233.037389707757
1.32099999999997	229.87618109154
1.32199999999997	233.885212096536
1.32299999999997	237.291579976067
1.32399999999996	232.05103575504
1.32499999999996	231.086588056257
1.32599999999996	227.453096950383
1.32699999999996	230.004110507172
1.32799999999996	240.325001407308
1.32899999999996	232.128939814673
1.32999999999996	233.183001269036
1.33099999999996	229.554074334311
1.33199999999996	227.529935214926
1.33299999999996	237.774574725464
1.33399999999996	233.908612645311
1.33499999999996	235.814622593248
1.33599999999996	232.539659958446
1.33699999999996	231.120649121707
1.33799999999996	232.882922033593
1.33899999999996	235.405093291448
1.33999999999996	234.323035284449
1.34099999999996	225.810451199692
1.34199999999996	225.021921098586
1.34299999999996	230.348262031705
1.34399999999996	232.82205821035
1.34499999999996	237.128620515112
1.34599999999996	233.51519504242
1.34699999999996	232.116456584606
1.34799999999996	230.692217684112
1.34899999999996	228.73546162368
1.34999999999996	238.0158691174
1.35099999999996	236.34902390545
1.35199999999996	233.392973917133
1.35299999999996	234.12516140728
1.35399999999996	229.366304975196
1.35499999999996	232.895046876518
1.35599999999996	236.97008679731
1.35699999999996	230.53333586029
1.35799999999996	229.09028868216
1.35899999999996	229.174515098883
1.35999999999996	230.223007436115
1.36099999999996	236.842818248192
1.36199999999996	237.683962932225
1.36299999999996	236.868065115375
1.36399999999996	231.519942628036
1.36499999999996	231.448380124947
1.36599999999996	231.325935997471
1.36699999999996	235.779484984875
1.36799999999996	238.036005004755
1.36899999999996	233.66885815499
1.36999999999996	232.463491828292
1.37099999999996	228.442206857677
1.37199999999996	232.431707708126
1.37299999999996	239.059358243121
1.37399999999996	229.135327086988
1.37499999999996	230.034574531329
1.37599999999996	231.28908620774
1.37699999999996	228.828179858079
1.37799999999996	239.547584682577
1.37899999999996	233.051341993196
1.37999999999996	234.829778865159
1.38099999999996	229.349636385
1.38199999999996	226.894161059443
1.38299999999996	236.247658840208
1.38399999999996	238.638724281461
1.38499999999996	240.79757844677
1.38599999999996	232.988687558324
1.38699999999996	232.182984107226
1.38799999999996	231.303653181907
1.38899999999996	234.640220645077
1.38999999999996	235.785218844077
1.39099999999996	230.761974171299
1.39199999999996	228.986542911253
1.39299999999996	229.357418872037
1.39399999999996	231.118485271639
1.39499999999996	237.595431583166
1.39599999999996	234.996017883998
1.39699999999996	232.868097988756
1.39799999999996	230.606428440347
1.39899999999996	227.288339904727
1.39999999999996	236.300400548596
1.40099999999996	234.958208394597
1.40199999999996	231.310944500775
1.40299999999996	231.990165482617
1.40399999999996	229.281919387551
1.40499999999996	230.720381026892
1.40599999999996	237.412959236142
1.40699999999996	232.47348028177
1.40799999999996	231.419488731635
1.40899999999996	228.633013167668
1.40999999999996	229.144094589158
1.41099999999996	235.15739936812
1.41199999999996	235.51541337827
1.41299999999996	232.6664527435
1.41399999999996	227.491271702505
1.41499999999995	231.743896146904
1.41599999999995	230.05061395382
1.41699999999995	234.791652036066
1.41799999999995	236.047249132716
1.41899999999995	227.888424665119
1.41999999999995	226.842451294478
1.42099999999995	227.539728744674
1.42199999999995	231.194512816152
1.42299999999995	239.972853270263
1.42399999999995	229.648417410032
1.42499999999995	230.735121699342
1.42599999999995	231.246480322563
1.42699999999995	227.950847124977
1.42799999999995	238.246473160925
1.42899999999995	233.423465813846
1.42999999999995	230.615622836379
1.43099999999995	227.007583895333
1.43199999999995	231.362738839586
1.43299999999995	234.412389435752
1.43399999999995	234.898076692711
1.43499999999995	236.674924302234
1.43599999999995	232.88866929149
1.43699999999995	231.331069553926
1.43799999999995	229.435640110324
1.43899999999995	232.705274313796
1.43999999999995	241.919164488554
1.44099999999995	234.775333773746
1.44199999999995	231.899957753795
1.44299999999995	233.855408576665
1.44399999999995	229.187726424685
1.44499999999995	237.023003701807
1.44599999999995	236.811493452194
1.44699999999995	230.900958119347
1.44799999999995	225.252104687857
1.44899999999995	226.892670054166
1.44999999999995	234.545023334699
1.45099999999995	237.271228131526
1.45199999999995	233.150882658927
1.45299999999995	232.490122199189
1.45399999999995	229.353391926475
1.45499999999995	230.134961485065
1.45599999999995	237.496149015648
1.45699999999995	234.408005827877
1.45799999999995	230.042371472832
1.45899999999995	224.853407960609
1.45999999999995	228.869499887272
1.46099999999995	234.499948545111
1.46199999999995	236.327714983404
1.46299999999995	236.939087454001
1.46399999999995	232.044437391872
1.46499999999995	231.799467123698
1.46599999999995	230.066535649425
1.46699999999995	234.117425923538
1.46799999999995	237.333986924382
1.46899999999995	232.564275726237
1.46999999999995	231.171633002429
1.47099999999995	227.105415765782
1.47199999999995	230.286660868795
1.47299999999995	240.43844362759
1.47399999999995	234.523825929208
1.47499999999995	236.802731966176
1.47599999999995	231.213139279744
1.47699999999995	226.466057907303
1.47799999999995	236.60789892008
1.47899999999995	234.55948934944
1.47999999999995	231.899452036014
1.48099999999995	227.208374208135
1.48199999999995	231.602931954984
1.48299999999995	232.999159538992
1.48399999999995	234.480048312562
1.48499999999995	233.933080611047
1.48599999999995	231.039906809368
1.48699999999995	230.460347136957
1.48799999999995	228.434174005883
1.48899999999995	231.784469004026
1.48999999999995	239.003424764844
1.49099999999995	233.471507098356
1.49199999999995	232.022605526712
1.49299999999995	234.103586941617
1.49399999999995	228.226388892888
1.49499999999995	236.540886699328
1.49599999999995	234.249437802361
1.49699999999995	228.320495963894
1.49799999999995	227.555203607126
1.49899999999995	230.573145770559
1.49999999999995	234.122652982191
1.50099999999995	238.142065445938
1.50199999999995	234.065368502544
1.50299999999995	232.982234379217
1.50399999999995	229.212195647302
1.50499999999995	229.899877965874
1.50599999999994	236.593946245093
1.50699999999994	234.872700086091
1.50799999999994	233.967296462516
1.50899999999994	230.954102221301
1.50999999999994	232.967462997531
1.51099999999994	233.010424193482
1.51199999999994	235.536128985954
1.51299999999994	237.650349305448
1.51399999999994	228.941978606735
1.51499999999994	226.473365515807
1.51599999999994	228.649038052878
1.51699999999994	232.449176959572
1.51799999999994	238.742551805898
1.51899999999994	234.005163513512
1.51999999999994	234.634861087517
1.52099999999994	229.960340043649
1.52199999999994	229.200955080918
1.52299999999994	239.755674341825
1.52399999999994	231.500246286579
1.52499999999994	234.236216781259
1.52599999999994	233.496778933801
1.52699999999994	230.381006040417
1.52799999999994	235.263719007714
1.52899999999994	234.96470548554
1.52999999999994	237.802468687554
1.53099999999994	228.292562386956
1.53199999999994	226.147804598078
1.53299999999994	231.976919701935
1.53399999999994	234.013955083745
1.53499999999994	235.503260507275
1.53599999999994	228.180775848311
1.53699999999994	224.354868792389
1.53799999999994	227.819234529136
1.53899999999994	231.165751368063
1.53999999999994	239.096561032906
1.54099999999994	234.116219851131
1.54199999999994	232.147180232571
1.54299999999994	233.381082124006
1.54399999999994	227.62584447362
1.54499999999994	235.947829754301
1.54599999999994	235.127788530342
1.54699999999994	232.136947023466
1.54799999999994	230.972941351464
1.54899999999994	230.632710745437
1.54999999999994	233.091485222579
1.55099999999994	238.309064078568
1.55199999999994	235.168103417476
1.55299999999994	233.78076637174
1.55399999999994	228.415946535256
1.55499999999994	228.417752665947
1.55599999999994	234.644467362365
1.55699999999994	235.588872396774
1.55799999999994	235.229027725609
1.55899999999994	231.309639755978
1.55999999999994	233.077781297631
1.56099999999994	230.821487048722
1.56199999999994	234.795623906946
1.56299999999994	236.250950939123
1.56399999999994	227.06381139796
1.56499999999994	226.171640845212
1.56599999999994	227.954925133708
1.56699999999994	231.142560819001
1.56799999999994	240.478116605924
1.56899999999994	235.791550326368
1.56999999999994	236.295496276124
1.57099999999994	230.02849188278
1.57199999999994	228.357881068489
1.57299999999994	238.916403967835
1.57399999999994	233.063848351619
1.57499999999994	235.50492388224
1.57599999999994	232.794382378788
1.57699999999994	231.009258057503
1.57799999999994	234.400918685984
1.57899999999994	235.727760797528
1.57999999999994	233.600792880757
1.58099999999994	225.059939303597
1.58199999999994	225.354838876369
1.58299999999994	231.188421168239
1.58399999999994	233.647613837599
1.58499999999994	236.608047637674
1.58599999999994	232.72205891139
1.58699999999994	229.033779271619
1.58799999999994	226.968319237284
1.58899999999994	229.799428056128
1.58999999999994	238.663310042607
1.59099999999994	235.24888397343
1.59199999999994	232.711838909678
1.59299999999994	231.972813959565
1.59399999999994	226.723688054203
1.59499999999994	234.495649585229
1.59599999999994	236.395478049187
1.59699999999993	229.727745072633
1.59799999999993	227.937242504612
1.59899999999993	229.606562970594
1.59999999999993	231.273062386769
1.60099999999993	237.942788279302
1.60199999999993	236.619707010671
1.60299999999993	235.519170236857
1.60399999999993	228.388007023712
1.60499999999993	227.45822167067
1.60599999999993	233.305587634292
1.60699999999993	236.119370456687
1.60799999999993	236.776018219385
1.60899999999993	232.41463346815
1.60999999999993	232.841002503804
1.61099999999993	229.601914161057
1.61199999999993	233.734695102645
1.61299999999993	237.80957468103
1.61399999999993	232.288254801562
1.61499999999993	230.935736067172
1.61599999999993	227.638687335836
1.61699999999993	229.820863138122
1.61799999999993	240.422160724903
1.61899999999993	232.314599603947
1.61999999999993	233.497198175455
1.62099999999993	229.660540260555
1.62199999999993	227.52783394556
1.62299999999993	237.708390265769
1.62399999999993	234.360762611637
1.62499999999993	235.913978840249
1.62599999999993	232.503203729266
1.62699999999993	231.26601867885
1.62799999999993	232.608731955754
1.62899999999993	235.422194577091
1.62999999999993	234.644676126081
1.63099999999993	229.833923097374
1.63199999999993	230.210391913402
1.63299999999993	230.212815678186
1.63399999999993	232.515284624005
1.63499999999993	237.471063469744
1.63599999999993	234.014403199024
1.63699999999993	232.348646873379
1.63799999999993	230.726547108183
1.63899999999993	228.494770736465
1.63999999999993	237.836253704433
1.64099999999993	236.946725167114
1.64199999999993	233.750647320443
1.64299999999993	233.862744868202
1.64399999999993	229.328281319702
1.64499999999993	232.445322434886
1.64599999999993	237.293072276382
1.64699999999993	231.000320373251
1.64799999999993	229.66398916575
1.64899999999993	229.270599598831
1.64999999999993	230.266971860992
1.65099999999993	236.791823786626
1.65199999999993	238.271047665895
1.65299999999993	237.318185695995
1.65399999999993	231.639566887736
1.65499999999993	231.583542045774
1.65599999999993	231.374397230324
1.65699999999993	235.926247228741
1.65799999999993	238.377434307652
1.65899999999993	233.62483583619
1.65999999999993	232.521619363763
1.66099999999993	228.572547100048
1.66199999999993	232.391707260041
1.66299999999993	239.203732404858
1.66399999999993	229.177902317449
1.66499999999993	230.009071206573
1.66599999999993	231.357832620553
1.66699999999993	228.815581714586
1.66799999999993	239.608102517217
1.66899999999993	233.14954528825
1.66999999999993	234.901364298199
1.67099999999993	229.501973439177
1.67199999999993	226.871129733963
1.67299999999993	236.244202109711
1.67399999999993	238.621330147443
1.67499999999993	240.754760550441
1.67599999999993	233.084216953045
1.67699999999993	232.023401805319
1.67799999999993	231.153728349652
1.67899999999993	234.564953516842
1.67999999999993	235.962454539556
1.68099999999993	227.387298501621
1.68199999999993	223.889222441547
1.68299999999993	229.434926112093
1.68399999999993	231.190675425089
1.68499999999993	237.782538633684
1.68599999999993	235.195568579763
1.68699999999993	232.81995814011
1.68799999999992	230.779128321069
1.68899999999992	227.507831588779
1.68999999999992	236.381833021002
1.69099999999992	235.049981296584
1.69199999999992	231.292334409966
1.69299999999992	231.988636102202
1.69399999999992	229.344650149821
1.69499999999992	230.984982489939
1.69599999999992	237.570055288871
1.69699999999992	232.454070790264
1.69799999999992	228.23703111921
1.69899999999992	224.828151970014
1.69999999999992	229.415008661523
1.70099999999992	235.300405030013
1.70199999999992	235.550850898637
1.70299999999992	232.593594190302
1.70399999999992	227.289840774488
1.70499999999992	231.901738312718
1.70599999999992	230.230299498446
1.70699999999992	234.831495414265
1.70799999999992	235.882798783721
1.70899999999992	227.666307753131
1.70999999999992	226.990255190451
1.71099999999992	227.550577528932
1.71199999999992	231.213617231104
1.71299999999992	239.952441457918
1.71399999999992	229.605948392152
1.71499999999992	230.700673109025
1.71599999999992	231.345038761348
1.71699999999992	227.955412352681
1.71799999999992	238.282744640872
1.71899999999992	233.410001615178
1.71999999999992	235.200404910788
1.72099999999992	231.215317011798
1.72199999999992	231.515847236852
1.72299999999992	234.425996774583
1.72399999999992	235.001686507883
1.72499999999992	236.873383487077
1.72599999999992	233.132799751601
1.72699999999992	231.627419852753
1.72799999999992	229.465572791045
1.72899999999992	233.025736402177
1.72999999999992	237.232646480104
1.73099999999992	228.455919119727
1.73199999999992	227.093422216467
1.73299999999992	233.658792160029
1.73399999999992	229.126894635968
1.73499999999992	237.05054702829
1.73599999999992	236.864791581233
1.73699999999992	230.823193655358
1.73799999999992	228.348502334915
1.73899999999992	230.4044863298
1.73999999999992	235.02098360181
1.74099999999992	237.346581221502
1.74199999999992	233.007583984358
1.74299999999992	232.459608222977
1.74399999999992	229.532240746772
1.74499999999992	230.352899100453
1.74599999999992	237.866553738881
1.74699999999992	234.235114056429
1.74799999999992	229.906779048771
1.74899999999992	224.7650503673
1.74999999999992	229.08559100514
1.75099999999992	234.59475440671
1.75199999999992	236.14192915172
1.75299999999992	236.817622464295
1.75399999999992	231.986728775086
1.75499999999992	231.929601885917
1.75599999999992	229.9725010585
1.75699999999992	234.108705254169
1.75799999999992	237.304955120807
1.75899999999992	232.61510628257
1.75999999999992	231.349660014878
1.76099999999992	227.160985988669
1.76199999999992	230.115899351443
1.76299999999992	240.59200370619
1.76399999999992	234.599849017528
1.76499999999992	237.026607448588
1.76599999999992	231.280923117578
1.76699999999992	226.556603157151
1.76799999999992	236.526269078799
1.76899999999992	234.687722433535
1.76999999999992	231.939691392335
1.77099999999992	227.293040415768
1.77199999999992	231.787026171965
1.77299999999992	232.983950444715
1.77399999999992	234.732557608716
1.77499999999992	233.976890581391
1.77599999999992	231.165946278941
1.77699999999992	230.630474352259
1.77799999999991	228.577174417499
1.77899999999991	231.944480005673
1.77999999999991	239.052654070198
1.78099999999991	233.468374418079
1.78199999999991	231.981001852252
1.78299999999991	234.145523349545
1.78399999999991	228.235743002893
1.78499999999991	236.604134390444
1.78599999999991	234.316244060468
1.78699999999991	228.282839152113
1.78799999999991	227.514355346093
1.78899999999991	230.534423700009
1.78999999999991	233.99061355907
1.79099999999991	238.115113948519
1.79199999999991	234.034969951469
1.79299999999991	233.074440909389
1.79399999999991	229.180014976313
1.79499999999991	229.831639949069
1.79599999999991	236.522488755992
1.79699999999991	234.89197079724
1.79799999999991	234.028152134741
1.79899999999991	230.954998699373
1.79999999999991	232.875455380379
1.80099999999991	232.702076401175
1.80199999999991	238.837954809637
1.80299999999991	240.421783311332
1.80399999999991	229.611380150378
1.80499999999991	226.747006267292
1.80599999999991	228.65987666552
1.80699999999991	232.399312039808
1.80799999999991	238.985246768162
1.80899999999991	234.421085113675
1.80999999999991	234.825398019946
1.81099999999991	229.905169497507
1.81199999999991	229.176536590125
1.81299999999991	239.646332181865
1.81399999999991	231.753520375404
1.81499999999991	234.400480863202
1.81599999999991	233.530729128413
1.81699999999991	230.224785698743
1.81799999999991	235.01329490742
1.81899999999991	238.995440794025
1.81999999999991	241.905195460057
1.82099999999991	228.75710985123
1.82199999999991	226.461912330613
1.82299999999991	232.026918981505
1.82399999999991	234.082277679663
1.82499999999991	235.903513221504
1.82599999999991	228.394473006809
1.82699999999991	224.486660112482
1.82799999999991	227.855356115709
1.82899999999991	230.997829554058
1.82999999999991	239.149533850769
1.83099999999991	234.240653746063
1.83199999999991	232.226941433797
1.83299999999991	233.279920527752
1.83399999999991	227.402714584953
1.83499999999991	235.730520540129
1.83599999999991	235.312841706607
1.83699999999991	232.312966406915
1.83799999999991	231.114246473037
1.83899999999991	230.430472331032
1.83999999999991	232.874839212301
1.84099999999991	238.234942789236
1.84199999999991	235.37351158356
1.84299999999991	233.942209615259
1.84399999999991	228.383247514318
1.84499999999991	228.186910500168
1.84599999999991	234.333326370425
1.84699999999991	235.776138603285
1.84799999999991	235.424318649626
1.84899999999991	231.498374780579
1.84999999999991	233.076189217484
1.85099999999991	230.542761625649
1.85199999999991	234.465251619419
1.85299999999991	236.442309503098
1.85399999999991	231.463917158618
1.85499999999991	231.120473373926
1.85599999999991	227.552012175149
1.85699999999991	230.613520390266
1.85799999999991	240.376458159439
1.85899999999991	236.023187293603
1.85999999999991	236.899326204387
1.86099999999991	229.931506004331
1.86199999999991	227.852583906329
1.86299999999991	238.256643151908
1.86399999999991	233.492356697628
1.86499999999991	235.82270847163
1.86599999999991	232.762581853609
1.86699999999991	230.89958744304
1.86799999999991	233.467062613494
1.8689999999999	235.53614776333
1.8699999999999	234.16520361826
1.8709999999999	225.565575372015
1.8719999999999	225.363258432854
1.8729999999999	230.763393661735
1.8739999999999	233.263252336161
1.8749999999999	237.031521585197
1.8759999999999	233.2799667258
1.8769999999999	232.258877986594
1.8779999999999	231.000391492691
1.8789999999999	229.447754668737
1.8799999999999	238.383492157889
1.8809999999999	235.77069032913
1.8819999999999	233.050384656242
1.8829999999999	231.688423184629
1.8839999999999	226.353171777327
1.8849999999999	233.819516451326
1.8859999999999	236.655798922779
1.8869999999999	229.995547358579
1.8879999999999	225.118087680813
1.8889999999999	225.305180422281
1.8899999999999	230.710899562769
1.8909999999999	237.519107635233
1.8919999999999	236.985574736065
1.8929999999999	235.93201221021
1.8939999999999	228.259488061923
1.8949999999999	227.113499162234
1.8959999999999	232.459033835098
1.8969999999999	235.826149545519
1.8979999999999	236.954464805048
1.8989999999999	232.588979663165
1.8999999999999	232.522504178812
1.9009999999999	228.97829107155
1.9019999999999	232.986411241201
1.9029999999999	238.167245385873
1.9039999999999	228.386722038354
1.9049999999999	229.463720584824
1.9059999999999	231.121939419081
1.9069999999999	229.007611768832
1.9079999999999	239.781748689675
1.9089999999999	232.516060328026
1.9099999999999	234.279175147126
1.9109999999999	229.404486820204
1.9119999999999	226.867579422488
1.9129999999999	236.616062049478
1.9139999999999	238.400660474197
1.9149999999999	240.763690831432
1.9159999999999	233.004981015177
1.9169999999999	231.96241356062
1.9179999999999	231.791317095464
1.9189999999999	235.035265631674
1.9199999999999	235.523235753669
1.9209999999999	230.510903256086
1.9219999999999	229.489499278544
1.9229999999999	229.689616805396
1.9239999999999	231.81627569656
1.9249999999999	237.665705335013
1.9259999999999	230.743477413276
1.9269999999999	228.292254923242
1.9279999999999	230.614810518368
1.9289999999999	227.907768844213
1.9299999999999	237.175720024213
1.9309999999999	237.589638232866
1.9319999999999	234.043832837104
1.9329999999999	233.227260522931
1.9339999999999	229.4566133612
1.9349999999999	231.596551003753
1.9359999999999	237.308786571337
1.9369999999999	231.45255108437
1.9379999999999	230.283710343611
1.9389999999999	228.844334116472
1.9399999999999	229.620931197569
1.9409999999999	235.953506712908
1.9419999999999	234.993955504047
1.9429999999999	231.894429526286
1.9439999999999	226.959515657786
1.9449999999999	231.378469172331
1.9459999999999	230.302845185029
1.9469999999999	235.081416364362
1.9479999999999	235.056390578908
1.9489999999999	227.156735557811
1.9499999999999	226.988044494899
1.9509999999999	227.838220190529
1.9519999999999	231.468674423866
1.9529999999999	239.559832703432
1.9539999999999	229.373263631229
1.9549999999999	230.422288057902
1.9559999999999	231.255637838722
1.9569999999999	228.202107327472
1.9579999999999	238.742551263426
1.9589999999999	233.261756526263
1.95999999999989	235.128174892079
1.96099999999989	231.448012159186
1.96199999999989	231.531115549173
1.96299999999989	235.09853246691
1.96399999999989	238.637653424231
1.96499999999989	240.608990639759
1.96599999999989	233.063381538499
1.96699999999989	231.739271890877
1.96799999999989	230.161785707743
1.96899999999989	233.64165562145
1.96999999999989	236.60852527307
1.97099999999989	227.920177759146
1.97199999999989	226.918170901793
1.97299999999989	233.639489172481
1.97399999999989	230.002292712649
1.97499999999989	237.374021363106
1.97599999999989	236.0307462839
1.97699999999989	233.681085179947
1.97799999999989	230.172978487938
1.97899999999989	227.053686817529
1.97999999999989	235.15476410838
1.98099999999989	236.476920841551
1.98199999999989	232.308203704109
1.98299999999989	232.205363417284
1.98399999999989	229.381136997454
1.98499999999989	230.407258929627
1.98599999999989	237.815064670154
1.98699999999989	233.669977570644
1.98799999999989	229.309980038772
1.98899999999989	224.758719228658
1.98999999999989	228.978254517733
1.99099999999989	237.650010970337
1.99199999999989	239.720806094152
1.99299999999989	236.746933001898
1.99399999999989	231.921546300228
1.99499999999989	232.041508083237
1.99599999999989	230.346476580194
1.99699999999989	234.560152819656
1.99799999999989	236.971273084015
1.99899999999989	232.369313865715
2	231.587050024301
