"Time [s]"	"Tro [mNewtonMeter]"
0	0
0.001	-1.76689080342925
0.002	-10.2834759162889
0.003	-28.4916969204374
0.004	-52.8582979315044
0.005	-73.756653741236
0.006	-78.0496823641121
0.007	-57.507475423196
0.008	-19.6829780072865
0.009	14.0876052822249
0.01	23.669873872191
0.011	8.2362442350848
0.012	-16.4802247353797
0.013	-37.5383571819869
0.014	-50.3684068458684
0.015	-56.2990255132965
0.016	-58.7494143719364
0.017	-60.0779131060984
0.018	-62.9692538980135
0.019	-69.404280042635
0.02	-78.9469240528502
0.021	-92.9903380022959
0.022	-113.665095830691
0.023	-143.62215786528
0.024	-175.031910357531
0.025	-176.213626011035
0.026	-147.507993334284
0.027	-123.826681656708
0.028	-120.586283430043
0.029	-135.488349618106
0.03	-136.600882010218
0.031	-99.9021841583037
0.032	-42.5909165917497
0.033	11.234322295753
0.034	42.7108961669303
0.035	50.2478234135076
0.036	54.1781823432536
0.037	72.6176685781866
0.038	90.8996605391049
0.039	87.7668069567337
0.04	81.0342702161385
0.041	88.7236536765864
0.042	82.7421823878195
0.043	51.1392560963715
0.044	23.2337384903469
0.045	15.3720622062521
0.046	30.3784541590341
0.047	62.1126378203018
0.048	69.3537669402936
0.049	38.8462523632616
0.05	10.1696174471008
0.051	1.90460935404054
0.052	14.0028292454554
0.053	48.4151465155517
0.054	94.8896858965123
0.055	120.132574609865
0.056	131.182679193793
0.057	154.899431267054
0.058	169.361306755738
0.059	180.687122023127
0.06	185.150305522229
0.061	182.998784819972
0.062	184.946323289634
0.063	172.170694474134
0.064	172.322485586824
0.065	161.145326769474
0.066	131.690513305584
0.067	134.136174211084
0.068	124.781956999838
0.069	86.1698284793366
0.07	70.3146570411873
0.071	94.1194121214309
0.0720000000000001	109.753162255057
0.0730000000000001	93.106187182295
0.0740000000000001	90.2046840197465
0.0750000000000001	118.68864265583
0.0760000000000001	137.841204696872
0.0770000000000001	145.516070770065
0.0780000000000001	168.337287137875
0.0790000000000001	182.586213827672
0.0800000000000001	199.419387482788
0.0810000000000001	213.068676656324
0.0820000000000001	223.799015077026
0.0830000000000001	230.908138673787
0.0840000000000001	237.324285069625
0.0850000000000001	240.014214632841
0.0860000000000001	242.141194093298
0.0870000000000001	238.562676924335
0.0880000000000001	236.955821193309
0.0890000000000001	233.326985190087
0.0900000000000001	226.896989082938
0.0910000000000001	220.274160448643
0.0920000000000001	205.782606528966
0.0930000000000001	208.479556023656
0.0940000000000001	202.730074827455
0.0950000000000001	212.419947561771
0.0960000000000001	218.029432574641
0.0970000000000001	225.823747102231
0.0980000000000001	236.559169642438
0.0990000000000001	246.265888344754
0.1	261.723271173587
0.101	270.08926472747
0.102	287.749068134921
0.103	292.521933027719
0.104	306.480784501778
0.105	325.646760512469
0.106	326.84866543572
0.107	347.321891103737
0.108	368.988369035281
0.109	364.974569607804
0.11	376.586130797237
0.111	410.254371189222
0.112	426.541724302341
0.113	416.262866142811
0.114	409.223914566688
0.115	432.839201714681
0.116	471.550358297949
0.117	503.938659982044
0.118	529.608763726692
0.119	552.948352398344
0.12	580.014174107949
0.121	612.814095339427
0.122	637.882416987618
0.123	637.338298708863
0.124	622.086919431332
0.125	615.876887901323
0.126	627.164340110068
0.127	653.516030918177
0.128	670.509166287672
0.129	662.284781495742
0.13	653.077779558135
0.131	664.172627192485
0.132	686.487168064809
0.133	687.085682310487
0.134	672.894444073489
0.135	676.512504536514
0.136	692.075629467506
0.137	690.63385171764
0.138	677.273050976223
0.139	678.7948100397
0.14	688.189864717749
0.141	683.724906517451
0.142	671.360554031292
0.143	671.073445633562
0.144	677.251980183637
0.145	672.31462511488
0.146	659.08205034491
0.147	654.511897028225
0.148	659.566489463463
0.149	660.711528656694
0.15	649.362270984396
0.151	636.370370859278
0.152	631.604587632162
0.153	634.168175303723
0.154	637.004362832372
0.155	631.838487394678
0.156	620.034922413319
0.157	609.64371079809
0.158	604.868721844762
0.159	605.52839292349
0.16	608.823232005287
0.161	610.157219274039
0.162	607.183568934222
0.163	601.702011442235
0.164	597.167303918008
0.165	596.153313995834
0.166	599.827144933146
0.167	607.375303557818
0.168	615.160093425838
0.169	618.767312849603
0.17	617.390527226903
0.171	615.214921596917
0.172	616.718314842731
0.173	623.165815289235
0.174	632.612831660914
0.175	639.596120371021
0.176	639.871742514383
0.177	637.707105019622
0.178	639.509346193588
0.179	645.974090002599
0.18	652.500414008414
0.181	653.630847183832
0.182	651.31565887265
0.183	651.536418272824
0.184	655.486402324141
0.185	658.64489935825
0.186	656.852125976779
0.187	653.160687498705
0.188	652.303798766118
0.189	654.132926621242
0.19	654.384717284676
0.191	650.50870168728
0.192	645.715825615575
0.193	643.325195219627
0.194	643.001515393393
0.195	641.793386307953
0.196	637.564092214935
0.197	631.931150725714
0.198	627.76490543649
0.199	626.127654574723
0.2	625.939497284161
0.201	624.59548600744
0.202	620.702018171984
0.203	615.870224461358
0.204	612.76125219316
0.205	612.832018752202
0.206	615.72060533538
0.207	619.082268025561
0.208	620.133180578913
0.209	618.060273134637
0.21	615.426052856624
0.211	615.405565728774
0.212	619.028777213684
0.213	625.354169249217
0.214	630.859367682358
0.215	632.317421427952
0.216	630.950757781909
0.217	631.093920736825
0.218	635.257511695068
0.219	641.987118790855
0.22	646.635322567074
0.221	646.52482573398
0.222	645.087059920816
0.223	646.675192552907
0.224	651.255677683904
0.225	654.460709485605
0.226	653.264867427931
0.227	650.814463184833
0.228	651.098693730096
0.229	653.687257055073
0.23	654.65782735185
0.231	651.762274112575
0.232	648.129620816467
0.233	646.97919207996
0.234	647.660495573997
0.235	647.044355851308
0.236	643.393250523099
0.237	639.056870424468
0.238	636.741644899679
0.239	636.592038885008
0.24	636.583820383631
0.241	634.408686010712
0.242	630.319363669282
0.243	626.950442060555
0.244	626.100798482187
0.245	627.481367297965
0.246	628.936009066364
0.247	627.962277114225
0.248	624.757028898297
0.249	622.168909991233
0.25	622.418302929157
0.251	625.671951247501
0.252	629.715529550853
0.253	631.091131234948
0.254	629.173214867382
0.255	627.092095913003
0.256	627.963036188896
0.257	631.910691454603
0.258	636.483127958901
0.259	638.245593545906
0.26	636.795367714914
0.261	635.635825339016
0.262	637.635919437659
0.263	642.202986401352
0.264	645.548841383727
0.265	644.999928854984
0.266	642.893182234145
0.267	643.097834429355
0.268	646.225120076884
0.269	649.074873729729
0.27	648.425990797763
0.271	645.525657711103
0.272	644.136617973436
0.273	645.472812901991
0.274	647.147467587976
0.275	646.046793608084
0.276	642.43896446997
0.277	639.775775253515
0.278	639.750049066409
0.279	641.005417880387
0.28	640.656282749466
0.281	637.467119155186
0.282	633.968942176819
0.283	632.693711626914
0.284	633.751208228
0.285	635.069137620778
0.286	634.065250327242
0.287	630.839315540871
0.288	628.125033195971
0.289	628.034629046692
0.29	630.410671074068
0.291	632.794243648463
0.292	632.436327670802
0.293	629.715423573886
0.294	627.749325593746
0.295	628.666794940835
0.296	632.120730022752
0.297	635.407865105018
0.298	635.701987462629
0.299	633.51064895883
0.3	632.329304802895
0.301	634.513861215457
0.302	638.774471389393
0.303	641.622247290832
0.304	640.911584500677
0.305	638.705665523077
0.306	638.634779802587
0.307	641.470119390402
0.308	644.48622867313
0.309	644.508293784501
0.31	642.046919601173
0.311	640.604766801219
0.312	642.008431553972
0.313	644.719652302976
0.314	645.334512395477
0.315	642.712020398262
0.316	639.929600956132
0.317	639.783538565348
0.318	641.744593617102
0.319	642.809849647341
0.32	640.742997912103
0.321	637.300484578687
0.322	635.705775292496
0.323	636.75487336076
0.324	638.521779955803
0.325	638.108958765244
0.326	634.979664243125
0.327	632.075361208378
0.328	631.751452773574
0.329	633.723363918658
0.33	635.60000353979
0.331	634.944261265382
0.332	632.078184597561
0.333	629.988143730912
0.334	630.886690997951
0.335	633.99196220278
0.336	636.330946844587
0.337	635.619044751208
0.338	633.018495814744
0.339	631.834325095434
0.34	633.786598707042
0.341	637.343874230235
0.342	639.174022861671
0.343	637.642953314402
0.344	635.291867829075
0.345	635.31575350676
0.346	638.185317458021
0.347	641.335406319602
0.348	641.555445258707
0.349	638.973939081571
0.35	637.145062528068
0.351	638.49375216025
0.352	641.654373637283
0.353	643.150796845192
0.354	641.371486498406
0.355	638.69267545521
0.356	638.308217624328
0.357	640.498427094832
0.358	642.523992913921
0.359	641.581967465115
0.36	638.483057056173
0.361	636.586050778903
0.362	637.478535391529
0.363	639.786336241029
0.364	640.365538361269
0.365	637.865458111374
0.366	634.82866692644
0.367	634.201566239278
0.368	636.186528571898
0.369	638.361069884095
0.37	637.986441654852
0.371	635.18244673866
0.372	632.890698424245
0.373	633.411041675557
0.374	636.098856914397
0.375	637.912233061474
0.376	636.599601481783
0.377	633.839949920891
0.378	632.702499490598
0.379	634.413259695606
0.38	637.522616396448
0.381	638.752391711278
0.382	636.668710112111
0.383	634.04560828917
0.384	634.1297813686
0.385	636.950316299374
0.386	639.864227509697
0.387	639.863508386691
0.388	637.198961437371
0.389	635.36468969436
0.39	636.574629062644
0.391	639.707788655244
0.392	641.369640570092
0.393	639.625924132014
0.394	636.954851310412
0.395	636.438334626117
0.396	638.630053394077
0.397	641.224990795609
0.398	641.098819689048
0.399	638.272523279378
0.4	636.082731710563
0.401	636.884671448183
0.402	639.612718843805
0.403	641.06864873129
0.404	639.413921132678
0.405	636.674704721911
0.406	635.816369669315
0.407	637.568041090448
0.408	639.87155644077
0.409	639.639826773493
0.41	636.928001645178
0.411	634.740033851568
0.412	635.190074507101
0.413	637.758546182963
0.414	639.479644951128
0.415	638.061439845941
0.416	635.066332408718
0.417	633.823667906599
0.418	635.48739829291
0.419	638.401642815567
0.42	639.259248711508
0.421	637.084161216378
0.422	634.638100525937
0.423	634.540102144162
0.424	637.000476476744
0.425	639.470154004496
0.426	638.973964054035
0.427	636.324379072565
0.428	634.696132987028
0.429	635.846704651431
0.43	638.823242238579
0.431	640.363708171906
0.432	638.497007322397
0.433	635.641734007599
0.434	635.141110468846
0.435	637.418927043717
0.436	640.190626662604
0.437	640.266266230564
0.438	637.547306616333
0.439	635.470956549426
0.44	636.273676662273
0.441	639.02509237363
0.442	640.685961125699
0.443	639.08928557278
0.444	636.25249220811
0.445	635.311006407978
0.446	637.10344141016
0.447	639.733749251865
0.448	640.032867926
0.449	637.386335980751
0.45	634.93152707177
0.451	635.256369369856
0.452	637.909118470028
0.453	640.02846011084
0.454	639.101517014989
0.455	636.467015520495
0.456	635.233988131209
0.457	636.842181495753
0.458	639.656634655602
0.459	640.30794892564
0.46	637.854142375842
0.461	635.229473807473
0.462	635.182576689569
0.463	637.567380774451
0.464	639.782761290161
0.465	639.077418953917
0.466	636.0880683317
0.467	634.258866412771
0.468	635.349378881765
0.469	638.131508710616
0.47	639.587199091729
0.471	637.977937912111
0.472	635.474012743329
0.473	634.998337252486
0.474	637.240475150175
0.475	639.974402500139
0.476	639.945563363874
0.477	637.195174718752
0.478	634.984655071986
0.479	635.593641471991
0.48	638.299919470743
0.481	640.072342795923
0.482	638.575336787589
0.483	635.678340577045
0.484	634.765887751512
0.485	636.609958404196
0.486	639.393809340771
0.487	640.065922797908
0.488	637.86732629962
0.489	635.596099253843
0.49	635.894156331521
0.491	638.568886496865
0.492	640.634410137897
0.493	639.491829631269
0.494	636.569936075018
0.495	635.170748393629
0.496	636.597821175041
0.497	639.330295869707
0.498	640.201844580604
0.499	637.880452130397
0.5	635.214820164787
0.501	635.137454153602
0.502	637.575118389974
0.503	639.953666331693
0.504	639.387539219988
0.505	636.438457226482
0.506	634.549014328427
0.507	635.701371440541
0.508	638.571966566365
0.509	639.946794189937
0.51	638.066503395122
0.511	635.1629742094
0.512	634.446932825965
0.513	636.48583244421
0.514	639.085173810249
0.515	639.178173304539
0.516	636.456558412387
0.517	634.318177046143
0.518	635.12256168785
0.519	637.992265771645
0.52	640.013093893832
0.521	638.886089627833
0.522	636.172621907563
0.523	635.08609423711
0.524	636.890532811232
0.525	639.775487620087
0.526	640.492892417042
0.527	638.130210132462
0.528	635.506257421522
0.529	635.52497415994
0.53	637.989025237225
0.531	640.146633117981
0.532	639.24383139944
0.533	636.304997460136
0.534	634.801959151663
0.535	636.268428258208
0.536	639.205460219679
0.537	640.364904640732
0.538	638.345083052923
0.539	635.688805169023
0.54	635.418628608564
0.541	637.806843927572
0.542	640.281766942635
0.543	639.833311966665
0.544	636.88875643619
0.545	634.89840718984
0.546	635.827124356729
0.547	638.514567626063
0.548	639.91643495735
0.549	638.032667700682
0.55	635.144977621709
0.551	634.490077262941
0.552	636.557114421812
0.553	639.263752306113
0.554	639.56881490052
0.555	637.045811408247
0.556	634.758137713556
0.557	635.314323741949
0.558	638.15305671041
0.559	640.184971124717
0.56	638.960871722082
0.561	636.007853511385
0.562	634.789386999013
0.563	636.517361826224
0.564	639.336965364512
0.565	640.039614409453
0.566	637.560490138177
0.567	635.008405069986
0.568	635.159047534714
0.569	637.690170241035
0.57	639.969353907272
0.571	639.401808737057
0.572	636.604976965095
0.573	634.795510244542
0.574	636.053464548095
0.575	639.021342198315
0.576	640.294777054036
0.577	638.225501489935
0.578	635.461465791594
0.579	635.096796497455
0.58	637.372620572075
0.581	639.911106576656
0.582	639.626254033877
0.583	636.728223770915
0.584	634.617384917368
0.585	635.456209901984
0.586	638.254040533387
0.587	639.866529244493
0.588	638.440882183211
0.589	635.770726224337
0.59	634.871286006715
0.591	636.867594928115
0.592	639.706831938395
0.593	640.108114705951
0.594	637.498009976827
0.595	635.050327179268
0.596	635.448621114331
0.597	638.138063487432
0.598	640.196294021597
0.599	639.049526912328
0.6	636.174374437188
0.601	634.897977368099
0.602	636.462496892762
0.603	639.300075222384
0.604	640.100329368541
0.605	637.730734229066
0.606	635.073384282371
0.607	635.060627985259
0.608	637.641805124883
0.609	640.077499009024
0.61	639.62895312755
0.611	636.81277214074
0.612	634.984922354622
0.613	636.130243884896
0.614	638.910432889829
0.615	640.2111287893
0.616	638.282239426106
0.617	635.447206377614
0.618	634.804629318533
0.619	636.975018294234
0.62	639.580403430864
0.621	639.485747887658
0.622	636.724468192221
0.623	634.606472490845
0.624	635.469883078734
0.625	638.398097485446
0.626	640.285237665658
0.627	638.993894200868
0.628	636.265329956636
0.629	635.263406874543
0.63	637.015873143005
0.631	639.625031548389
0.632	639.914924296813
0.633	637.358888303148
0.634	634.961491055403
0.635	635.160243506734
0.636	637.770478070109
0.637	639.920860214969
0.638	639.071271444956
0.639	636.391882321617
0.64	635.080157306333
0.641	636.713227297258
0.642	639.699671733509
0.643	640.701836093942
0.644	638.4158478266
0.645	635.581182290167
0.646	635.336723069615
0.647	637.663855249187
0.648	639.859584103197
0.649	639.149320360976
0.65	636.312617821781
0.651	634.573187933203
0.652	635.593440130894
0.653	638.373009668652
0.654	639.782767581846
0.655	637.970626945982
0.656	635.153365613236
0.657	634.596206261512
0.658	636.874603135969
0.659	639.673865221265
0.66	639.862034082333
0.661	637.207224191134
0.662	634.889531052527
0.663	635.394039421302
0.664	638.120369928032
0.665	639.983512776879
0.666	638.631990366324
0.667	635.850065683795
0.668	634.835426151346
0.669	636.625597192077
0.67	639.447682961977
0.671	640.09916850897
0.672	637.650429811339
0.673	635.067088104541
0.674	635.315843792508
0.675	638.075910041128
0.676	640.432800947865
0.677	639.786773777047
0.678	636.992531013492
0.679	635.373690452015
0.68	636.645904010198
0.681	639.389688468316
0.682	640.312439347972
0.683	638.064511200781
0.684	635.446004141582
0.685	635.26656470338
0.686	637.685903291096
0.687	640.121672799641
0.688000000000001	639.657787496984
0.689000000000001	636.77890221846
0.690000000000001	634.771670911332
0.691000000000001	635.786619378522
0.692000000000001	638.635782850937
0.693000000000001	640.072751923232
0.694000000000001	638.418077126225
0.695000000000001	635.736416649288
0.696000000000001	635.024871473548
0.697000000000001	636.983246383295
0.698000000000001	639.458047127395
0.699000000000001	639.371920985703
0.700000000000001	636.687320306979
0.701000000000001	634.486020480645
0.702000000000001	635.073927349027
0.703000000000001	637.88222810501
0.704000000000001	639.843732717068
0.705000000000001	638.572216979046
0.706000000000001	635.619710130165
0.707000000000001	634.420367152592
0.708000000000001	636.170160087978
0.709000000000001	639.079429103246
0.710000000000001	639.891750551063
0.711000000000001	637.734812484903
0.712000000000001	635.368450500151
0.713000000000001	635.44578921952
0.714000000000001	637.983483742904
0.715000000000001	640.223304293672
0.716000000000001	639.562530634941
0.717000000000001	636.9764425791
0.718000000000001	635.459834062721
0.719000000000001	636.724284196213
0.720000000000001	639.600117445028
0.721000000000001	640.753596057494
0.722000000000001	638.565627272853
0.723000000000001	635.742763475862
0.724000000000001	635.451192283692
0.725000000000001	637.770938621085
0.726000000000001	640.233674639298
0.727000000000001	639.854279461125
0.728000000000001	636.963843078748
0.729000000000001	635.005111261813
0.730000000000001	635.959680703623
0.731000000000001	638.629321821838
0.732000000000001	639.890601199223
0.733000000000001	637.986882672067
0.734000000000001	635.144522520966
0.735000000000001	634.313452509668
0.736000000000001	636.194464467946
0.737000000000001	638.795367190709
0.738000000000001	638.989674913699
0.739000000000001	636.340134045134
0.740000000000001	633.983480002946
0.741000000000001	634.447786684719
0.742000000000001	637.245772858977
0.743000000000001	639.500644752545
0.744000000000001	638.688104930913
0.745000000000001	636.086665160621
0.746000000000001	634.844663183057
0.747000000000001	636.558478519987
0.748000000000001	639.610356041601
0.749000000000001	640.573723871214
0.750000000000001	638.367051464697
0.751000000000001	635.773669988627
0.752000000000001	635.68861510478
0.753000000000001	638.127337034865
0.754000000000001	640.453755277146
0.755000000000001	639.793482706457
0.756000000000001	636.822518904168
0.757000000000001	635.052869578269
0.758000000000001	636.218740282773
0.759000000000001	639.008654639019
0.760000000000001	640.293613115695
0.761000000000001	638.486170163354
0.762000000000001	635.92488143951
0.763000000000001	635.467642373616
0.764000000000001	637.689664396188
0.765000000000001	640.206572747241
0.766000000000001	639.843908034179
0.767000000000001	637.100733454924
0.768000000000001	635.093889234407
0.769000000000001	635.758455210784
0.770000000000001	638.357529553717
0.771000000000001	639.845287173447
0.772000000000001	638.087695369394
0.773000000000001	635.174584802245
0.774000000000001	634.428301728612
0.775000000000001	636.397258441543
0.776000000000001	639.084068480348
0.777000000000001	639.52154050687
0.778000000000001	637.051192230353
0.779000000000001	634.629042952941
0.780000000000001	634.90435589577
0.781000000000001	637.557015716223
0.782000000000001	639.649061174979
0.783000000000001	638.548583610636
0.784000000000001	635.684830603027
0.785000000000001	634.318067745178
0.786000000000001	635.758797110494
0.787000000000001	638.609475923789
0.788000000000001	639.709532618036
0.789000000000001	637.509702075274
0.790000000000001	634.790106136627
0.791000000000001	634.631653979018
0.792000000000001	637.127545095591
0.793000000000001	639.802020436623
0.794000000000001	639.709906664494
0.795000000000001	637.045595353443
0.796000000000001	635.098643642003
0.797000000000001	636.126108531345
0.798000000000001	639.107312433232
0.799000000000001	640.745512006452
0.800000000000001	638.983975638616
0.801000000000001	636.116665573972
0.802000000000001	635.388491256525
0.803000000000001	637.390917543721
0.804000000000001	639.948320618814
0.805000000000001	639.932544156078
0.806000000000001	637.119848200576
0.807000000000001	634.926121504835
0.808000000000001	635.621895228729
0.809000000000001	638.370413553671
0.810000000000001	640.202215381776
0.811000000000001	638.830284096475
0.812000000000001	635.989050911606
0.813000000000001	634.831822880868
0.814000000000001	636.537028058557
0.815000000000001	639.255591834774
0.816000000000001	639.675722852359
0.817000000000001	637.061825321243
0.818000000000001	634.433505155059
0.819000000000001	634.496634976359
0.820000000000001	636.977483156571
0.821000000000001	639.222205892093
0.822000000000001	638.422248457883
0.823000000000001	635.429571760315
0.824000000000001	633.772913107991
0.825000000000001	635.159115797028
0.826000000000001	638.204206755624
0.827000000000001	639.694567366553
0.828000000000001	637.971990531564
0.829000000000001	635.284818495055
0.830000000000001	634.818848900972
0.831000000000001	637.20158019141
0.832000000000001	639.995558475794
0.833000000000001	640.132856775459
0.834000000000001	637.478701201339
0.835000000000001	635.360708785871
0.836000000000001	636.12528004953
0.837000000000001	638.863650336248
0.838000000000001	640.605607279843
0.839000000000001	639.214290149732
0.840000000000001	636.526329386432
0.841000000000001	635.679226018198
0.842000000000001	637.579503923539
0.843000000000001	640.268330861681
0.844000000000001	640.593611313853
0.845000000000001	637.988417935111
0.846000000000001	635.573952156044
0.847000000000001	635.97000784949
0.848000000000001	638.616675260043
0.849000000000001	640.456805444081
0.850000000000001	639.050845233883
0.851000000000001	635.927672847915
0.852000000000001	634.569749366147
0.853000000000001	636.121501250618
0.854000000000001	638.739415643669
0.855000000000001	639.302773025897
0.856000000000001	636.759097232234
0.857000000000001	634.083165937813
0.858000000000001	634.01016707296
0.859000000000001	636.436739976525
0.860000000000001	638.789259030374
0.861000000000001	638.369748321217
0.862000000000001	635.618839093347
0.863000000000001	633.76823352579
0.864000000000001	634.995847085063
0.865000000000001	638.120211100654
0.866000000000001	639.845766198916
0.867000000000001	638.188463964291
0.868000000000001	635.403970487573
0.869000000000001	634.798560586343
0.870000000000001	636.934868861548
0.871000000000001	639.653726375268
0.872000000000001	639.831831513072
0.873000000000001	637.250865593196
0.874000000000001	635.056458958808
0.875000000000001	635.597123131134
0.876000000000001	638.389650620054
0.877000000000001	640.392176564628
0.878000000000001	639.299687409866
0.879000000000001	636.62241721385
0.880000000000001	635.597549108794
0.881000000000001	637.447221053145
0.882000000000001	640.277528820433
0.883000000000001	640.830266475115
0.884000000000001	638.260255331699
0.885000000000001	635.603519751348
0.886000000000001	635.73764428771
0.887000000000001	638.270015107083
0.888000000000001	640.296328035294
0.889000000000001	639.203766359199
0.890000000000001	636.331956213618
0.891000000000001	634.963374808125
0.892000000000001	636.324493949881
0.893000000000001	639.008882663665
0.894000000000001	639.816820111667
0.895000000000001	637.468022049062
0.896000000000001	634.671857488731
0.897000000000001	634.433908248812
0.898000000000001	636.856548261212
0.899000000000001	639.332459797939
0.900000000000001	639.060534153795
0.901000000000001	636.341415800676
0.902000000000001	634.324908985202
0.903000000000001	635.197501510791
0.904000000000001	638.060071784036
0.905000000000001	639.718060800345
0.906000000000001	638.103221316127
0.907000000000001	635.376424446862
0.908000000000001	634.657249041537
0.909000000000001	636.753402321684
0.910000000000001	639.537392113214
0.911000000000001	639.817561447701
0.912000000000001	637.197918295237
0.913000000000001	634.846577346991
0.914000000000001	635.432273672048
0.915000000000001	638.294511932233
0.916000000000001	640.437748002466
0.917000000000001	639.477446501914
0.918000000000001	636.794493937321
0.919000000000001	635.570045827506
0.920000000000001	637.10610814227
0.921000000000001	639.828530862513
0.922000000000001	640.414158964865
0.923000000000001	637.97895998134
0.924000000000001	635.526731494723
0.925000000000001	635.62479864695
0.926000000000001	638.143959193723
0.927000000000001	640.331028786405
0.928000000000001	639.577887489017
0.929000000000001	636.739854228978
0.930000000000001	635.035859746528
0.931000000000001	636.382141918235
0.932000000000001	639.269385891449
0.933000000000001	640.329442675634
0.934000000000001	638.128937060047
0.935000000000001	635.310461901529
0.936000000000001	634.944601728228
0.937000000000001	637.108800438125
0.938000000000001	639.384107775345
0.939000000000001	638.893364758978
0.940000000000001	636.162421220767
0.941000000000001	634.27832200949
0.942000000000001	635.0940705582
0.943000000000001	637.891337925751
0.944000000000001	639.551415345879
0.945000000000001	638.097436447029
0.946000000000001	635.417336008952
0.947000000000001	634.654371131132
0.948000000000001	636.725359393429
0.949000000000001	639.615670967463
0.950000000000001	640.105539615449
0.951000000000001	637.589878240451
0.952000000000001	635.234973527493
0.953000000000001	635.673197094789
0.954000000000001	638.340194336967
0.955000000000001	640.284685087074
0.956000000000001	639.094744004449
0.957000000000001	636.326572762297
0.958000000000001	635.107265128526
0.959000000000001	636.676169480502
0.960000000000001	639.482984344354
0.961000000000001	640.276861759697
0.962000000000001	637.87137302882
0.963000000000001	635.164284855903
0.964000000000001	635.137030012868
0.965000000000001	637.656817864943
0.966000000000001	640.097516341754
0.967000000000001	639.653545664648
0.968000000000001	636.92253740988
0.969000000000001	635.271543709369
0.970000000000001	636.504083566698
0.971000000000001	639.262935940937
0.972000000000001	640.371502440196
0.973000000000001	638.27765557755
0.974000000000001	635.547083403038
0.975000000000001	635.066211643509
0.976000000000001	637.229356463667
0.977000000000001	639.698055864228
0.978000000000001	639.450598518715
0.979000000000001	636.61747588475
0.980000000000001	634.49881559166
0.981000000000001	635.330226058115
0.982000000000001	638.133419302745
0.983000000000001	639.882260409334
0.984000000000001	638.524494164463
0.985000000000001	635.895340738206
0.986000000000001	635.048770838468
0.987000000000001	636.958971539801
0.988000000000001	639.649000561381
0.989000000000001	639.863279957058
0.990000000000001	637.254046802456
0.991000000000001	634.897952054691
0.992000000000001	635.257009485573
0.993000000000001	637.907272463325
0.994000000000001	639.987014352624
0.995000000000001	638.928303535687
0.996000000000001	635.947399077585
0.997000000000001	634.569733057612
0.998000000000001	636.137698479611
0.999000000000001	639.000767183224
1	639.980483925008
1.001	637.923190610839
1.002	635.515514429647
1.003	635.463306288351
1.004	637.919016044739
1.005	640.303936188059
1.006	639.708035336942
1.007	636.933024220056
1.008	635.168854610008
1.009	636.14615829548
1.01	638.902353354223
1.011	640.272061978642
1.012	638.303566055989
1.013	635.477195471521
1.014	635.139182385827
1.015	637.471604253981
1.016	640.091646990274
1.017	640.010507871109
1.018	637.218666981394
1.019	635.101969282292
1.02	635.823556039119
1.021	638.448821694403
1.022	639.956685214032
1.023	638.286661509864
1.024	635.391732107781
1.025	634.377990280102
1.026	636.125736321441
1.027	638.817077404778
1.028	639.349435843831
1.029	636.846600823496
1.03	634.427719977066
1.031	634.797313749562
1.032	637.599110966706
1.033	640.007276348234
1.034	639.21426250949
1.035	636.450253545126
1.036	635.016661186277
1.037	636.515427251339
1.038	639.465842039341
1.039	640.44822544909
1.04	638.221340373782
1.041	635.497798175569
1.042	635.248610980588
1.043	637.563472298553
1.044	639.949647427845
1.045	639.529293576924
1.046	636.61905348017
1.047	634.762649627209
1.048	635.884226886145
1.049	638.783947678028
1.05	640.34725898098
1.051	638.779378651181
1.05199999999999	636.202695184573
1.05299999999999	635.526197020116
1.05399999999999	637.559436966364
1.05499999999999	640.099048638995
1.05599999999999	639.988482130756
1.05699999999999	637.237946030502
1.05799999999999	635.002004817213
1.05899999999999	635.624404339617
1.05999999999999	638.340836082992
1.06099999999999	640.06859831983
1.06199999999999	638.527903860965
1.06299999999999	635.586815281179
1.06399999999999	634.62832463392
1.06499999999999	636.430232731868
1.06599999999999	639.151348825689
1.06699999999999	639.764994019248
1.06799999999999	637.395414558552
1.06899999999999	634.861286138187
1.06999999999999	634.96572194532
1.07099999999999	637.552527811844
1.07199999999999	639.783146599866
1.07299999999999	638.927378572009
1.07399999999999	635.994619758804
1.07499999999999	634.437180789114
1.07599999999999	635.84531701821
1.07699999999999	638.762612196664
1.07799999999999	639.99433489061
1.07899999999999	637.863622455955
1.07999999999999	635.055286182077
1.08099999999999	634.739845164617
1.08199999999999	637.099368181818
1.08299999999999	639.704576143872
1.08399999999999	639.664990094695
1.08499999999999	637.061823616767
1.08599999999999	635.027128727731
1.08699999999999	635.926160220376
1.08799999999999	638.856504414716
1.08899999999999	640.577662191664
1.08999999999999	638.973519887047
1.09099999999999	636.129461919006
1.09199999999999	635.393989383711
1.09299999999999	637.45636890294
1.09399999999999	640.128153431219
1.09499999999999	640.24950566889
1.09599999999999	637.443558927219
1.09699999999999	635.119683791685
1.09799999999999	635.695526566633
1.09899999999999	638.3195090069
1.09999999999999	640.117470849013
1.10099999999999	638.853463747137
1.10199999999999	636.037049528907
1.10299999999999	634.821384118559
1.10399999999999	636.519852527539
1.10499999999999	639.356154277606
1.10599999999999	639.964535977328
1.10699999999999	637.446369660565
1.10799999999999	634.763231101089
1.10899999999999	634.782423349397
1.10999999999999	637.296970972042
1.11099999999999	639.590215509962
1.11199999999999	638.804148170042
1.11299999999999	635.75642079025
1.11399999999999	633.957320434259
1.11499999999999	635.215643115634
1.11599999999999	638.157056605882
1.11699999999999	639.557268629348
1.11799999999999	637.837456961019
1.11899999999999	635.214032092215
1.11999999999999	634.788641993462
1.12099999999999	637.186067412123
1.12199999999999	639.997332225058
1.12299999999999	640.163243626281
1.12399999999999	637.538674807369
1.12499999999999	635.357855135085
1.12599999999999	636.098121132947
1.12699999999999	638.856668692708
1.12799999999999	640.586531366261
1.12899999999999	639.189876734002
1.12999999999999	636.487874473896
1.13099999999999	635.58930121503
1.13199999999999	637.447969332536
1.13299999999999	640.148826492354
1.13399999999999	640.556285888249
1.13499999999999	638.037409808744
1.13599999999999	635.640670109993
1.13699999999999	636.071858733092
1.13799999999999	638.823997256911
1.13899999999999	640.790198748957
1.13999999999999	639.446504068079
1.14099999999999	636.298768949579
1.14199999999999	634.864796382047
1.14299999999998	636.367049285639
1.14399999999998	638.919863165769
1.14499999999998	639.406688423891
1.14599999999998	636.847529348154
1.14699999999998	634.176722510055
1.14799999999998	634.092022075742
1.14899999999998	636.481939132735
1.14999999999998	638.833735459792
1.15099999999998	638.457746111756
1.15199999999998	635.759979067358
1.15299999999998	633.98242695453
1.15399999999998	635.260705311215
1.15499999999998	638.421206835988
1.15599999999998	640.16913255102
1.15699999999998	638.491632519107
1.15799999999998	635.704166617049
1.15899999999998	635.08171522447
1.15999999999998	637.18928164116
1.16099999999998	639.790663827842
1.16199999999998	639.775365830247
1.16299999999998	637.113307248407
1.16399999999998	635.000378961489
1.16499999999998	635.651727064108
1.16599999999998	638.446062228718
1.16699999999998	640.36775643577
1.16799999999998	639.210646205219
1.16899999999998	636.525097429314
1.16999999999998	635.501606008674
1.17099999999998	637.389480063566
1.17199999999998	640.241775117047
1.17299999999998	640.740255551435
1.17399999999998	638.11758604617
1.17499999999998	635.451752474568
1.17599999999998	635.565181226114
1.17699999999998	638.053135417695
1.17799999999998	640.023398174556
1.17899999999998	638.905801256782
1.17999999999998	636.055566900607
1.18099999999998	634.741065960696
1.18199999999998	636.199495669478
1.18299999999998	639.084554976209
1.18399999999998	640.028917189445
1.18499999999998	637.692614213179
1.18599999999998	634.917844560248
1.18699999999998	634.696677128251
1.18799999999998	637.140088366411
1.18899999999998	639.604039044019
1.18999999999998	639.278638240248
1.19099999999998	636.517616987982
1.19199999999998	634.524550368363
1.19299999999998	635.408757924309
1.19399999999998	638.179393384546
1.19499999999998	639.706666731504
1.19599999999998	638.170703559879
1.19699999999998	635.646209001879
1.19799999999998	635.065938262372
1.19899999999998	637.258526237904
1.19999999999998	640.051465664084
1.20099999999998	640.248287160707
1.20199999999998	637.587639939684
1.20299999999998	635.296139988137
1.20399999999998	635.928363204286
1.20499999999998	638.769097842154
1.20599999999998	640.663068583935
1.20699999999998	639.373592870666
1.20799999999998	636.509792325151
1.20899999999998	635.322113779542
1.20999999999998	636.954061885504
1.21099999999998	639.525675777258
1.21199999999998	639.867959221773
1.21299999999998	637.325201347397
1.21399999999998	634.878160753297
1.21499999999998	635.02362144039
1.21599999999998	637.600814193529
1.21699999999998	639.813119830111
1.21799999999998	639.042130331401
1.21899999999998	636.231671736142
1.21999999999998	634.607003478684
1.22099999999998	636.031086421925
1.22199999999998	638.988736851515
1.22299999999998	640.093503769477
1.22399999999998	637.939687829417
1.22499999999998	635.178343448533
1.22599999999998	634.902907232058
1.22699999999998	637.188568737876
1.22799999999998	639.552361032874
1.22899999999998	639.117616385449
1.22999999999998	636.433828515627
1.23099999999998	634.589685250503
1.23199999999998	635.458305484479
1.23299999999998	638.292317633796
1.23399999999997	639.927921398284
1.23499999999997	638.423895456903
1.23599999999997	635.750042031618
1.23699999999997	635.0325374648
1.23799999999997	637.110274743911
1.23899999999997	639.905914211666
1.23999999999997	640.218951847853
1.24099999999997	637.614974173486
1.24199999999997	635.310837883523
1.24299999999997	635.863257593966
1.24399999999997	638.607032529845
1.24499999999997	640.46442338738
1.24599999999997	639.136340099304
1.24699999999997	636.311144994148
1.24799999999997	635.089276185961
1.24899999999997	636.685771258404
1.24999999999997	639.42492299767
1.25099999999997	640.020209698903
1.25199999999997	637.50661049595
1.25299999999997	634.832230203424
1.25399999999997	634.879302276091
1.25499999999997	637.416741626612
1.25599999999997	639.742073278611
1.25699999999997	639.174651347467
1.25799999999997	636.409534691325
1.25899999999997	634.750433088991
1.25999999999997	636.021392755187
1.26099999999997	638.82517869136
1.26199999999997	639.91603405847
1.26299999999997	637.828895449979
1.26399999999997	635.122280245562
1.26499999999997	634.647955927087
1.26599999999997	636.838954090493
1.26699999999997	639.395108898877
1.26799999999997	639.253418229267
1.26899999999997	636.489994616175
1.26999999999997	634.367696315905
1.27099999999997	635.200777084344
1.27199999999997	638.114221277334
1.27299999999997	640.000459342534
1.27399999999997	638.725922333163
1.27499999999997	636.064492937705
1.27599999999997	635.117655978428
1.27699999999997	637.036862737772
1.27799999999997	639.856654652672
1.27899999999997	640.164589438399
1.27999999999997	637.573809650751
1.28099999999997	635.191552833108
1.28199999999997	635.498411817745
1.28299999999997	638.13096000352
1.28399999999997	640.223438190014
1.28499999999997	639.1506370581
1.28599999999997	636.132927617384
1.28699999999997	634.72820045526
1.28799999999997	636.30909364848
1.28899999999997	639.197516389523
1.28999999999997	640.146168254447
1.29099999999997	638.03297227393
1.29199999999997	635.558322055394
1.29299999999997	635.395912371548
1.29399999999997	637.780412614749
1.29499999999997	640.134008352341
1.29599999999997	639.598918260544
1.29699999999997	636.93222541925
1.29799999999997	635.182686790815
1.29899999999997	636.171998425944
1.29999999999997	638.900067767545
1.30099999999997	640.178237891769
1.30199999999997	638.157022726554
1.30299999999997	635.294007763062
1.30399999999997	634.875745514465
1.30499999999997	637.15917642569
1.30599999999997	639.749119435366
1.30699999999997	639.628895314774
1.30799999999997	636.774525319619
1.30899999999997	634.561549933674
1.30999999999997	635.230593010994
1.31099999999997	637.90876812691
1.31199999999997	639.556943268331
1.31299999999997	637.99429701539
1.31399999999997	635.133088922779
1.31499999999997	634.070296268383
1.31599999999997	635.775363641468
1.31699999999997	638.593949998761
1.31799999999997	639.347652346951
1.31899999999997	636.919539381938
1.31999999999997	634.376361193349
1.32099999999997	634.586449800391
1.32199999999997	637.362886498911
1.32299999999997	639.956562491603
1.32399999999996	639.38087586032
1.32499999999996	636.643808684232
1.32599999999996	635.083127562282
1.32699999999996	636.418404692026
1.32799999999996	639.40551240029
1.32899999999996	640.685990747656
1.32999999999996	638.658029032199
1.33099999999996	635.925575333619
1.33199999999996	635.553856273892
1.33299999999996	637.764648673693
1.33399999999996	640.161176054137
1.33499999999996	639.794253468027
1.33599999999996	636.904932763844
1.33699999999996	634.940938765333
1.33799999999996	635.906622587331
1.33899999999996	638.755051319962
1.33999999999996	640.355485527866
1.34099999999996	638.795652589933
1.34199999999996	636.137213934452
1.34299999999996	635.345366887227
1.34399999999996	637.327133714916
1.34499999999996	639.890696111466
1.34599999999996	639.826256187638
1.34699999999996	637.037301852488
1.34799999999996	634.671956178395
1.34899999999996	635.124690948684
1.34999999999996	637.767313791223
1.35099999999996	639.607026782458
1.35199999999996	638.216553491911
1.35299999999996	635.089192813932
1.35399999999996	633.736546107947
1.35499999999996	635.38132892942
1.35599999999996	638.26054029445
1.35699999999996	639.21853607441
1.35799999999996	637.075091093462
1.35899999999996	634.473959542986
1.35999999999996	634.400362722247
1.36099999999996	637.012366909118
1.36199999999996	639.61238361357
1.36299999999996	639.208438708437
1.36399999999996	636.281878972047
1.36499999999996	634.418020457301
1.36599999999996	635.560466377112
1.36699999999996	638.477657167599
1.36799999999996	640.078284211651
1.36899999999996	638.320466696352
1.36999999999996	635.512872696784
1.37099999999996	634.918117492728
1.37199999999996	637.096969186092
1.37299999999996	639.915189313593
1.37399999999996	640.236600566353
1.37499999999996	637.677592457049
1.37599999999996	635.460445441209
1.37699999999996	636.142330832186
1.37799999999996	639.007032396528
1.37899999999996	640.9037033108
1.37999999999996	639.46540196575
1.38099999999996	636.512065499876
1.38199999999996	635.501615636298
1.38299999999996	637.349719426381
1.38399999999996	640.033430083753
1.38499999999996	640.346496746088
1.38599999999996	637.610471709501
1.38699999999996	635.114387818986
1.38799999999996	635.432904327707
1.38899999999996	637.946627361098
1.38999999999996	639.857178367803
1.39099999999996	638.766493369547
1.39199999999996	635.863732684606
1.39299999999996	634.389895615028
1.39399999999996	635.887278290507
1.39499999999996	638.79386790042
1.39599999999996	639.736010456673
1.39699999999996	637.412258451367
1.39799999999996	634.571020518149
1.39899999999996	634.261032164396
1.39999999999996	636.612137029657
1.40099999999996	639.080196343601
1.40199999999996	638.690503119163
1.40299999999996	635.892596149352
1.40399999999996	633.979533265227
1.40499999999996	634.950896477969
1.40599999999996	637.861014238521
1.40699999999996	639.580783247948
1.40799999999996	638.136022123112
1.40899999999996	635.425785580464
1.40999999999996	634.702484345569
1.41099999999996	636.862692797247
1.41199999999996	639.808343291116
1.41299999999996	640.396527021625
1.41399999999996	637.963672608055
1.41499999999995	635.530037735292
1.41599999999995	635.925112180413
1.41699999999995	638.639518198546
1.41799999999995	640.680511958409
1.41899999999995	639.644838950199
1.41999999999995	636.987051165597
1.42099999999995	635.89980412324
1.42199999999995	637.516549759127
1.42299999999995	640.203692978755
1.42399999999995	640.827382394651
1.42499999999995	638.39669475512
1.42599999999995	635.784575403354
1.42699999999995	635.871284732732
1.42799999999995	638.443044262544
1.42899999999995	640.539434162823
1.42999999999995	639.567170228416
1.43099999999995	636.613171440774
1.43199999999995	634.972501706323
1.43299999999995	636.178856224033
1.43399999999995	638.670126211843
1.43499999999995	639.39182416297
1.43599999999995	637.060110744618
1.43699999999995	634.293029561496
1.43799999999995	633.924318211005
1.43899999999995	636.18580947494
1.43999999999995	638.702184898205
1.44099999999995	638.445176736847
1.44199999999995	635.6285705541
1.44299999999995	633.560537604364
1.44399999999995	634.519792143945
1.44499999999995	637.576002719102
1.44599999999995	639.538842473669
1.44699999999995	638.308085738197
1.44799999999995	635.683878585178
1.44899999999995	634.801740710656
1.44999999999995	636.660002075087
1.45099999999995	639.481168594402
1.45199999999995	640.002711281494
1.45299999999995	637.573940712068
1.45399999999995	635.303833892131
1.45499999999995	635.68136577671
1.45599999999995	638.434604657983
1.45699999999995	640.689387913218
1.45799999999995	639.894913264307
1.45899999999995	637.230525954813
1.45999999999995	635.859261452726
1.46099999999995	637.480417381063
1.46199999999995	640.454282762191
1.46299999999995	641.279833093251
1.46399999999995	638.861632434306
1.46499999999995	636.14544721252
1.46599999999995	636.08384588675
1.46699999999995	638.396303651612
1.46799999999995	640.370299447558
1.46899999999995	639.361633689367
1.46999999999995	636.451283507034
1.47099999999995	634.81226547425
1.47199999999995	635.891845889779
1.47299999999995	638.525710264723
1.47399999999995	639.487529931523
1.47499999999995	637.271005319199
1.47599999999995	634.46732515936
1.47699999999995	634.038239755986
1.47799999999995	636.276150785374
1.47899999999995	638.897349973788
1.47999999999995	638.962681023391
1.48099999999995	636.404775585557
1.48199999999995	634.334173769991
1.48299999999995	635.099876256383
1.48399999999995	637.907699940027
1.48499999999995	639.704291014597
1.48599999999995	638.292898515373
1.48699999999995	635.575509763699
1.48799999999995	634.661577746579
1.48899999999995	636.565309766265
1.48999999999995	639.479385826376
1.49099999999995	640.115452138445
1.49199999999995	637.64474726915
1.49299999999995	635.130103749145
1.49399999999995	635.429236990305
1.49499999999995	638.164792500534
1.49599999999995	640.521672446878
1.49699999999995	639.857233570991
1.49799999999995	637.113696875297
1.49899999999995	635.67550799028
1.49999999999995	637.107248424709
1.50099999999995	639.842136252433
1.50199999999995	640.634794732239
1.50299999999995	638.281126886121
1.50399999999995	635.626759660259
1.50499999999995	635.373179614136
1.50599999999994	637.718362748496
1.50699999999994	640.077684947809
1.50799999999994	639.461192614037
1.50899999999994	636.557081702556
1.50999999999994	634.753160117735
1.51099999999994	635.964532280879
1.51199999999994	638.80054924912
1.51299999999994	640.110268246777
1.51399999999994	638.344675807533
1.51499999999994	635.699262592553
1.51599999999994	635.143862226412
1.51699999999994	637.191217296527
1.51799999999994	639.586757358021
1.51899999999994	639.316460154583
1.51999999999994	636.516617445259
1.52099999999994	634.378488054
1.52199999999994	635.022338211291
1.52299999999994	637.765729635906
1.52399999999994	639.617814588946
1.52499999999994	638.250202584508
1.52599999999994	635.327546361557
1.52699999999994	634.324548791279
1.52799999999994	636.260497780605
1.52899999999994	639.193098828278
1.52999999999994	639.928271118883
1.53099999999994	637.699610717482
1.53199999999994	635.430301729128
1.53299999999994	635.671610858186
1.53399999999994	638.266375802101
1.53499999999994	640.430455086913
1.53599999999994	639.634301627012
1.53699999999994	636.967012047952
1.53799999999994	635.470279521131
1.53899999999994	636.742562140246
1.53999999999994	639.479719431377
1.54099999999994	640.477834204043
1.54199999999994	638.215606564722
1.54299999999994	635.458243276268
1.54399999999994	635.352215258746
1.54499999999994	637.809217438829
1.54599999999994	640.237338689733
1.54699999999994	639.755024076271
1.54799999999994	636.802805867379
1.54899999999994	634.851946871573
1.54999999999994	635.78640225605
1.55099999999994	638.412712982399
1.55199999999994	639.647337813402
1.55299999999994	637.708111114358
1.55399999999994	634.909906545054
1.55499999999994	634.227372754508
1.55599999999994	636.226857547359
1.55699999999994	638.849445473889
1.55799999999994	639.061441961584
1.55899999999994	636.425654252901
1.55999999999994	634.168137114084
1.56099999999994	634.81382518808
1.56199999999994	637.77387220227
1.56299999999994	640.047085050719
1.56399999999994	639.130253901322
1.56499999999994	636.48898644775
1.56599999999994	635.276724235862
1.56699999999994	636.970544536667
1.56799999999994	639.890149257013
1.56899999999994	640.55271814541
1.56999999999994	638.120394317685
1.57099999999994	635.574598660646
1.57199999999994	635.69834866215
1.57299999999994	638.255510287358
1.57399999999994	640.457444699573
1.57499999999994	639.617709915861
1.57599999999994	636.565370002329
1.57699999999994	634.947459953
1.57799999999994	636.310412358698
1.57899999999994	639.124168084178
1.57999999999994	640.29010275671
1.58099999999994	638.373211653269
1.58199999999994	635.814288486031
1.58299999999994	635.416836336157
1.58399999999994	637.62353009176
1.58499999999994	639.984914417198
1.58599999999994	639.498786993589
1.58699999999994	636.761878694173
1.58799999999994	634.911570637392
1.58899999999994	635.841560426925
1.58999999999994	638.638268294227
1.59099999999994	640.111880243129
1.59199999999994	638.243825804126
1.59299999999994	635.268290809743
1.59399999999994	634.57574445906
1.59499999999994	636.617125157477
1.59599999999994	639.220465971405
1.59699999999993	639.496112512436
1.59799999999993	636.94835063497
1.59899999999993	634.598630481871
1.59999999999993	635.015319942599
1.60099999999993	637.685235880239
1.60199999999993	639.656574299892
1.60299999999993	638.463311711365
1.60399999999993	635.611796686704
1.60499999999993	634.38507153335
1.60599999999993	636.03963832157
1.60699999999993	638.987597343561
1.60799999999993	639.975575910759
1.60899999999993	637.649218066253
1.60999999999993	634.95221879255
1.61099999999993	634.914432474603
1.61199999999993	637.474126823026
1.61299999999993	639.972140296698
1.61399999999993	639.498396827512
1.61499999999993	636.820197427604
1.61599999999993	635.13835899478
1.61699999999993	636.338505607665
1.61799999999993	639.290157788059
1.61899999999993	640.68677985347
1.61999999999993	638.795453031024
1.62099999999993	635.985758997581
1.62199999999993	635.507326269338
1.62299999999993	637.713233370312
1.62399999999993	640.170891867598
1.62499999999993	639.920248222842
1.62599999999993	637.030969711377
1.62699999999993	634.919391154408
1.62799999999993	635.750893884328
1.62899999999993	638.496699505761
1.62999999999993	640.137114103014
1.63099999999993	638.613182959253
1.63199999999993	635.835593303014
1.63299999999993	634.936309277901
1.63399999999993	636.916425193573
1.63499999999993	639.689510489383
1.63599999999993	639.928837079145
1.63699999999993	637.237349982193
1.63799999999993	634.709709556692
1.63899999999993	635.005087066369
1.63999999999993	637.612873387703
1.64099999999993	639.626996444053
1.64199999999993	638.481120043354
1.64299999999993	635.375584004411
1.64399999999993	633.821826372315
1.64499999999993	635.277922918147
1.64599999999993	638.183915040992
1.64699999999993	639.355930607884
1.64799999999993	637.440509116547
1.64899999999993	634.902560169438
1.64999999999993	634.772886870453
1.65099999999993	637.401096349429
1.65199999999993	640.158231000487
1.65299999999993	639.929335628595
1.65399999999993	637.028679361611
1.65499999999993	635.013266651573
1.65599999999993	636.002328309009
1.65699999999993	638.80330125972
1.65799999999993	640.306377059223
1.65899999999993	638.505512871587
1.65999999999993	635.671649651042
1.66099999999993	634.99063762821
1.66199999999993	637.064202571561
1.66299999999993	639.826259215852
1.66399999999993	640.167109554542
1.66499999999993	637.648004753073
1.66599999999993	635.399245563514
1.66699999999993	636.073409185599
1.66799999999993	638.997315303575
1.66899999999993	640.969469285204
1.66999999999993	639.563896369224
1.67099999999993	636.555948069327
1.67199999999993	635.431423870751
1.67299999999993	637.180349148784
1.67399999999993	639.78890255636
1.67499999999993	640.105950141333
1.67599999999993	637.43113017275
1.67699999999993	634.922029392943
1.67799999999993	635.180673884093
1.67899999999993	637.710485226561
1.67999999999993	639.774437426391
1.68099999999993	638.982932581564
1.68199999999993	636.262103068904
1.68299999999993	634.730231734106
1.68399999999993	636.181913924456
1.68499999999993	639.130669112235
1.68599999999993	640.151547412753
1.68699999999993	637.857916309834
1.68799999999992	634.973664123797
1.68899999999992	634.572984829203
1.68999999999992	636.821546312772
1.69099999999992	639.181074031863
1.69199999999992	638.718356798075
1.69299999999992	635.935365282736
1.69399999999992	634.066472886182
1.69499999999992	635.065177617482
1.69599999999992	637.998852767351
1.69699999999992	639.748120281964
1.69799999999992	638.423290301922
1.69899999999992	635.792935824551
1.69999999999992	635.015283326956
1.70099999999992	637.128588231352
1.70199999999992	640.000069860914
1.70299999999992	640.473251226626
1.70399999999992	637.964013644058
1.70499999999992	635.520472753048
1.70599999999992	635.847291365469
1.70699999999992	638.44938198795
1.70799999999992	640.38754830815
1.70899999999992	639.287036697142
1.70999999999992	636.628584799634
1.71099999999992	635.574154653606
1.71199999999992	637.277740315029
1.71299999999992	640.058358653412
1.71399999999992	640.737847101529
1.71499999999992	638.329216550714
1.71599999999992	635.695373253237
1.71699999999992	635.760565655598
1.71799999999992	638.32010426904
1.71899999999992	640.408188195308
1.71999999999992	639.347931467538
1.72099999999992	636.251719902363
1.72199999999992	634.572243167151
1.72299999999992	635.817124754294
1.72399999999992	638.396859388784
1.72499999999992	639.252878566709
1.72599999999992	637.028355858852
1.72699999999992	634.29242939804
1.72799999999992	633.929163859254
1.72899999999992	636.263311796736
1.72999999999992	638.900495107389
1.73099999999992	638.87675389705
1.73199999999992	636.258175548986
1.73299999999992	634.172137796373
1.73399999999992	635.04940784964
1.73499999999992	638.075703326265
1.73599999999992	640.007427630552
1.73699999999992	638.698573294497
1.73799999999992	635.951729287049
1.73899999999992	635.014101256878
1.73999999999992	636.919778771953
1.74099999999992	639.69640004451
1.74199999999992	640.125494138556
1.74299999999992	637.642381839525
1.74399999999992	635.323887142339
1.74499999999992	635.665975654469
1.74599999999992	638.39014020818
1.74699999999992	640.58394349081
1.74799999999992	639.710089626366
1.74899999999992	637.017169442193
1.74999999999992	635.676008776328
1.75099999999992	637.227725521943
1.75199999999992	640.087006389712
1.75299999999992	640.847337636148
1.75399999999992	638.401216802716
1.75499999999992	635.70144815623
1.75599999999992	635.69289990953
1.75699999999992	638.109638151602
1.75799999999992	640.178226848622
1.75899999999992	639.23733325675
1.75999999999992	636.381928009625
1.76099999999992	634.758722482864
1.76199999999992	635.840372681679
1.76299999999992	638.508825514698
1.76399999999992	639.533144881122
1.76499999999992	637.367996667908
1.76599999999992	634.573276732581
1.76699999999992	634.147418371743
1.76799999999992	636.411053065672
1.76899999999992	639.051454327607
1.76999999999992	639.110085099102
1.77099999999992	636.528793039518
1.77199999999992	634.409600042
1.77299999999992	635.17182446136
1.77399999999992	638.061586747817
1.77499999999992	639.896155636619
1.77599999999992	638.48983043469
1.77699999999992	635.729877637271
1.77799999999991	634.727574072546
1.77899999999991	636.592310907894
1.77999999999991	639.488905355053
1.78099999999991	640.089571726291
1.78199999999991	637.585752734947
1.78299999999991	635.06193012889
1.78399999999991	635.354694237806
1.78499999999991	638.089106461312
1.78599999999991	640.400478629555
1.78699999999991	639.678355802578
1.78799999999991	636.911072464811
1.78899999999991	635.418622226789
1.78999999999991	636.833942697342
1.79099999999991	639.590501285529
1.79199999999991	640.38866628876
1.79299999999991	638.078053771825
1.79399999999991	635.463782453074
1.79499999999991	635.221636773279
1.79599999999991	637.518808573521
1.79699999999991	639.859205161623
1.79799999999991	639.310412099836
1.79899999999991	636.43758120959
1.79999999999991	634.595889485678
1.80099999999991	635.779475959303
1.80199999999991	638.751917495433
1.80299999999991	640.202701586261
1.80399999999991	638.447604280001
1.80499999999991	635.747251847195
1.80599999999991	635.08353179175
1.80699999999991	637.098591003765
1.80799999999991	639.585288249271
1.80899999999991	639.416287024935
1.80999999999991	636.660418236447
1.81099999999991	634.489007928171
1.81199999999991	635.071508731877
1.81299999999991	637.816076875746
1.81399999999991	639.735486655791
1.81499999999991	638.405841268658
1.81599999999991	635.408957159367
1.81699999999991	634.282991583812
1.81799999999991	636.169371959816
1.81899999999991	639.243644396564
1.81999999999991	640.106633073436
1.82099999999991	637.863674423775
1.82199999999991	635.493426484126
1.82299999999991	635.564455645482
1.82399999999991	638.097691082302
1.82499999999991	640.321598648668
1.82599999999991	639.566154289902
1.82699999999991	636.909821674403
1.82799999999991	635.379523541737
1.82899999999991	636.591330685848
1.82999999999991	639.33797342706
1.83099999999991	640.381579320025
1.83199999999991	638.149325719893
1.83299999999991	635.335361558561
1.83399999999991	635.111450705883
1.83499999999991	637.556221328933
1.83599999999991	640.064596387929
1.83699999999991	639.655819876064
1.83799999999991	636.702885530674
1.83899999999991	634.690053656212
1.83999999999991	635.596508054353
1.84099999999991	638.278627158409
1.84199999999991	639.63755892955
1.84299999999991	637.779037181624
1.84399999999991	634.968276897313
1.84499999999991	634.212424474228
1.84599999999991	636.145906815134
1.84699999999991	638.828875103994
1.84799999999991	639.177951432999
1.84899999999991	636.552702719099
1.84999999999991	634.141540729437
1.85099999999991	634.596734283183
1.85199999999991	637.490564273618
1.85299999999991	639.882453195373
1.85399999999991	638.96991857572
1.85499999999991	636.17506535168
1.85599999999991	634.844953756978
1.85699999999991	636.404755863273
1.85799999999991	639.366943890356
1.85899999999991	640.281364952417
1.85999999999991	637.94961391614
1.86099999999991	635.295810527085
1.86199999999991	635.212792081837
1.86299999999991	637.652113199091
1.86399999999991	640.035093173168
1.86499999999991	639.513957733988
1.86599999999991	636.593314865201
1.86699999999991	634.804589984328
1.86799999999991	635.966847307758
1.8689999999999	638.88492475838
1.8699999999999	640.394769642482
1.8709999999999	638.712765938037
1.8719999999999	636.11364842456
1.8729999999999	635.527406153928
1.8739999999999	637.682373198668
1.8749999999999	640.244706471828
1.8759999999999	640.018359213651
1.8769999999999	637.203480435739
1.8779999999999	635.045645181223
1.8789999999999	635.753055977306
1.8799999999999	638.511610434503
1.8809999999999	640.172965485784
1.8819999999999	638.48071426976
1.8829999999999	635.430719202223
1.8839999999999	634.450847492452
1.8849999999999	636.282688327135
1.8859999999999	638.946405010814
1.8869999999999	639.416110910952
1.8879999999999	637.058255092871
1.8889999999999	634.694223679184
1.8899999999999	634.920523701399
1.8909999999999	637.546477266944
1.8919999999999	639.703327771947
1.8929999999999	638.732914195971
1.8939999999999	635.819375789484
1.8949999999999	634.323259579246
1.8959999999999	635.721846298566
1.8969999999999	638.612960721317
1.8979999999999	639.796444422651
1.8989999999999	637.666088104875
1.8999999999999	634.895685520085
1.9009999999999	634.569902169233
1.9019999999999	636.913173883526
1.9029999999999	639.523870669292
1.9039999999999	639.462333342805
1.9049999999999	636.790667936067
1.9059999999999	634.770553324331
1.9069999999999	635.731961385429
1.9079999999999	638.680427484884
1.9089999999999	640.429391425503
1.9099999999999	638.839488898895
1.9109999999999	635.946249237806
1.9119999999999	635.164369107156
1.9129999999999	637.233602296977
1.9139999999999	639.991534786942
1.9149999999999	640.220197890467
1.9159999999999	637.452547330753
1.9169999999999	635.115647794668
1.9179999999999	635.695452074568
1.9189999999999	638.394037058145
1.9199999999999	640.283123794133
1.9209999999999	639.060884035852
1.9219999999999	636.186149720688
1.9229999999999	634.9328890071
1.9239999999999	636.657702610009
1.9249999999999	639.530137516238
1.9259999999999	640.236456211804
1.9269999999999	637.826917443969
1.9279999999999	635.096587609921
1.9289999999999	635.00050124505
1.9299999999999	637.427258156736
1.9309999999999	639.609303324864
1.9319999999999	638.732633850997
1.9329999999999	635.733057448601
1.9339999999999	634.025736657709
1.9349999999999	635.272124059494
1.9359999999999	638.149824835966
1.9369999999999	639.461502016166
1.9379999999999	637.663605712744
1.9389999999999	634.962689455489
1.9399999999999	634.531086938836
1.9409999999999	636.910866787103
1.9419999999999	639.664955713913
1.9429999999999	639.817968025269
1.9439999999999	637.209062923682
1.9449999999999	634.988492204001
1.9459999999999	635.62143477678
1.9469999999999	638.33953854356
1.9479999999999	640.149531283579
1.9489999999999	638.874152041962
1.9499999999999	636.241613708475
1.9509999999999	635.399452828994
1.9519999999999	637.257348263212
1.9529999999999	639.99690753199
1.9539999999999	640.523448698918
1.9549999999999	638.056171459226
1.9559999999999	635.587659746478
1.9569999999999	635.930310182849
1.9579999999999	638.697152412797
1.9589999999999	640.793304599286
1.95999999999989	639.591388656692
1.96099999999989	636.528968695373
1.96199999999989	635.094076677363
1.96299999999989	636.555398811019
1.96399999999989	639.156835563283
1.96499999999989	639.738267903565
1.96599999999989	637.236958923224
1.96699999999989	634.550702698731
1.96799999999989	634.418584059363
1.96899999999989	636.784895503294
1.96999999999989	639.100348474667
1.97099999999989	638.675593520329
1.97199999999989	635.950469850748
1.97299999999989	634.065978303929
1.97399999999989	635.220158468956
1.97499999999989	638.297893567289
1.97599999999989	639.934345829788
1.97699999999989	638.139876043051
1.97799999999989	635.34290203882
1.97899999999989	634.756271077224
1.97999999999989	636.833394796871
1.98099999999989	639.453744519448
1.98199999999989	639.503840927094
1.98299999999989	636.879344595933
1.98399999999989	634.733456262195
1.98499999999989	635.330655802103
1.98599999999989	638.129283339323
1.98699999999989	640.153940054931
1.98799999999989	639.112796669681
1.98899999999989	636.449225262056
1.98999999999989	635.29913293354
1.99099999999989	637.188647161908
1.99199999999989	640.251733313635
1.99299999999989	640.93960789988
1.99399999999989	638.449881395466
1.99499999999989	635.870112779131
1.99599999999989	636.042954115546
1.99699999999989	638.546614553149
1.99799999999989	640.54347306414
1.99899999999989	639.444262634908
2	636.560617178163
