"Time [s]"	"Pro [W]"
0	0
0.001	0.000754846196586584
0.002	0.0255693048563115
0.003	0.196279834173287
0.004	0.675562290572938
0.005	1.31535039830793
0.006	1.47292736391707
0.007	0.799627378586738
0.008	0.0936743449945718
0.009	0.0479858729737916
0.01	0.135466196761764
0.011	0.0164020255372182
0.012	0.0656697419996636
0.013	0.340713683161568
0.014	0.613416536104612
0.015	0.766374076696166
0.016	0.834538033655172
0.017	0.872707538415899
0.018	0.958729621108484
0.019	1.16469324737947
0.02	1.5069869024628
0.021	2.09081064793654
0.022	3.12387246750632
0.023	4.98748894051489
0.024	7.40753165914245
0.025	7.5078921676038
0.026	5.2610225174101
0.027	3.70738356240848
0.028	3.51588669406095
0.029	4.43856879883356
0.03	4.51176070695456
0.031	2.41317610973993
0.032	0.438604439957702
0.033	0.0305163655461817
0.034	0.441079037806023
0.035	0.61048297773348
0.036	0.709721418119165
0.037	1.27503954283705
0.038	1.99785319879781
0.039	1.86251443679052
0.04	1.58772945282488
0.041	1.90334662547785
0.042	1.65536204674083
0.043	0.632335935002457
0.044	0.13052005382032
0.045	0.0571351427923808
0.046	0.223136384387691
0.047	0.932822466746574
0.048	1.16299851443737
0.049	0.364869284490428
0.05	0.0250062335561017
0.051	0.000877103565507701
0.052	0.0474100743565691
0.053	0.566763079711539
0.054	2.17709343737079
0.055	3.48947924886499
0.056	4.16094565309412
0.057	5.80147863186759
0.058	6.93533497902772
0.059	7.89393328437942
0.06	8.28872854267714
0.061	8.09721110987552
0.062	8.27047502710785
0.063	7.16733185297949
0.064	7.17997531544806
0.065	6.27876865462138
0.066	4.19322369786806
0.067	4.35041694000287
0.068	3.76480629218152
0.069	1.795351577209
0.07	1.19544823807927
0.071	2.14189147517477
0.0720000000000001	2.91254829165969
0.0730000000000001	2.09602343852743
0.0740000000000001	1.96742066933861
0.0750000000000001	3.40609986423017
0.0760000000000001	4.59406537181147
0.0770000000000001	5.1198939966906
0.0780000000000001	6.85172144501609
0.0790000000000001	8.06074192076709
0.0800000000000001	9.61554282774212
0.0810000000000001	10.9768636006051
0.0820000000000001	12.110313681435
0.0830000000000001	12.8919179134985
0.0840000000000001	13.6183161802071
0.0850000000000001	13.9287767300805
0.0860000000000001	14.1767411617982
0.0870000000000001	13.7608116127349
0.0880000000000001	13.5760620782659
0.0890000000000001	13.1634276187978
0.0900000000000001	12.4479121964731
0.0910000000000001	11.7318407697393
0.0920000000000001	10.238972541998
0.0930000000000001	10.5091114451324
0.0940000000000001	9.93746042063879
0.0950000000000001	10.9101229586305
0.0960000000000001	11.4939498962936
0.0970000000000001	12.3304313438317
0.0980000000000001	13.5306488955357
0.0990000000000001	14.6638351450658
0.1	16.5624175784401
0.101	17.6381769707165
0.102	20.0201304183991
0.103	20.6897822465459
0.104	22.7114860565391
0.105	25.6408592698223
0.106	25.8304803587754
0.107	29.1677792601946
0.108	32.9203470051281
0.109	32.2080373221309
0.11	34.2900164516481
0.111	40.6954152910859
0.112	43.9908234131818
0.113	41.8961765478968
0.114	40.4912385744843
0.115	45.2993765995923
0.116	53.764450190238
0.117	61.403680634572
0.118	67.8186868753877
0.119	73.9278689345306
0.12	81.3422655314863
0.121	90.8022358656589
0.122	98.3830569652134
0.123	98.2152856437563
0.124	93.5709825231046
0.125	91.7121476832624
0.126	95.1046527757679
0.127	103.264617661659
0.128	108.704741897813
0.129	106.054378141983
0.13	103.126164486578
0.131	106.659856820864
0.132	113.947263035715
0.133	114.146039627769
0.134	109.4795328229
0.135	110.660010592629
0.136	115.810027140876
0.137	115.328003531468
0.138	110.908962044974
0.139	111.407922780105
0.14	114.513211661509
0.141	113.032114395692
0.142	108.980975684888
0.143	108.887783844368
0.144	110.902061125532
0.145	109.290941698961
0.146	105.031125356146
0.147	103.579578835727
0.148	105.185582256104
0.149	105.551113745024
0.15	101.956085820783
0.151	97.9171923943268
0.152	96.4560786983203
0.153	97.2406690644616
0.154	98.1123920459738
0.155	96.5275323635342
0.156	92.9546998260372
0.157	89.8651381689244
0.158	88.4629271140539
0.159	88.6559880354476
0.16	89.6234139520119
0.161	90.0165903831875
0.162	89.1413222348035
0.163	87.5390798306084
0.164	86.2245810824419
0.165	85.932011054234
0.166	86.9943969623297
0.167	89.1976286873764
0.168	91.4987917131721
0.169	92.5750121175802
0.17	92.1635031532204
0.171	91.5151027028631
0.172	91.9629178895278
0.173	93.895827443821
0.174	96.764274330324
0.175	98.9123891696241
0.176	98.9976564749226
0.177	98.3289863191468
0.178	98.8855520494382
0.179	100.8949078944
0.18	102.94390388262
0.181	103.300905981284
0.182	102.570409580216
0.183	102.639952571246
0.184	103.88824852593
0.185	104.891843052352
0.186	104.321607466396
0.187	103.152349792195
0.188	102.881873910834
0.189	103.459665871063
0.19	103.53932916426
0.191	102.316404772024
0.192	100.814247220982
0.193	100.069140937702
0.194	99.9684695695721
0.195	99.5931629753216
0.196	98.284888559558
0.197	96.5558472533481
0.198	95.286882217914
0.199	94.7905018418047
0.2	94.7335395147285
0.201	94.3271543844066
0.202	93.1548274055622
0.203	91.7101631467545
0.204	90.7865767318717
0.205	90.8075474593929
0.206	91.6656085404411
0.207	92.6692782468277
0.208	92.9841635922369
0.209	92.3635697452439
0.21	91.5779263232796
0.211	91.5718292870949
0.212	92.6532650575097
0.213	94.5564480530249
0.214	96.2285990696844
0.215	96.6739237044472
0.216	96.2564816016712
0.217	96.300167818228
0.218	97.5750244670118
0.219	99.6532986615855
0.22	101.101569880246
0.221	101.067020425801
0.222	100.618007093697
0.223	101.114037626088
0.224	102.551518550272
0.225	103.563378131649
0.226	103.185258268589
0.227	102.412611846404
0.228	102.502084808371
0.229	103.318736970383
0.23	103.625772301722
0.231	102.711125417564
0.232	101.569377477293
0.233	101.209126613649
0.234	101.422396031332
0.235	101.229515215318
0.236	100.090314042756
0.237	98.7456714120866
0.238	98.0314802941072
0.239	97.985419615477
0.24	97.9828896180576
0.241	97.3144408425496
0.242	96.063929755761
0.243	95.039791847206
0.244	94.7823704396063
0.245	95.2008265509526
0.246	95.6427316760074
0.247	95.3468087545268
0.248	94.3759534938446
0.249	93.5956493102868
0.25	93.6706989370282
0.251	94.6525726915769
0.252	95.879963033416
0.253	96.2993165062554
0.254	95.7148893794982
0.255	95.0827434830678
0.256	95.3470392632496
0.257	96.5495952106202
0.258	97.9518949426421
0.259	98.4951170897056
0.26	98.0480231080332
0.261	97.6912763933066
0.262	98.3070351274916
0.263	99.7203265987906
0.264	100.762112172562
0.265	100.590828243976
0.266	99.9347869496671
0.267	99.9984215605635
0.268	100.973340072621
0.269	101.865857557773
0.27	101.662287894985
0.271	100.754874938987
0.272	100.321733517823
0.273	100.738379377162
0.274	101.261781265419
0.275	100.917620373087
0.276	99.7936247115792
0.277	98.967963582259
0.278	98.9600044901621
0.279	99.3487600423005
0.28	99.2405653370412
0.281	98.2549927054505
0.282	97.1795795299455
0.283	96.7890186640597
0.284	97.1128391625448
0.285	97.5171648451976
0.286	97.2091074636716
0.287	96.222481830515
0.288	95.396239379864
0.289	95.368781167626
0.29	96.0917632126696
0.291	96.8197797371921
0.292	96.710285865223
0.293	95.879930761489
0.294	95.2821526250173
0.295	95.5608700454313
0.296	96.6137894369987
0.297	97.6212182499333
0.298	97.7116144498848
0.299	97.0391289761054
0.3	96.6775573961301
0.301	97.3467099929388
0.302	98.6584193308475
0.303	99.5400555301682
0.304	99.3196758962109
0.305	98.637166407588
0.306	98.615273448157
0.307	99.4928594594339
0.308	100.430664041898
0.309	100.437540997908
0.31	99.6718648458335
0.311	99.2246058704272
0.312	99.6599153750384
0.313	100.50342629637
0.314	100.69521512285
0.315	99.8784733375654
0.316	99.0155604038556
0.317	98.9703654357023
0.318	99.5780203023191
0.319	99.9088812943981
0.32	99.2674322995576
0.321	98.2036315020609
0.322	97.7127788825325
0.323	98.0355535916615
0.324	98.5803786216367
0.325	98.4529501923999
0.326	97.4896888588354
0.327	96.5999215298964
0.328	96.5009412053654
0.329	97.104305906915
0.33	97.6802657531207
0.331	97.4788181829289
0.332	96.6007845275685
0.333	95.9629970197652
0.334	96.2369348144002
0.335	97.1866370272771
0.336	97.9050605621953
0.337	97.6861184228541
0.338	96.8884146616207
0.339	96.5262605981711
0.34	97.1236855824546
0.341	98.2170040523958
0.342	98.7818790078716
0.343	98.3092040246974
0.344	97.5855788995198
0.345	97.5929170746824
0.346	98.476514156751
0.347	99.451075498323
0.348	99.5193295286537
0.349	98.7200443351926
0.35	98.1557383997722
0.351	98.5717244765666
0.352	99.550023820334
0.353	100.01489300794
0.354	99.4622656290516
0.355	98.6331542607561
0.356	98.5144465409594
0.357	99.1916662476478
0.358	99.8200423438217
0.359	99.5275580513086
0.36	98.5684222484111
0.361	97.983576223496
0.362	98.2585119842621
0.363	98.9712310021734
0.364	99.1505105260244
0.365	98.3778257694192
0.366	97.4433285359091
0.367	97.2509093840542
0.368	97.8606255859733
0.369	98.5307613134624
0.37	98.4151478301817
0.371	97.5519659999271
0.372	96.8492978371929
0.373	97.00861632681
0.374	97.8336554704663
0.375	98.3922544755109
0.376	97.9877477269666
0.377	97.1400377256598
0.378	96.7917074045783
0.379	97.3158439985979
0.38	98.2721014103004
0.381	98.651599056739
0.382	98.0090237899378
0.383	97.2030848803039
0.384	97.2288950932374
0.385	98.0957440919156
0.386	98.9953311230306
0.387	98.9951086077624
0.388	98.172345955337
0.389	97.6079521472577
0.39	97.9800601848885
0.391	98.946930783157
0.392	99.4616931061008
0.393	98.9216075804192
0.394	98.0971409571171
0.395	97.9381084422842
0.396	98.6138137896553
0.397	99.4168344530368
0.398	99.3777146491453
0.399	98.5034289471979
0.4	97.8286953369176
0.401	98.0755254075744
0.402	98.9175230841395
0.403	99.3683611760576
0.404	98.8560436274885
0.405	98.0108694236595
0.406	97.7467802218793
0.407	98.2861060559522
0.408	98.9975988982312
0.409	98.9259078645039
0.41	98.0888709207822
0.411	97.4161208833022
0.412	97.5543089748606
0.413	98.3448505346049
0.414	98.8763670216623
0.415	98.4382874814771
0.416	97.5163033461689
0.417	97.1350471435158
0.418	97.6456580248641
0.419	98.5432865411352
0.42	98.8082234166072
0.421	98.136974925404
0.422	97.3848351558749
0.423	97.3547618923657
0.424	98.1111948846792
0.425	98.8734320623839
0.426	98.7200520515724
0.427	97.903039554723
0.428	97.4026460627311
0.429	97.7561074984497
0.43	98.673485175812
0.431	99.1499437748815
0.432	98.5727295537914
0.433	97.6930926158528
0.434	97.5392694803766
0.435	98.2401372362578
0.436	99.0963532840319
0.437	99.1197714593242
0.438	98.2797133968071
0.439	97.6406053862215
0.44	97.8874383221421
0.441	98.7358511062831
0.442	99.2497601803148
0.443	98.7556891019397
0.444	97.8809201916425
0.445	97.5914586455962
0.446	98.1429148895073
0.447	98.9549618671125
0.448	99.0475197378094
0.449	98.2300915080554
0.45	97.4749082280811
0.451	97.5746735469258
0.452	98.3912936821288
0.453	99.0461554901977
0.454	98.7594692812995
0.455	97.9469357415944
0.456	97.5677982011929
0.457	98.0624395677446
0.458	98.9311069055056
0.459	99.1326776951046
0.46	98.37433535441
0.461	97.5664114647447
0.462	97.5520059159166
0.463	98.2859024702944
0.464	98.9701249569843
0.465	98.752021741933
0.466	97.8303368745583
0.467	97.2684834362621
0.468	97.6032479542773
0.469	98.4599087152223
0.47	98.9096298692876
0.471	98.4125242900348
0.472	97.6415445616075
0.473	97.495422751563
0.474	98.1851382904849
0.475	99.02942507042
0.476	99.0205001549091
0.477	98.1711791300024
0.478	97.4912213685907
0.479	97.6783102925803
0.48	98.5118851366993
0.481	99.0597378869939
0.482	98.5969164261089
0.483	97.7043452185837
0.484	97.4240568501574
0.485	97.9909361039422
0.486	98.8498249924383
0.487	99.0577507362025
0.488	98.3784020306497
0.489	97.6790657200326
0.49	97.7706986399718
0.491	98.5949245685261
0.492	99.2337891191476
0.493	98.8801350489736
0.494	97.978615523119
0.495	97.5483727455678
0.496	97.9871996650341
0.497	98.8301876935349
0.498	99.0998262011871
0.499	98.382450871184
0.5	97.561910140734
0.501	97.5381464754711
0.502	98.2882881103456
0.503	99.0230077588425
0.504	98.8478862895796
0.505	97.9381461749232
0.506	97.3574966278609
0.507	97.7114250766099
0.508	98.5958756952058
0.509	99.0208810533373
0.51	98.4398498673434
0.511	97.5459848699235
0.512	97.3261748547602
0.513	97.9527273606971
0.514	98.7544183604482
0.515	98.7831618818986
0.516	97.943717245563
0.517	97.2866757719233
0.518	97.533572453056
0.519	98.4169446831994
0.52	99.0413996190334
0.521	98.6929011130135
0.522	97.8563472809916
0.523	97.5223724143503
0.524	98.0773306289329
0.525	98.967874593306
0.526	99.1899519841402
0.527	98.4595079898086
0.528	97.6514537002875
0.529	97.6572057872523
0.53	98.4159449134407
0.531	99.0827340591826
0.532	98.8034574664903
0.533	97.8970756472171
0.534	97.435129663164
0.535	97.8858234487657
0.536	98.7915962915958
0.537	99.150314282848
0.538	98.5258262539907
0.539	97.7075620798724
0.54	97.6245255908905
0.541	98.3597464990941
0.542	99.1245708551921
0.543	98.9857652796763
0.544	98.0767835274439
0.545	97.4647393417881
0.546	97.7500869783829
0.547	98.578151633605
0.548	99.0114861265128
0.549	98.4294099136708
0.55	97.5404572492279
0.551	97.3394122922052
0.552	97.9746686349387
0.553	98.8096156334589
0.554	98.9039438661376
0.555	98.1251604082224
0.556	97.4216779084285
0.557	97.5924778135408
0.558	98.4665582847372
0.559	99.0946024283287
0.56	98.7160066208556
0.561	97.8056643536364
0.562	97.4312703266396
0.563	97.9624321028833
0.564	98.8322496976844
0.565	99.049607836744
0.566	98.2837779928965
0.567	97.4985143310117
0.568	97.5447787852459
0.569	98.3237639921918
0.57	99.0278626414383
0.571	98.8522984097841
0.572	97.989402562205
0.573	97.4331500003708
0.574	97.8196930411208
0.575	98.7346922295207
0.576	99.1285991904599
0.577	98.4889159086044
0.578	97.6376888833955
0.579	97.525659271432
0.58	98.2258640834061
0.581	99.0098372590487
0.582	98.9217096226594
0.583	98.0273477569485
0.584	97.3784776642632
0.585	97.6360737711662
0.586	98.4977242131544
0.587	98.9960433410241
0.588	98.5554008429347
0.589	97.7327468000976
0.59	97.4564126471379
0.591	98.0702661626902
0.592	98.9466348226364
0.593	99.070810557422
0.594	98.2645155526818
0.595	97.5113881079868
0.596	97.6337417929894
0.597	98.4619314520181
0.598	99.098107814859
0.599	98.7434020182219
0.6	97.8568864314609
0.601	97.4646073759512
0.602	97.9455449887092
0.603	98.8208446616882
0.604	99.0684006676564
0.605	98.3362732985124
0.606	97.5184690300769
0.607	97.5145514920342
0.608	98.3088499786112
0.609	99.0613338790134
0.61	98.922544483712
0.611	98.0533827351665
0.612	97.4913034421209
0.613	97.8433105037473
0.614	98.7004221811944
0.615	99.1027005138662
0.616	98.5064279202652
0.617	97.6333070579663
0.618	97.4359493474724
0.619	98.1033528723541
0.62	98.907528036321
0.621	98.8782543032245
0.622	98.0261913818447
0.623	97.3751287917881
0.624	97.6402755072913
0.625	98.5421920342026
0.626	99.1256454910178
0.627	98.7262104740669
0.628	97.884870143372
0.629	97.5768354647251
0.63	98.1159377495144
0.631	98.9213314948445
0.632	99.0110186511984
0.633	98.2216315531499
0.634	97.4841086074878
0.635	97.5451461292566
0.636	98.3485304559231
0.637	99.0128555329676
0.638	98.7501218906764
0.639	97.9238123681462
0.64	97.5205490997691
0.641	98.0227302539961
0.642	98.9444198260856
0.643	99.2546786783207
0.644	98.5476719435283
0.645	97.6744808650319
0.646	97.5993595863661
0.647	98.3156492813717
0.648	98.9938943372989
0.649	98.7742438030776
0.65	97.8994204837043
0.651	97.3649145779989
0.652	97.6782484082136
0.653	98.5344471493308
0.654	98.9701269035477
0.655	98.4102687684361
0.656	97.5430335867897
0.657	97.3719782808469
0.658	98.0724245409671
0.659	98.9364368334715
0.66	98.9946524206224
0.661	98.1748920334991
0.662	97.462014167642
0.663	97.6169700639162
0.664	98.4564714489861
0.665	99.0322445328412
0.666	98.6144119842098
0.667	97.7571409623557
0.668	97.4454035678473
0.669	97.9957506006894
0.67	98.8664833407116
0.671	99.068041335247
0.672	98.3115094301536
0.673	97.5165354249398
0.674	97.5929448128586
0.675	98.4427523724625
0.676	99.1713407227033
0.677	98.9713663707821
0.678	98.1087473699264
0.679	97.6107176511001
0.68	98.0020023556636
0.681	98.848550828684
0.682	99.1340681171707
0.683	98.4392351633757
0.684	97.6329376231259
0.685	97.5778055558945
0.686	98.3224481770995
0.687	99.0750074283127
0.688000000000001	98.9314635092541
0.689000000000001	98.0429527554933
0.690000000000001	97.4258320604152
0.691000000000001	97.7376331560257
0.692000000000001	98.6155832213423
0.693000000000001	99.0598645228575
0.694000000000001	98.5483601866926
0.695000000000001	97.7221987254685
0.696000000000001	97.5035708647088
0.697000000000001	98.1058873778369
0.698000000000001	98.8696882217952
0.699000000000001	98.8430572602459
0.700000000000001	98.0147535946556
0.701000000000001	97.3381675649628
0.702000000000001	97.5186358109649
0.703000000000001	98.3829987010408
0.704000000000001	98.9889896018052
0.705000000000001	98.5959530229425
0.706000000000001	97.6863229425964
0.707000000000001	97.3180245080341
0.708000000000001	97.8555899261546
0.709000000000001	98.7526429706499
0.710000000000001	99.0038476522419
0.711000000000001	98.3375310135364
0.712000000000001	97.6091076588688
0.713000000000001	97.6328715798473
0.714000000000001	98.4142352632435
0.715000000000001	99.1064700104677
0.716000000000001	98.9020002579378
0.717000000000001	98.1037915937262
0.718000000000001	97.6371874587143
0.719000000000001	98.0261347280607
0.720000000000001	98.9136254540933
0.721000000000001	99.2707161727618
0.722000000000001	98.5939181238577
0.723000000000001	97.7241499396116
0.724000000000001	97.6345318911503
0.725000000000001	98.3486724961386
0.726000000000001	99.1096806923182
0.727000000000001	98.9922529615565
0.728000000000001	98.0999106133653
0.729000000000001	97.4975028780358
0.730000000000001	97.7908488289291
0.731000000000001	98.6135878588935
0.732000000000001	99.0034919978609
0.733000000000001	98.4152838919741
0.734000000000001	97.5403174678543
0.735000000000001	97.2852265536818
0.736000000000001	97.8630670604804
0.737000000000001	98.6648741299661
0.738000000000001	98.7249066967956
0.739000000000001	97.907887644309
0.740000000000001	97.1840365180874
0.741000000000001	97.3264368242267
0.742000000000001	98.1867708246812
0.743000000000001	98.8828611084773
0.744000000000001	98.6317426158997
0.745000000000001	97.829905259646
0.746000000000001	97.4482393038322
0.747000000000001	97.9750885413598
0.748000000000001	98.9167922603049
0.749000000000001	99.2149894953313
0.750000000000001	98.5326078309888
0.751000000000001	97.7336518522623
0.752000000000001	97.7075036528216
0.753000000000001	98.4586213897561
0.754000000000001	99.1778304056858
0.755000000000001	98.9734420479271
0.756000000000001	98.0563842781017
0.757000000000001	97.5121688755618
0.758000000000001	97.8705356920167
0.759000000000001	98.7307715785394
0.760000000000001	99.1282387956025
0.761000000000001	98.5693834479536
0.762000000000001	97.7801470295123
0.763000000000001	97.6395869375095
0.764000000000001	98.3236080024904
0.765000000000001	99.1012899964764
0.766000000000001	98.9890438477566
0.767000000000001	98.1420805946717
0.768000000000001	97.5247663930615
0.769000000000001	97.7289741561634
0.770000000000001	98.5296684194982
0.771000000000001	98.9894705762851
0.772000000000001	98.4463889017475
0.773000000000001	97.5495511264953
0.774000000000001	97.3204587996564
0.775000000000001	97.92546685934
0.776000000000001	98.7540767592921
0.777000000000001	98.889323230906
0.778000000000001	98.126818048074
0.779000000000001	97.3820554174446
0.780000000000001	97.4665657498638
0.781000000000001	98.2827067898002
0.782000000000001	98.928764247445
0.783000000000001	98.588655144017
0.784000000000001	97.7063402746854
0.785000000000001	97.286642244501
0.786000000000001	97.7290792700368
0.787000000000001	98.6074589677349
0.788000000000001	98.9474702794831
0.789000000000001	98.2681200468376
0.790000000000001	97.4314910818456
0.791000000000001	97.3828567284215
0.792000000000001	98.1503411582836
0.793000000000001	98.9760835696141
0.794000000000001	98.9475859912544
0.795000000000001	98.1250938497166
0.796000000000001	97.5262265684261
0.797000000000001	97.8420383888926
0.798000000000001	98.7612604052752
0.799000000000001	99.2682112957575
0.800000000000001	98.7231456107762
0.801000000000001	97.8391335832955
0.802000000000001	97.6152653180836
0.803000000000001	98.2315036781689
0.804000000000001	99.0213534317095
0.805000000000001	99.0164712017362
0.806000000000001	98.1479697388898
0.807000000000001	97.4732485061253
0.808000000000001	97.686994585113
0.809000000000001	98.5336457174711
0.810000000000001	99.0999409973022
0.811000000000001	98.6756605772201
0.812000000000001	97.7998814892605
0.813000000000001	97.4442973877729
0.814000000000001	97.9684856116394
0.815000000000001	98.8070929567488
0.816000000000001	98.9370114627576
0.817000000000001	98.1300937662438
0.818000000000001	97.322055203614
0.819000000000001	97.3414243875606
0.820000000000001	98.1041121226245
0.821000000000001	98.7967725720924
0.822000000000001	98.5496479924501
0.823000000000001	97.6278881904408
0.824000000000001	97.1194911691582
0.825000000000001	97.5447997520657
0.826000000000001	98.4823437478138
0.827000000000001	98.9428408144515
0.828000000000001	98.4106894491426
0.829000000000001	97.5834132507547
0.830000000000001	97.4403145142271
0.831000000000001	98.1731528924833
0.832000000000001	99.0359725158382
0.833000000000001	99.0784694644037
0.834000000000001	98.2585630988531
0.835000000000001	97.6067290163085
0.836000000000001	97.8417835328329
0.837000000000001	98.6859685473175
0.838000000000001	99.2248662375651
0.839000000000001	98.7943257079242
0.840000000000001	97.9651924052691
0.841000000000001	97.7046174050114
0.842000000000001	98.2896402586854
0.843000000000001	99.1204107124137
0.844000000000001	99.221150107196
0.845000000000001	98.4157575491426
0.846000000000001	97.672258660851
0.847000000000001	97.7940248433548
0.848000000000001	98.6096822740984
0.849000000000001	99.1787750786052
0.850000000000001	98.7438094222936
0.851000000000001	97.7810054482699
0.852000000000001	97.3638593966991
0.853000000000001	97.8406211098364
0.854000000000001	98.6475909408143
0.855000000000001	98.821678698144
0.856000000000001	98.0368542207389
0.857000000000001	97.2146008576604
0.858000000000001	97.192218471894
0.859000000000001	97.9376176586198
0.860000000000001	98.6629872722328
0.861000000000001	98.5334403578761
0.862000000000001	97.686055209157
0.863000000000001	97.1180569741809
0.864000000000001	97.4946580898769
0.865000000000001	98.456422437602
0.866000000000001	98.9896187949132
0.867000000000001	98.4774852155471
0.868000000000001	97.6200215504423
0.869000000000001	97.4340863810464
0.870000000000001	98.0909860770624
0.871000000000001	98.930207301803
0.872000000000001	98.9853072114274
0.873000000000001	98.1883402070044
0.874000000000001	97.5132711751882
0.875000000000001	97.6793804213276
0.876000000000001	98.5395843600004
0.877000000000001	99.1587597094643
0.878000000000001	98.8207247682285
0.879000000000001	97.9947716153129
0.880000000000001	97.6795113509568
0.881000000000001	98.2488588758027
0.882000000000001	99.1232586183745
0.883000000000001	99.2944743933141
0.884000000000001	98.499642403817
0.885000000000001	97.6813465128048
0.886000000000001	97.7225761386181
0.887000000000001	98.5026547854504
0.888000000000001	99.1290794279729
0.889000000000001	98.7910727073357
0.890000000000001	97.9053711628819
0.891000000000001	97.4846870243839
0.892000000000001	97.9030749041133
0.893000000000001	98.7308420409755
0.894000000000001	98.9806625823992
0.895000000000001	98.2552710379054
0.896000000000001	97.3951954027137
0.897000000000001	97.3221788727601
0.898000000000001	98.0668640735384
0.899000000000001	98.8308567117142
0.900000000000001	98.7468036382343
0.901000000000001	97.9082820689171
0.902000000000001	97.2887407653967
0.903000000000001	97.5565903091497
0.904000000000001	98.4378653606017
0.905000000000001	98.9501085008862
0.906000000000001	98.4511797541544
0.907000000000001	97.6115576851692
0.908000000000001	97.3907119009552
0.909000000000001	98.0351006262596
0.910000000000001	98.8942255647648
0.911000000000001	98.9808919542197
0.912000000000001	98.1720245247233
0.913000000000001	97.4488269505344
0.914000000000001	97.6287184398
0.915000000000001	98.51021600111
0.916000000000001	99.1728728363972
0.917000000000001	98.8756871742287
0.918000000000001	98.0477540353887
0.919000000000001	97.6710580491595
0.920000000000001	98.1437364873618
0.921000000000001	98.9842859584959
0.922000000000001	99.1655673658794
0.923000000000001	98.4128396128303
0.924000000000001	97.6577458656088
0.925000000000001	97.6878870239983
0.926000000000001	98.4637508241681
0.927000000000001	99.1398242864818
0.928000000000001	98.9067498852147
0.929000000000001	98.0309289186658
0.930000000000001	97.506945236866
0.931000000000001	97.9208148122053
0.932000000000001	98.8113571833355
0.933000000000001	99.1393331450524
0.934000000000001	98.4591151359474
0.935000000000001	97.5912913601086
0.936000000000001	97.4789227210017
0.937000000000001	98.1445659646808
0.938000000000001	98.8468253050625
0.939000000000001	98.6951487997245
0.940000000000001	97.8532091580594
0.941000000000001	97.2744508590666
0.942000000000001	97.5248220810891
0.943000000000001	98.3858088056102
0.944000000000001	98.8985625494538
0.945000000000001	98.4493946993646
0.946000000000001	97.6241284061373
0.947000000000001	97.3898286490642
0.948000000000001	98.0264657897737
0.949000000000001	98.9184361911663
0.950000000000001	99.0700134552316
0.951000000000001	98.2928389065933
0.952000000000001	97.5681009023146
0.953000000000001	97.70276410908
0.954000000000001	98.5243171550807
0.955000000000001	99.1254743963806
0.956000000000001	98.7573760445782
0.957000000000001	97.9037145854774
0.958000000000001	97.5288744303402
0.959000000000001	98.0113203994154
0.960000000000001	98.8773996985737
0.961000000000001	99.1230520791898
0.962000000000001	98.3796502902755
0.963000000000001	97.5463874388422
0.964000000000001	97.5380162048125
0.965000000000001	98.3134792315011
0.966000000000001	99.0675299246194
0.967000000000001	98.9301514036321
0.968000000000001	98.0871879099225
0.969000000000001	97.5793351260283
0.970000000000001	97.9583449966778
0.971000000000001	98.8093632660208
0.972000000000001	99.1523574218636
0.973000000000001	98.5050130699117
0.974000000000001	97.6640006876818
0.975000000000001	97.5162662584662
0.976000000000001	98.1817120164454
0.977000000000001	98.9439199632479
0.978000000000001	98.8673849046911
0.979000000000001	97.9932503916666
0.980000000000001	97.3420934677495
0.981000000000001	97.5973634765983
0.982000000000001	98.4604983021828
0.983000000000001	99.0009110506126
0.984000000000001	98.5812167082752
0.985000000000001	97.771062852713
0.986000000000001	97.5109101592027
0.987000000000001	98.0984100707116
0.988000000000001	98.9287454983264
0.989000000000001	98.9950379257747
0.990000000000001	98.1893205381539
0.991000000000001	97.4645996041158
0.992000000000001	97.5748701891526
0.993000000000001	98.390724225698
0.994000000000001	99.0333282165525
0.995000000000001	98.7059436592224
0.996000000000001	97.7870718000558
0.997000000000001	97.3638543921686
0.998000000000001	97.8456037023684
0.999000000000001	98.7283342726132
1	99.0313071546642
1.001	98.3956347124445
1.002	97.654298571989
1.003	97.6382544632764
1.004	98.3943469155964
1.005	99.1314351924132
1.006	98.9470070942541
1.007	98.0904179108346
1.008	97.5477910587202
1.009	97.8482061618575
1.01	98.6979259047459
1.011	99.1215659496958
1.012	98.5130107298636
1.013	97.6425226260714
1.014	97.5386772859158
1.015	98.2563753176245
1.016	99.0657131405428
1.017	99.0405992516819
1.018	98.1784180600174
1.019	97.5272479467609
1.02	97.7489898173319
1.021	98.5578520850003
1.022	99.0239420124614
1.023	98.5077928499375
1.024	97.6162611100012
1.025	97.305023992937
1.026	97.841923890322
1.027	98.6715807281923
1.028	98.836105246832
1.029	98.0638005691857
1.03	97.3202803199093
1.031	97.4337036319637
1.032	98.2956856188013
1.033	99.0395991082463
1.034	98.7943171640008
1.035	97.9417767546702
1.036	97.5010496181006
1.037	97.9618366269883
1.038	98.8720986542375
1.039	99.1761177637443
1.04	98.4876316525475
1.041	97.6488540337789
1.042	97.5722902015117
1.043	98.2846974309054
1.044	99.0217640353722
1.045	98.8917209624895
1.046	97.9937360644622
1.047	97.4230628761343
1.048	97.7676452977691
1.049	98.6613465692845
1.05	99.1448500589588
1.051	98.6599351852611
1.05199999999999	97.8655992685664
1.05299999999999	97.6575816063864
1.05399999999999	98.2834532876466
1.05499999999999	99.0680042307385
1.05599999999999	99.0337824730198
1.05699999999999	98.1843589254516
1.05799999999999	97.4965489649251
1.05899999999999	97.6877658234464
1.05999999999999	98.5245152551573
1.06099999999999	99.0585788750804
1.06199999999999	98.5822695509782
1.06299999999999	97.6762121998361
1.06399999999999	97.3818349694716
1.06499999999999	97.9356149433738
1.06599999999999	98.7748707626306
1.06699999999999	98.9646280767547
1.06799999999999	98.2328897979743
1.06899999999999	97.4533425960579
1.06999999999999	97.4854077284962
1.07099999999999	98.2813231273926
1.07199999999999	98.9702441667019
1.07299999999999	98.7056578702033
1.07399999999999	97.8015942073639
1.07499999999999	97.3231828908933
1.07599999999999	97.7556808249347
1.07699999999999	98.6547560712757
1.07799999999999	99.0355938293576
1.07899999999999	98.3772595449062
1.07999999999999	97.5129110144867
1.08099999999999	97.4160629662114
1.08199999999999	98.1416599685679
1.08299999999999	98.9459369939681
1.08399999999999	98.9336914741387
1.08499999999999	98.1300932411443
1.08599999999999	97.5042640367223
1.08699999999999	97.7805402819562
1.08799999999999	98.6837608829961
1.08899999999999	99.216209469266
1.08999999999999	98.7199148060023
1.09099999999999	97.8430699552586
1.09199999999999	97.6169546891487
1.09299999999999	98.2516787869193
1.09399999999999	99.0770135215262
1.09499999999999	99.1145821142475
1.09599999999999	98.2477300022337
1.09699999999999	97.5326885579618
1.09799999999999	97.7096282947903
1.09899999999999	98.5179319234523
1.09999999999999	99.0737067164603
1.10099999999999	98.6828215052292
1.10199999999999	97.8146441214686
1.10299999999999	97.4410927926059
1.10399999999999	97.9631987611098
1.10499999999999	98.8381824436801
1.10599999999999	99.0263716090759
1.10699999999999	98.2485964280554
1.10799999999999	97.4232413648728
1.10899999999999	97.4291326932114
1.10999999999999	98.2025486596988
1.11099999999999	98.9105628257789
1.11199999999999	98.6675866736688
1.11299999999999	97.728348693735
1.11399999999999	97.1760166244832
1.11499999999999	97.5621629330368
1.11599999999999	98.467792650602
1.11699999999999	98.9003728307115
1.11799999999999	98.3691887385441
1.11899999999999	97.561668062573
1.11999999999999	97.4310416309614
1.12099999999999	98.1683728669402
1.12199999999999	99.0365214734817
1.12299999999999	99.0878761183424
1.12399999999999	98.2770521794843
1.12499999999999	97.6058522391027
1.12599999999999	97.8334291404029
1.12699999999999	98.6838116348379
1.12799999999999	99.2189569018675
1.12899999999999	98.7867793782392
1.12999999999999	97.9533558827717
1.13099999999999	97.676976271939
1.13199999999999	98.2490895384741
1.13299999999999	99.0834130470604
1.13399999999999	99.2095878196666
1.13499999999999	98.4308730507688
1.13599999999999	97.6927655908798
1.13699999999999	97.8253508659668
1.13799999999999	98.6737184182153
1.13899999999999	99.2820580651856
1.13999999999999	98.8661187980303
1.14099999999999	97.8951591135194
1.14199999999999	97.4544202675138
1.14299999999998	97.9161702275788
1.14399999999998	98.7033358261676
1.14499999999998	98.8538072265973
1.14599999999998	98.0640865241494
1.14699999999998	97.243290267151
1.14799999999998	97.2173164381159
1.14899999999998	97.9515290329682
1.14999999999998	98.6767267961633
1.15099999999998	98.5606074430587
1.15199999999998	97.7294426520742
1.15299999999998	97.1837136724172
1.15399999999998	97.5760055430359
1.15499999999998	98.5493264140977
1.15599999999998	99.0896991649942
1.15699999999998	98.5710700102225
1.15799999999998	97.7122843520265
1.15899999999998	97.5210275565965
1.15999999999998	98.1693632728722
1.16099999999998	98.9725699118013
1.16199999999998	98.9678369135864
1.16299999999998	98.1459544889114
1.16399999999998	97.4960497062832
1.16499999999998	97.6961643470394
1.16599999999998	98.5570001250189
1.16699999999998	99.1511973949669
1.16799999999998	98.7931993250492
1.16899999999998	97.9648131945635
1.16999999999998	97.6500242397313
1.17099999999998	98.2310606041496
1.17199999999998	99.1121886542511
1.17299999999998	99.2665825781553
1.17399999999998	98.4556123929206
1.17499999999998	97.6347040333974
1.17599999999998	97.6695629222265
1.17699999999998	98.4357251314453
1.17799999999998	99.0445887994118
1.17899999999998	98.698991174729
1.17999999999998	97.8203396905887
1.18099999999998	97.4164376874864
1.18199999999998	97.8646149229259
1.18299999999998	98.7542271103031
1.18399999999998	99.0462969585779
1.18499999999998	98.3245176528627
1.18599999999998	97.4707071855192
1.18699999999998	97.4028130743604
1.18799999999998	98.1542058112512
1.18899999999998	98.9148384018475
1.18999999999998	98.8142174603273
1.19099999999998	97.9625106436203
1.19199999999998	97.3499898665436
1.19299999999998	97.6214925876396
1.19399999999998	98.4746859122525
1.19499999999998	98.9465837159013
1.19599999999998	98.4720041524291
1.19699999999998	97.6944681629451
1.19799999999998	97.5161823015448
1.19899999999998	98.1907009429426
1.19999999999998	99.0532759627943
1.20099999999998	99.1142048494049
1.20199999999998	98.2921487809872
1.20299999999998	97.5868913750546
1.20399999999998	97.7812177484407
1.20499999999998	98.656759454097
1.20599999999998	99.2426676612787
1.20699999999998	98.8435741876609
1.20799999999998	97.9601021669845
1.20899999999998	97.5948711287975
1.20999999999998	98.0968977992908
1.21099999999998	98.8906021101501
1.21199999999998	98.9964858153355
1.21299999999998	98.2112490186774
1.21399999999998	97.4585232852532
1.21499999999998	97.5031869976129
1.21599999999998	98.2962107765976
1.21699999999998	98.9795177070239
1.21799999999998	98.7411162506671
1.21899999999998	97.8745142643233
1.21999999999998	97.3752917432645
1.22099999999998	97.8128100256295
1.22199999999998	98.7246168328519
1.22299999999998	99.0662878814367
1.22399999999998	98.4007239623924
1.22499999999998	97.5507056290586
1.22599999999998	97.4661209706948
1.22699999999998	98.1691436043236
1.22799999999998	98.8988550268099
1.22899999999998	98.7644449706574
1.22999999999998	97.9367216044666
1.23099999999998	97.3699771327981
1.23199999999998	97.6367177330357
1.23299999999998	98.5095386948277
1.23399999999997	99.0150406524858
1.23499999999997	98.5501564690373
1.23599999999997	97.7263876205941
1.23699999999997	97.5059249962289
1.23799999999997	98.1450201893555
1.23899999999997	99.0082304948537
1.23999999999997	99.1051224991482
1.24099999999997	98.3005767930735
1.24199999999997	97.5914068708119
1.24299999999997	97.7611973173657
1.24399999999997	98.606704402022
1.24499999999997	99.1811344657549
1.24599999999997	98.7702319001588
1.24699999999997	97.8989672825549
1.24799999999997	97.5233496424178
1.24899999999997	98.0142766590394
1.24999999999997	98.8594455246522
1.25099999999997	99.0436019590111
1.25199999999997	98.2671669540438
1.25299999999997	97.4444224327741
1.25399999999997	97.4588737500595
1.25499999999997	98.2394635966807
1.25599999999997	98.9575370293861
1.25699999999997	98.7820732680767
1.25799999999997	97.9292449054276
1.25899999999997	97.4193129355267
1.25999999999997	97.8098285438187
1.26099999999997	98.6740833908477
1.26199999999997	99.0113620678722
1.26299999999997	98.3665479928997
1.26399999999997	97.5334860128398
1.26499999999997	97.3878597901279
1.26599999999997	98.0614456435339
1.26699999999997	98.8502268143516
1.26799999999997	98.8064210274644
1.26899999999997	97.9540084494753
1.26999999999997	97.3018661081372
1.27099999999997	97.5575964674245
1.27199999999997	98.4545740905445
1.27299999999997	99.0374892887463
1.27399999999997	98.6434231425444
1.27499999999997	97.8230852183481
1.27599999999997	97.5320657532585
1.27699999999997	98.1224036722303
1.27799999999997	98.9929878976392
1.27899999999997	99.0882927427141
1.27999999999997	98.2878846014818
1.28099999999997	97.5547630664646
1.28199999999997	97.6490426150276
1.28299999999997	98.4597393907914
1.28399999999997	99.1065114647389
1.28499999999997	98.7746507686881
1.28599999999997	97.8441360762696
1.28699999999997	97.4124886787514
1.28799999999997	97.8983360684066
1.28899999999997	98.7891408094886
1.28999999999997	99.0825901548619
1.29099999999997	98.4295038868285
1.29199999999997	97.6674547872595
1.29299999999997	97.6175455556151
1.29399999999997	98.3515944280241
1.29499999999997	99.0788259422079
1.29599999999997	98.9132545486776
1.29699999999997	98.0901718734876
1.29799999999997	97.5520397348489
1.29899999999997	97.8561554726621
1.29999999999997	98.6972197490716
1.30099999999997	99.0925179572359
1.30199999999997	98.4677821954251
1.30299999999997	97.5862363203345
1.30399999999997	97.4577817723874
1.30499999999997	98.1600870966965
1.30599999999997	98.9597168896361
1.30699999999997	98.9225266015115
1.30799999999997	98.0416049639442
1.30899999999997	97.3613432880019
1.30999999999997	97.5667552673291
1.31099999999997	98.3911856081034
1.31199999999997	98.9002722038581
1.31299999999997	98.4175713651585
1.31399999999997	97.536805741879
1.31499999999997	97.2106546652763
1.31599999999997	97.7341725630292
1.31699999999997	98.6026643210459
1.31799999999997	98.8355538311909
1.31899999999997	98.0862645089728
1.31999999999997	97.3045242337253
1.32099999999997	97.3689842553291
1.32199999999997	98.2228638589987
1.32299999999997	99.0239040334612
1.32399999999996	98.8458260192542
1.32499999999996	98.0013572692784
1.32599999999996	97.5214613048355
1.32699999999996	97.931974715328
1.32799999999996	98.8534435947943
1.32899999999996	99.2497693578916
1.32999999999996	98.6224536736663
1.33099999999996	97.7803604166812
1.33199999999996	97.6660822618264
1.33299999999996	98.3467325992629
1.33399999999996	99.087236059721
1.33499999999996	98.9736805154126
1.33599999999996	98.0817656921239
1.33699999999996	97.4777980224186
1.33799999999996	97.7745321285328
1.33899999999996	98.6524205806948
1.33999999999996	99.1473975048494
1.34099999999996	98.6649622924239
1.34199999999996	97.8454546447173
1.34299999999996	97.6020153018996
1.34399999999996	98.2118445718264
1.34499999999996	99.0035213673942
1.34599999999996	98.9835821553448
1.34699999999996	98.1225389454264
1.34799999999996	97.3952256920662
1.34899999999996	97.534226420578
1.34999999999996	98.3475545518414
1.35099999999996	98.9157625121941
1.35199999999996	98.4861542751531
1.35299999999996	97.5233240374539
1.35399999999996	97.1083457158516
1.35499999999996	97.6130646218807
1.35599999999996	98.4997303577045
1.35699999999996	98.7956381775146
1.35799999999996	98.1341806067155
1.35899999999996	97.3344669998604
1.35999999999996	97.3118873754627
1.36099999999996	98.1148576618947
1.36199999999996	98.9174193959706
1.36299999999996	98.7925169669117
1.36399999999996	97.8899621049003
1.36499999999996	97.3173045584887
1.36599999999996	97.6681138323554
1.36699999999996	98.5667549958803
1.36799999999996	99.0615769222933
1.36899999999996	98.5182275423506
1.36999999999996	97.6534867081472
1.37099999999996	97.4707909851093
1.37199999999996	98.1409208657174
1.37299999999996	99.011100660809
1.37399999999996	99.1105865751867
1.37499999999996	98.3198853598228
1.37599999999996	97.637375333074
1.37699999999996	97.8470287302693
1.37799999999996	98.7302702862693
1.37899999999996	99.3172332740756
1.37999999999996	98.8719625688308
1.38099999999996	97.9608018603077
1.38199999999996	97.6500271984577
1.38299999999996	98.2188055925355
1.38399999999996	99.0476937299851
1.38499999999996	99.144614025719
1.38599999999996	98.2991885156273
1.38699999999996	97.5310620037375
1.38799999999996	97.6289122295614
1.38899999999996	98.4028647875159
1.38999999999996	98.9931499468933
1.39099999999996	98.6559549433448
1.39199999999996	97.76134340364
1.39299999999996	97.3086762626833
1.39399999999996	97.7685836111367
1.39499999999996	98.6644109859872
1.39599999999996	98.9556614013522
1.39699999999996	98.2380816964145
1.39799999999996	97.3642494700959
1.39899999999996	97.2691477067892
1.39999999999996	97.9916068000596
1.40099999999996	98.7528800837689
1.40199999999996	98.6324833152441
1.40299999999996	97.7702188748662
1.40399999999996	97.1828265221779
1.40499999999996	97.4808555147086
1.40599999999996	98.3764550194566
1.40699999999996	98.9076455095264
1.40799999999996	98.4613015057298
1.40899999999996	97.6267247707375
1.40999999999996	97.4045954750281
1.41099999999996	98.068756425242
1.41199999999996	98.9780398449837
1.41299999999996	99.160106969475
1.41399999999996	98.408123294944
1.41499999999995	97.6587619702828
1.41599999999995	97.7802179872126
1.41699999999995	98.6167368195908
1.41799999999995	99.2480719078084
1.41899999999995	98.9274582247316
1.41999999999995	98.1070593793327
1.42099999999995	97.772435378669
1.42199999999995	98.2702311131655
1.42299999999995	99.100398446336
1.42399999999995	99.2935806383704
1.42499999999995	98.5417589878957
1.42599999999995	97.737004728286
1.42699999999995	97.7636656079634
1.42799999999995	98.5560683595743
1.42899999999995	99.2043678857471
1.42999999999995	98.9034351973454
1.43099999999995	97.9919252473022
1.43199999999995	97.4874895142409
1.43299999999995	97.8582652208894
1.43399999999995	98.6261898353803
1.43499999999995	98.8492111792588
1.43599999999995	98.1295655558508
1.43699999999995	97.2789620825543
1.43799999999995	97.1658994099092
1.43899999999995	97.8604043576533
1.43999999999995	98.6360913645508
1.44099999999995	98.5567267382224
1.44199999999995	97.6890464209684
1.44299999999995	97.0544131432631
1.44399999999995	97.34852983994
1.44499999999995	98.2885607660809
1.44599999999995	98.8946741153527
1.44699999999995	98.5144058311974
1.44799999999995	97.7060476198797
1.44899999999995	97.4350626065841
1.44999999999995	98.0063427711988
1.45099999999995	98.8768381937855
1.45199999999995	99.0381862469117
1.45299999999995	98.2879250101081
1.45399999999995	97.5892550875742
1.45499999999995	97.7052751727349
1.45599999999995	98.5534627434464
1.45699999999995	99.2508218822083
1.45799999999995	99.0048263226304
1.45899999999995	98.1820723976712
1.45999999999995	97.7599685427195
1.46099999999995	98.2590921505074
1.46199999999995	99.1779937737461
1.46299999999995	99.4338409043204
1.46399999999995	98.6853451332513
1.46499999999995	97.8479874129042
1.46599999999995	97.8290380549094
1.46699999999995	98.5416382478726
1.46799999999995	99.1519848898459
1.46899999999995	98.8398765774315
1.46999999999995	97.9420937515772
1.47099999999995	97.438293503524
1.47199999999995	97.7699881660961
1.47299999999995	98.5815922138618
1.47399999999995	98.8788053886322
1.47499999999995	98.1945466089837
1.47599999999995	97.3324314527487
1.47699999999995	97.2008256106703
1.47799999999995	97.8881995858946
1.47899999999995	98.6963800618319
1.47999999999995	98.7165656762242
1.48099999999995	97.9277802702633
1.48199999999995	97.2915827342847
1.48299999999995	97.5266051311808
1.48399999999995	98.3908560936299
1.48499999999995	98.9458487895748
1.48599999999995	98.5097179932485
1.48699999999995	97.6727373942654
1.48799999999995	97.3920404199439
1.48899999999995	97.9771913978065
1.48999999999995	98.8762868899205
1.49099999999995	99.0730818285845
1.49199999999995	98.3097571948078
1.49299999999995	97.5358888832812
1.49399999999995	97.6277853218242
1.49499999999995	98.4701799660121
1.49599999999995	99.1988662248694
1.49699999999995	98.9931670280106
1.49799999999995	98.1460745313412
1.49899999999995	97.7034744781452
1.49999999999995	98.1440877998917
1.50099999999995	98.9884956304932
1.50199999999995	99.2339082659328
1.50299999999995	98.5060845228227
1.50399999999995	97.68848979325
1.50499999999995	97.6105606939186
1.50599999999994	98.3324580409784
1.50699999999994	99.0613914325029
1.50799999999994	98.8706609018636
1.50899999999994	97.9746585630751
1.50999999999994	97.4201500073061
1.51099999999994	97.7923408784478
1.51199999999994	98.6664749218346
1.51299999999994	99.0714771741675
1.51399999999994	98.5257005408716
1.51499999999994	97.7107767904501
1.51599999999994	97.5401146626514
1.51699999999994	98.169959712106
1.51799999999994	98.9094932445945
1.51899999999994	98.8259101814707
1.51999999999994	97.9622029769191
1.52099999999994	97.3051766965957
1.52199999999994	97.5027929373097
1.52299999999994	98.347065979898
1.52399999999994	98.9190992269542
1.52499999999994	98.4965396437834
1.52599999999994	97.5965401857907
1.52699999999994	97.2886302768987
1.52799999999994	97.883383357577
1.52899999999994	98.7877753299279
1.52999999999994	99.0151488759518
1.53099999999994	98.3266752180262
1.53199999999994	97.6281124965095
1.53299999999994	97.702276501586
1.53399999999994	98.5015314985285
1.53499999999994	99.1706142085416
1.53599999999994	98.9241988471846
1.53699999999994	98.100886732724
1.53799999999994	97.6403973344871
1.53899999999994	98.0317627273862
1.53999999999994	98.8763900539414
1.54099999999994	99.1852880577042
1.54199999999994	98.4858620259237
1.54299999999994	97.6366986167375
1.54399999999994	97.6041194125111
1.54499999999994	98.3604785652428
1.54599999999994	99.1108151028381
1.54699999999994	98.9615436191183
1.54799999999994	98.0503136410399
1.54899999999994	97.450475399477
1.54999999999994	97.7375664008211
1.55099999999994	98.5467041391088
1.55199999999994	98.9282311745091
1.55299999999994	98.3292965818139
1.55399999999994	97.4682699595869
1.55499999999994	97.2588240858443
1.55599999999994	97.8730330912634
1.55699999999994	98.6815801147785
1.55799999999994	98.7470841849945
1.55899999999994	97.9342058508535
1.55999999999994	97.2406573527862
1.56099999999994	97.4387723097755
1.56199999999994	98.3495772550772
1.56299999999994	99.0519200948903
1.56399999999994	98.7683508231922
1.56499999999994	97.9536981411875
1.56599999999994	97.5809266167759
1.56699999999994	98.1019748306305
1.56799999999994	99.0033521494521
1.56899999999994	99.2084826761574
1.56999999999994	98.4564789752127
1.57099999999994	97.6724573650192
1.57199999999994	97.7104958375196
1.57299999999994	98.4981778494145
1.57399999999994	99.1789730641922
1.57499999999994	98.91906685085
1.57599999999994	97.9772099403209
1.57699999999994	97.4798003323651
1.57799999999994	97.8987418450055
1.57899999999994	98.7664698818433
1.57999999999994	99.1271518731572
1.58099999999994	98.5345095029874
1.58199999999994	97.7461403244441
1.58299999999994	97.6239748689292
1.58399999999994	98.3032149285575
1.58499999999994	99.0326783182
1.58599999999994	98.882286596925
1.58699999999994	98.0377107028069
1.58799999999994	97.4687808869234
1.58899999999994	97.7545257419481
1.58999999999994	98.6163508072595
1.59099999999994	99.0719761602604
1.59199999999994	98.4945714887826
1.59299999999994	97.5783358211698
1.59399999999994	97.3656990940414
1.59499999999994	97.9931424182059
1.59599999999994	98.7962347362258
1.59699999999993	98.8814595171425
1.59799999999993	98.0951386349126
1.59899999999993	97.3727222234695
1.59999999999993	97.5006377469285
1.60099999999993	98.3222423659478
1.60199999999993	98.9310882359365
1.60299999999993	98.5623258066387
1.60399999999993	97.6838905750374
1.60499999999993	97.3071963424619
1.60599999999993	97.8154403717769
1.60699999999993	98.7242647221515
1.60799999999993	99.0297882170868
1.60899999999993	98.3111357822434
1.60999999999993	97.481261531903
1.61099999999993	97.4696595617676
1.61199999999993	98.2571529490659
1.61299999999993	99.0287249664491
1.61399999999993	98.882165938363
1.61499999999993	98.0556693687623
1.61599999999993	97.5384243888385
1.61699999999993	97.9073865391291
1.61799999999993	98.8177786785198
1.61899999999993	99.2500138415212
1.61999999999993	98.6649006468286
1.62099999999993	97.7988690568365
1.62199999999993	97.6517821774017
1.62299999999993	98.3308762068457
1.62399999999993	99.0902438035315
1.62499999999993	99.0126661499898
1.62599999999993	98.1205882820259
1.62699999999993	97.4711820432081
1.62799999999993	97.7266495113952
1.62899999999993	98.5726345108442
1.62999999999993	99.0797873498906
1.63099999999993	98.6086037750767
1.63199999999993	97.7526909747129
1.63299999999993	97.4763765654982
1.63399999999993	98.0853053348918
1.63499999999993	98.9412765059806
1.63599999999993	99.0153240164069
1.63699999999993	98.1841752496548
1.63799999999993	97.406813121216
1.63899999999993	97.4974954481891
1.63999999999993	98.2999290413038
1.64099999999993	98.9219392584067
1.64199999999993	98.5678241808328
1.64299999999993	97.6112994544908
1.64399999999993	97.1344827049544
1.64499999999993	97.5812948614603
1.64599999999993	98.4760813514673
1.64699999999993	98.8381132894076
1.64799999999993	98.246789883679
1.64899999999993	97.4660144131799
1.64999999999993	97.4262053157067
1.65099999999993	98.2346411165812
1.65199999999993	99.0863243625862
1.65299999999993	99.015478296232
1.65399999999993	98.1198827274357
1.65499999999993	97.5000072208464
1.65599999999993	97.8039650232309
1.65699999999993	98.6673250518793
1.65799999999993	99.1321909819975
1.65899999999993	98.5753557862553
1.65999999999993	97.7022884264553
1.66099999999993	97.4930584191591
1.66199999999993	98.1308261291717
1.66299999999993	98.9835830922974
1.66399999999993	99.0890728998857
1.66499999999993	98.3107616515147
1.66599999999993	97.6185697324022
1.66699999999993	97.8258277735463
1.66799999999993	98.727267615342
1.66899999999993	99.3376170843447
1.66999999999993	98.9024226529034
1.67099999999993	97.9743096007185
1.67199999999993	97.6284573106144
1.67299999999993	98.1666109009544
1.67399999999993	98.9720249919244
1.67499999999993	99.0701405305821
1.67599999999993	98.2438988081086
1.67699999999993	97.4719920759976
1.67799999999993	97.5514214470729
1.67899999999993	98.3300287199611
1.67999999999993	98.9675496813496
1.68099999999993	98.7228233060139
1.68199999999993	97.8838772786948
1.68299999999993	97.4131121652895
1.68399999999993	97.859205905966
1.68499999999993	98.7684791529347
1.68599999999993	99.0842553469807
1.68699999999993	98.375499442943
1.68799999999992	97.4878464470679
1.68899999999992	97.364852252011
1.68999999999992	98.0560847638099
1.69099999999992	98.7840584821864
1.69199999999992	98.6410863472677
1.69299999999992	97.7833710586768
1.69399999999992	97.2094823272299
1.69499999999992	97.5159487033091
1.69599999999992	98.4189769189281
1.69699999999992	98.9594077814011
1.69799999999992	98.5499696399093
1.69899999999992	97.7395751835321
1.69999999999992	97.5006265029526
1.70099999999992	98.1506625514344
1.70199999999992	99.0373687473639
1.70299999999992	99.1838686102707
1.70399999999992	98.4082285069598
1.70499999999992	97.6558223852455
1.70599999999992	97.7562879032757
1.70699999999992	98.5580250709967
1.70799999999992	99.1573264298886
1.70899999999992	98.8168138004752
1.70999999999992	97.9966703674512
1.71099999999992	97.6723208987614
1.71199999999992	98.1966221572233
1.71299999999992	99.0554094688867
1.71399999999992	99.2658363221175
1.71499999999992	98.5209284617042
1.71599999999992	97.7095811647022
1.71699999999992	97.7296229936183
1.71799999999992	98.5181156684938
1.71899999999992	99.1637182749988
1.71999999999992	98.8356401286654
1.72099999999992	97.8806825691509
1.72199999999992	97.3646246603055
1.72299999999992	97.7470123869286
1.72399999999992	98.5418098130112
1.72499999999992	98.8062542012826
1.72599999999992	98.1197830708715
1.72699999999992	97.2787779933472
1.72799999999992	97.1673848666312
1.72899999999992	97.8842491854251
1.72999999999992	98.69735177995
1.73099999999992	98.6900168316427
1.73199999999992	97.8826688468576
1.73299999999992	97.2418842520263
1.73399999999992	97.5111057837695
1.73499999999992	98.442688588275
1.73599999999992	99.0396459294076
1.73699999999992	98.6349758729349
1.73799999999992	97.7884034823492
1.73899999999992	97.5002635117965
1.73999999999992	98.0863382416039
1.74099999999992	98.9434077432088
1.74199999999992	99.0761903294
1.74299999999992	98.3090278094197
1.74399999999992	97.5954159590543
1.74499999999992	97.7005442556216
1.74599999999992	98.5397355022657
1.74699999999992	99.2181552434759
1.74799999999992	98.9476425907787
1.74899999999992	98.116337073127
1.74999999999992	97.7036284200716
1.75099999999992	98.1812094393305
1.75199999999992	99.064276712682
1.75299999999992	99.2997647006807
1.75399999999992	98.5431550230135
1.75499999999992	97.7114486600096
1.75599999999992	97.708820835407
1.75699999999992	98.4531598356776
1.75799999999992	99.0925145385215
1.75899999999992	98.8014487315754
1.75999999999992	97.9207489835137
1.76099999999992	97.4218574074537
1.76199999999992	97.7541605334685
1.76299999999992	98.5763786304241
1.76399999999992	98.8929120361456
1.76499999999992	98.2244389034718
1.76599999999992	97.3649418276358
1.76699999999992	97.2343036081058
1.76799999999992	97.9297121939345
1.76899999999992	98.7439976522715
1.76999999999992	98.7621173273122
1.77099999999992	97.9659507484973
1.77199999999992	97.3147212564521
1.77299999999992	97.5487032669126
1.77399999999992	98.4383328086817
1.77499999999992	99.0052107637997
1.77599999999992	98.5705135952922
1.77699999999992	97.7201884478477
1.77799999999991	97.4122964154522
1.77899999999991	97.9855033560226
1.77999999999991	98.8792307304111
1.78099999999991	99.0650707726126
1.78199999999991	98.2915669091859
1.78299999999991	97.5149513848214
1.78399999999991	97.6048810657621
1.78499999999991	98.4468243185669
1.78599999999991	99.1613307208771
1.78699999999991	98.9378259278147
1.78799999999991	98.0836566984052
1.78899999999991	97.6245236299225
1.78999999999991	98.0599023254927
1.79099999999991	98.9106512143369
1.79199999999991	99.1576726454432
1.79299999999991	98.4434138458118
1.79399999999991	97.6384007877276
1.79499999999991	97.5640040620103
1.79599999999991	98.2709274860076
1.79699999999991	98.9937770837892
1.79799999999991	98.8240403666754
1.79899999999991	97.9378765639017
1.79999999999991	97.3718810691662
1.80099999999991	97.7354368941238
1.80199999999991	98.6514525770243
1.80299999999991	99.1000915211613
1.80399999999991	98.5574762189009
1.80499999999991	97.7255298179103
1.80599999999991	97.5215854494057
1.80699999999991	98.1414205286892
1.80799999999991	98.9090388617183
1.80899999999991	98.8567751823487
1.80999999999991	98.0064708975648
1.81099999999991	97.3390841914701
1.81199999999991	97.5178930319411
1.81299999999991	98.3625942484518
1.81399999999991	98.9554993562564
1.81499999999991	98.5445826866922
1.81599999999991	97.621553806899
1.81699999999991	97.2758831386644
1.81799999999991	97.8553474668152
1.81899999999991	98.8033996590399
1.81999999999991	99.0703519275093
1.82099999999991	98.3772755748279
1.82199999999991	97.6475105540927
1.82299999999991	97.6693399172386
1.82399999999991	98.4494732726107
1.82499999999991	99.1369042489635
1.82599999999991	98.9031209856913
1.82699999999991	98.0832714578846
1.82799999999991	97.6125099024824
1.82899999999991	97.9852016009589
1.82999999999991	98.8325613617158
1.83099999999991	99.1554779675093
1.83199999999991	98.4654069097891
1.83299999999991	97.5989412807347
1.83399999999991	97.530159932856
1.83499999999991	98.282461872146
1.83599999999991	99.0573401814512
1.83699999999991	98.9308548734438
1.83799999999991	98.0195460262464
1.83899999999991	97.4007801617398
1.83999999999991	97.679191369843
1.84099999999991	98.5053129571388
1.84199999999991	98.9252063818452
1.84299999999991	98.351170219653
1.84399999999991	97.4861922465554
1.84499999999991	97.2542394996488
1.84599999999991	97.8481287994604
1.84699999999991	98.6752253032079
1.84799999999991	98.7830933026844
1.84899999999991	97.9733105993317
1.84999999999991	97.2325011697724
1.85099999999991	97.3721403194331
1.85199999999991	98.262220191333
1.85299999999991	99.0009707053256
1.85399999999991	98.718802020779
1.85499999999991	97.8570989856924
1.85599999999991	97.448328509665
1.85699999999991	97.9277742006687
1.85799999999991	98.8415184081649
1.85899999999991	99.1244463878172
1.85999999999991	98.4037861381345
1.86099999999991	97.5867901590404
1.86199999999991	97.5612871598956
1.86299999999991	98.3120285127154
1.86399999999991	99.0482084699261
1.86499999999991	98.8869781939197
1.86599999999991	97.9858124183155
1.86699999999991	97.435937272685
1.86799999999991	97.7930528436541
1.8689999999999	98.6925412233781
1.8699999999999	99.1595627389634
1.8709999999999	98.6393594950858
1.8719999999999	97.8382054686892
1.8729999999999	97.657953207736
1.8739999999999	98.321359596131
1.8749999999999	99.1130962290595
1.8759999999999	99.0430292319098
1.8769999999999	98.173738431694
1.8779999999999	97.5099502803817
1.8789999999999	97.727314219739
1.8799999999999	98.5772385336767
1.8809999999999	99.0908857435728
1.8819999999999	98.5676988953503
1.8829999999999	97.628240778474
1.8839999999999	97.3273759030142
1.8849999999999	97.8902111385185
1.8859999999999	98.711536613812
1.8869999999999	98.8567207262508
1.8879999999999	98.1289938859832
1.8889999999999	97.4020600457482
1.8899999999999	97.4715297748854
1.8909999999999	98.279457703884
1.8919999999999	98.9455508119273
1.8929999999999	98.6455827701166
1.8939999999999	97.7477045115836
1.8949999999999	97.2882348151571
1.8959999999999	97.7177194150025
1.8969999999999	98.6085351433311
1.8979999999999	98.9743583808766
1.8989999999999	98.3163378104117
1.8999999999999	97.4639037238004
1.9009999999999	97.3639062867375
1.9019999999999	98.0843039321581
1.9029999999999	98.8900438590322
1.9039999999999	98.8710136510502
1.9049999999999	98.0465758540239
1.9059999999999	97.4254890024226
1.9069999999999	97.7208290488437
1.9079999999999	98.6293713948809
1.9089999999999	99.1702847930151
1.9099999999999	98.6785042010294
1.9109999999999	97.7867181879064
1.9119999999999	97.5464133168902
1.9129999999999	98.1830203823199
1.9139999999999	99.0347272300526
1.9149999999999	99.1055082713149
1.9159999999999	98.2505007462697
1.9169999999999	97.5314489793458
1.9179999999999	97.709605395175
1.9189999999999	98.5409385150086
1.9199999999999	99.1249909748078
1.9209999999999	98.7469117649059
1.9219999999999	97.8605090333469
1.9229999999999	97.4753263980982
1.9239999999999	98.0056348211001
1.9249999999999	98.8919819627818
1.9259999999999	99.110541882139
1.9269999999999	98.365937894101
1.9279999999999	97.5255951177747
1.9289999999999	97.4960872563878
1.9299999999999	98.2427052649129
1.9309999999999	98.9164666518276
1.9319999999999	98.6454961774683
1.9329999999999	97.7211660093892
1.9339999999999	97.1969920895473
1.9349999999999	97.5795134126392
1.9359999999999	98.4655609354519
1.9369999999999	98.8707565786639
1.9379999999999	98.3155723338313
1.9389999999999	97.4844765827934
1.9399999999999	97.3519955835693
1.9409999999999	98.0835933501
1.9419999999999	98.9336808391418
1.9429999999999	98.9810177507764
1.9439999999999	98.1754586235281
1.9449999999999	97.4923996264083
1.9459999999999	97.6868530539573
1.9469999999999	98.5241147189347
1.9479999999999	99.0836312249453
1.9489999999999	98.689212993976
1.9499999999999	97.87757312907
1.9509999999999	97.6186334182287
1.9519999999999	98.1903379315459
1.9529999999999	99.0363900350895
1.9539999999999	99.1994164090094
1.9549999999999	98.4366619050276
1.9559999999999	97.6764717528179
1.9569999999999	97.781816489548
1.9579999999999	98.6345370165412
1.9589999999999	99.2830204892695
1.95999999999989	98.9109256728235
1.96099999999989	97.9660048176779
1.96199999999989	97.5248239604023
1.96299999999989	97.9741405246759
1.96399999999989	98.7765666179987
1.96499999999989	98.9563597754964
1.96599999999989	98.1840547426235
1.96699999999989	97.3580147146314
1.96799999999989	97.3174774673788
1.96899999999989	98.0447983006426
1.96999999999989	98.7591081358054
1.97099999999989	98.6278784132248
1.97199999999989	97.7880161631939
1.97299999999989	97.2093306773064
1.97399999999989	97.5635499555605
1.97499999999989	98.5112598029163
1.97599999999989	99.0170287468269
1.97699999999989	98.462490791731
1.97799999999989	97.6012580013263
1.97899999999989	97.4211049324704
1.97999999999989	98.0597335937719
1.98099999999989	98.8683577324003
1.98199999999989	98.8838495286653
1.98299999999989	98.0738848227972
1.98399999999989	97.4141019152609
1.98499999999989	97.5974955083911
1.98599999999989	98.4592219932245
1.98699999999989	99.084996026629
1.98799999999989	98.7629553707914
1.98899999999989	97.9414602749801
1.98999999999989	97.5878108609685
1.99099999999989	98.1691677692912
1.99199999999989	99.1152718218072
1.99299999999989	99.3283614492328
1.99399999999989	98.5581792590625
1.99499999999989	97.763305238256
1.99599999999989	97.8164602349232
1.99699999999989	98.5880471200225
1.99799999999989	99.2056189497534
1.99899999999989	98.8654256942027
2	97.9757468801713
