"Time [s]"	"factor_puissance []"
0	0.0160623725090047
0.001	0.115094836265579
0.002	0.489524280506566
0.003	1.09843770083796
0.004	1.80419666267649
0.005	2.38850887670496
0.006	2.65574069308791
0.007	2.85809026563817
0.008	3.23311451782071
0.009	3.43894814430615
0.01	3.21754935153563
0.011	2.94945542933872
0.012	2.72263664974725
0.013	2.41629156554795
0.014	2.04264646012918
0.015	1.69801669605611
0.016	1.38357396175737
0.017	1.15151861839849
0.018	1.01541298089297
0.019	0.941010672570805
0.02	0.952046432940637
0.021	1.08041987065637
0.022	1.30434011428069
0.023	1.73294631555205
0.024	1.74469882642315
0.025	0.555529518465487
0.026	0.793065554919781
0.027	1.54029941684178
0.028	2.15524252566906
0.029	2.58487422591584
0.03	2.01763228533383
0.031	1.71203573215544
0.032	2.08873603732594
0.033	2.37204287103108
0.034	2.14287860022678
0.035	1.76056992903567
0.036	1.61020685150348
0.037	1.67107230885539
0.038	1.34112997498931
0.039	0.977636847221193
0.04	1.16072517363809
0.041	1.37713822596453
0.042	0.94636349986847
0.043	1.10168874772067
0.044	1.42731184856883
0.045	1.5515430907483
0.046	1.67154829505474
0.047	1.86282152244145
0.048	1.28804110299862
0.049	1.29809751262951
0.05	1.51423777973549
0.051	1.53473185015105
0.052	1.54663681939591
0.053	1.75049541535809
0.054	1.95285961652543
0.055	1.28501520967464
0.056	1.54699134299469
0.057	1.85879035810985
0.058	1.19975779439158
0.059	1.9273076124063
0.06	1.06725114711133
0.061	1.85311223436237
0.062	1.62987596376892
0.063	1.44356308609021
0.064	2.59266600821471
0.065	1.15512246443885
0.066	1.87092148838288
0.067	2.53036488178939
0.068	1.26170614047943
0.069	1.42287361516989
0.07	1.77437666971408
0.071	2.03752923981431
0.0720000000000001	1.0401540247434
0.0730000000000001	0.8282627785423
0.0740000000000001	1.27194273478073
0.0750000000000001	1.60682666758872
0.0760000000000001	0.800844542580558
0.0770000000000001	1.27378770967997
0.0780000000000001	1.58969141552706
0.0790000000000001	1.01504491439241
0.0800000000000001	2.1280235001706
0.0810000000000001	1.10695194689975
0.0820000000000001	2.42571209869929
0.0830000000000001	1.26143292885425
0.0840000000000001	2.81161115767115
0.0850000000000001	1.34571051662036
0.0860000000000001	3.07810680453667
0.0870000000000001	1.15884930287812
0.0880000000000001	3.29308431067695
0.0890000000000001	1.01452198698
0.0900000000000001	2.93667539179272
0.0910000000000001	0.812722469382305
0.0920000000000001	2.10088118603857
0.0930000000000001	1.51654962585082
0.0940000000000001	1.18487526911508
0.0950000000000001	2.09793266848172
0.0960000000000001	0.527577780441665
0.0970000000000001	2.02012767502841
0.0980000000000001	0.460843580371684
0.0990000000000001	1.90446483161928
0.1	0.826557434981707
0.101	1.47538382652324
0.102	1.72904300437238
0.103	0.609933645509762
0.104	2.81644997765348
0.105	1.35524588028672
0.106	1.43461525194037
0.107	3.60076739873704
0.108	1.80893352947104
0.109	1.06753225477029
0.11	3.65336689053314
0.111	3.75728342689056
0.112	1.71346208305987
0.113	0.380400505341732
0.114	1.9500092660862
0.115	4.14175083365818
0.116	3.99327481399164
0.117	3.48337944679233
0.118	3.08808225298383
0.119	3.13273788571569
0.12	3.71996421126897
0.121	4.21629020516112
0.122	2.35983969523055
0.123	-0.60618794383282
0.124	-0.405146514857771
0.125	1.13099107630436
0.126	2.84082706040139
0.127	3.98956744952825
0.128	1.0040744045132
0.129	-0.951055917804523
0.13	0.86707675335086
0.131	3.04510218431941
0.132	3.00945748267031
0.133	-1.43411934036418
0.134	0.0284510727250462
0.135	2.17529420840499
0.136	2.31511420179601
0.137	-1.40170038548779
0.138	-0.0963641212413974
0.139	1.63012983356112
0.14	1.37799350727644
0.141	-1.24850510405382
0.142	-0.166671608512682
0.143	1.20416901557953
0.144	1.04531856249491
0.145	-1.05980520719153
0.146	-0.535095439563771
0.147	0.709951606271481
0.148	1.31536492894795
0.149	-0.121399574196342
0.15	-1.09793561905763
0.151	-0.343501864563581
0.152	0.510046181777897
0.153	1.00904687372851
0.154	0.501336569066581
0.155	-0.52610023617635
0.156	-0.69594270499772
0.157	-0.202909827457302
0.158	0.3468602253403
0.159	0.763593436760903
0.16	0.795304944950836
0.161	0.386202434815112
0.162	0.0203741248063817
0.163	-0.030407873067877
0.164	0.234301665580126
0.165	0.630265138898444
0.166	1.09271090102315
0.167	1.34640817560498
0.168	1.15454917580253
0.169	0.601641750662888
0.17	0.272049969582705
0.171	0.503644517719042
0.172	0.99453760478508
0.173	1.44840635428503
0.174	1.57428956697143
0.175	0.995560100206708
0.176	0.317907277077824
0.177	0.569084875558221
0.178	1.11377124270535
0.179	1.47887394675102
0.18	1.12746727805186
0.181	0.442022595936854
0.182	0.490449256172075
0.183	0.970880867772469
0.184	1.22926354215146
0.185	0.812341910588989
0.186	0.269231712367127
0.187	0.473905061035432
0.188	0.852062696666246
0.189	1.00360225589546
0.19	0.542117925768093
0.191	0.214706217420155
0.192	0.397990058790819
0.193	0.705412903242448
0.194	0.802931065741693
0.195	0.535614311624569
0.196	0.238589140930615
0.197	0.299795300517918
0.198	0.546605187854202
0.199	0.792501080115968
0.2	0.826092740504613
0.201	0.574986050428958
0.202	0.351049142665488
0.203	0.413918172295754
0.204	0.682433090572813
0.205	1.00285668142701
0.206	1.20010720399333
0.207	1.0910228688638
0.208	0.776991180561014
0.209	0.524911877950352
0.21	0.693540160932396
0.211	1.02681312441434
0.212	1.37889468776379
0.213	1.53711980045156
0.214	1.23274572604476
0.215	0.786055794361626
0.216	0.715987744086386
0.217	1.08984938892896
0.218	1.48778139636907
0.219	1.579436498054
0.22	1.08838995120934
0.221	0.668909876534165
0.222	0.844535682719013
0.223	1.260073140349
0.224	1.4162529662708
0.225	0.978221168522624
0.226	0.555113691550771
0.227	0.742258514292001
0.228	1.08979815686191
0.229	1.17699083299679
0.23	0.756604190164915
0.231	0.417780418587356
0.232	0.618971507656683
0.233	0.89924972812273
0.234	0.958843035430195
0.235	0.630764151780069
0.236	0.368610698063631
0.237	0.506542812505605
0.238	0.75788749973592
0.239	0.909972263591739
0.24	0.770749989826717
0.241	0.491173901394867
0.242	0.413649617021078
0.243	0.636935381830162
0.244	0.889613918910186
0.245	1.04898160547007
0.246	0.895744096163644
0.247	0.592798102598225
0.248	0.487237174837276
0.249	0.721877146702297
0.25	1.02472853980227
0.251	1.28289333004686
0.252	1.17119123962839
0.253	0.785336692022071
0.254	0.563002568211872
0.255	0.769805747795283
0.256	1.12891660562887
0.257	1.35147201713186
0.258	1.24524549850179
0.259	0.819270645037095
0.26	0.644250624283274
0.261	0.889216391236521
0.262	1.25259205413107
0.263	1.37591722157198
0.264	1.01157555115926
0.265	0.62715100991896
0.266	0.721372978596667
0.267	1.07880514529778
0.268	1.27913107707791
0.269	1.01275607138047
0.27	0.597116562086077
0.271	0.583483641662425
0.272	0.894375445214425
0.273	1.10311036530595
0.274	0.944832994689847
0.275	0.557160422339228
0.276	0.465085649926102
0.277	0.746126674281688
0.278	0.9673714761046
0.279	0.97856045974724
0.28	0.649455050561545
0.281	0.436294291420923
0.282	0.599425237383534
0.283	0.862759511126392
0.284	1.0352747804602
0.285	0.901843894184739
0.286	0.590895764581118
0.287	0.488231741818682
0.288	0.69871126014787
0.289	0.987167184937289
0.29	1.15876482420779
0.291	0.982891716531459
0.292	0.640763880987356
0.293	0.545910003716946
0.294	0.797561474598264
0.295	1.09515774319128
0.296	1.27356176954312
0.297	1.05991756715894
0.298	0.70820587363722
0.299	0.598182368977159
0.3	0.912070017513866
0.301	1.24169055987695
0.302	1.3031675638934
0.303	0.968852364800256
0.304	0.626173332662562
0.305	0.692913541314869
0.306	1.04148824677854
0.307	1.24569654640988
0.308	1.06653340797438
0.309	0.66545712207316
0.31	0.595764855910306
0.311	0.870229919954583
0.312	1.14012565756653
0.313	1.11047293988512
0.314	0.727583670187922
0.315	0.488211698626426
0.316	0.70499284340577
0.317	0.995372954691981
0.318	1.09900031919069
0.319	0.812356916237721
0.32	0.496255287986124
0.321	0.556947632909354
0.322	0.854897181223766
0.323	1.05649488510538
0.324	0.980163926385964
0.325	0.633517618669303
0.326	0.468199292123419
0.327	0.687212101727803
0.328	0.961088634806198
0.329	1.1160943584709
0.33	0.935170717672348
0.331	0.634207365533795
0.332	0.523601017389795
0.333	0.791639184052258
0.334	1.09251373119511
0.335	1.2045376976438
0.336	0.941385843591268
0.337	0.628125829946234
0.338	0.593549338306725
0.339	0.906953193420727
0.34	1.18939040489276
0.341	1.20612980222972
0.342	0.856723079706012
0.343	0.569085158557298
0.344	0.712770527682592
0.345	1.02898480862596
0.346	1.25189553410026
0.347	1.07429365170317
0.348	0.686899836381596
0.349	0.544310502280929
0.35	0.841285736691039
0.351	1.15317116613955
0.352	1.17923524571251
0.353	0.825457151896049
0.354	0.552784844224711
0.355	0.662738852779502
0.356	0.996374427748179
0.357	1.14921170750833
0.358	0.953996292724413
0.359	0.575456947852642
0.36	0.547344231281221
0.361	0.814427741981405
0.362	1.0784747972453
0.363	1.07496856906986
0.364	0.739054482081062
0.365	0.487578246805087
0.366	0.647054450987365
0.367	0.951537913506348
0.368	1.13855255080663
0.369	0.978473585746318
0.37	0.649990228363572
0.371	0.522585347953872
0.372	0.757219778334066
0.373	1.0589381872398
0.374	1.16193024958172
0.375	0.885231887580759
0.376	0.56764843251763
0.377	0.620930393270759
0.378	0.885440796072525
0.379	1.16087824243098
0.38	1.14422737188937
0.381	0.796818887447607
0.382	0.516233067194462
0.383	0.705989176142264
0.384	1.03844400445034
0.385	1.22284808517344
0.386	1.04867482503604
0.387	0.66349248865757
0.388	0.546469372565064
0.389	0.832552071116952
0.39	1.12836873922705
0.391	1.19196833563718
0.392	0.838649349796675
0.393	0.541835415491896
0.394	0.672999325460241
0.395	0.959798035413706
0.396	1.18567694511503
0.397	1.02711643867089
0.398	0.659394485163322
0.399	0.516111650428013
0.4	0.791023210104677
0.401	1.08839807405694
0.402	1.1500942341061
0.403	0.836454838169406
0.404	0.556580310030358
0.405	0.638850164915504
0.406	0.921648238297833
0.407	1.13226927141248
0.408	1.01697562622567
0.409	0.642483971456087
0.41	0.549783207468455
0.411	0.753302809780571
0.412	1.05362298404121
0.413	1.14989775538839
0.414	0.883737924526021
0.415	0.549631716430762
0.416	0.591976115728731
0.417	0.892308658026293
0.418	1.14345502356157
0.419	1.1211107011562
0.42	0.745875270753259
0.421	0.548362744348378
0.422	0.705090767963923
0.423	0.999905319540848
0.424	1.18679032398222
0.425	0.993011019991089
0.426	0.618591870397937
0.427	0.591135634725943
0.428	0.823647685906827
0.429	1.12075820119689
0.43	1.16418671784878
0.431	0.838552092364208
0.432	0.514548887492843
0.433	0.660844372802379
0.434	0.970869072367253
0.435	1.18623067229203
0.436	1.05640717445363
0.437	0.666798617439049
0.438	0.527832944421229
0.439	0.799795231251815
0.44	1.07874425172329
0.441	1.16404055691953
0.442	0.86125886305457
0.443	0.541845841664899
0.444	0.635543568995686
0.445	0.910625669725102
0.446	1.15338390605305
0.447	1.06106767773901
0.448	0.701906214238408
0.449	0.503323099682638
0.45	0.749310054242377
0.451	1.03646153311704
0.452	1.18574953491385
0.453	0.926795619470838
0.454	0.604108076526042
0.455	0.609020800203935
0.456	0.879616766386997
0.457	1.14888472948512
0.458	1.10123699745319
0.459	0.72917442859706
0.46	0.511903374286158
0.461	0.707768287818205
0.462	1.00741441423847
0.463	1.16564697880791
0.464	0.965985037352155
0.465	0.604352435268665
0.466	0.537881944082843
0.467	0.835758071280669
0.468	1.09381966144659
0.469	1.14941943563925
0.47	0.834296947529067
0.471	0.567259484422511
0.472	0.673507445691716
0.473	0.960126305578133
0.474	1.18758957996917
0.475	1.04534144565712
0.476	0.6560211312765
0.477	0.532281488530178
0.478	0.769574943060982
0.479	1.07158998450944
0.48	1.16202307383521
0.481	0.884103186404488
0.482	0.536929648637665
0.483	0.627392128309703
0.484	0.924037999327574
0.485	1.14972435919591
0.486	1.09448283221235
0.487	0.741663359550806
0.488	0.550861797449298
0.489	0.73783743678536
0.49	1.04402217212909
0.491	1.18489860705091
0.492	0.918287642816281
0.493	0.570531903333314
0.494	0.588669205835559
0.495	0.869524416511129
0.496	1.12579750244764
0.497	1.10964337476118
0.498	0.762889419478804
0.499	0.502917146806678
0.5	0.708225326201869
0.501	1.00153796822901
0.502	1.18156256319293
0.503	0.981750199909767
0.504	0.616396294127554
0.505	0.533212081702816
0.506	0.828066364621474
0.507	1.11289924455753
0.508	1.14764836914981
0.509	0.820872684942787
0.51	0.528455597477687
0.511	0.636079341528837
0.512	0.951630646000182
0.513	1.15678132465199
0.514	1.04835741430785
0.515	0.673487811173688
0.516	0.518720445150616
0.517	0.796197031654113
0.518	1.08196785898016
0.519	1.18281655172644
0.52	0.912630206413764
0.521	0.581161841456893
0.522	0.618769471210565
0.523	0.899801811860595
0.524	1.16754812731899
0.525	1.09734663104189
0.526	0.748347353492832
0.527	0.513547837295791
0.528	0.708506172586816
0.529	1.02146243083699
0.53	1.16841703171571
0.531	0.952865168855463
0.532	0.580998179741165
0.533	0.573108510702989
0.534	0.865249165970192
0.535	1.13827101241448
0.536	1.13720012847552
0.537	0.792721258823857
0.538	0.531942902890686
0.539	0.681113477705731
0.54	0.99212860683628
0.541	1.18272787229919
0.542	0.998992973874227
0.543	0.621176403658582
0.544	0.530688593770137
0.545	0.812710556747036
0.546	1.08781942459649
0.547	1.13976026910869
0.548	0.833759056484399
0.549	0.513590361737423
0.55	0.653278250982958
0.551	0.946515533865099
0.552	1.16750223806109
0.553	1.05990553444168
0.554	0.705242014990299
0.555	0.524974295281685
0.556	0.760142672231974
0.557	1.06974108753544
0.558	1.18834020532394
0.559	0.908100574814111
0.56	0.566490827610125
0.561	0.586935413031181
0.562	0.905595803847888
0.563	1.14712895754419
0.564	1.10383645900645
0.565	0.735939850079224
0.566	0.501326714827259
0.567	0.733760048606957
0.568	1.02094993806966
0.569	1.18115631106031
0.57	0.964349030984204
0.571	0.635609880908951
0.572	0.545768737240654
0.573	0.832736800856824
0.574	1.13040345224554
0.575	1.15030400429722
0.576	0.799733140369987
0.577	0.51479383619405
0.578	0.677754164971727
0.579	0.978359814045967
0.58	1.17674046452473
0.581	1.01945172885382
0.582	0.632816998322504
0.583	0.527027706536664
0.584	0.794348542469528
0.585	1.09004012923001
0.586	1.15990538864036
0.587	0.855393704121418
0.588	0.580571038772567
0.589	0.628553664222165
0.59	0.924967885462526
0.591	1.17738388898559
0.592	1.07698988189859
0.593	0.706797572044495
0.594	0.507389189843709
0.595	0.748164856627437
0.596	1.05311754681191
0.597	1.17816992776905
0.598	0.924180318653341
0.599	0.564745134332062
0.6	0.603539815357875
0.601	0.878880295332432
0.602	1.14260989669145
0.603	1.11323402596391
0.604	0.74667475547208
0.605	0.510551081364457
0.606	0.702746462405182
0.607	1.01933498058405
0.608	1.19156255527977
0.609	0.983091742475563
0.61	0.639132723430235
0.611	0.538732237706829
0.612	0.836547886744568
0.613	1.10574028354693
0.614	1.1396928721319
0.615	0.81571021587514
0.616	0.525049422823891
0.617	0.653990185163763
0.618	0.949263268950414
0.619	1.18467708058284
0.62	1.02345634121242
0.621	0.664795865170961
0.622	0.519962739877316
0.623	0.797920329555564
0.624	1.09044155239721
0.625	1.18439383015205
0.626	0.883506335280513
0.627	0.578794315620483
0.628	0.619181248120302
0.629	0.915255257390939
0.63	1.1415615335042
0.631	1.06933427732464
0.632	0.691904390556102
0.633	0.530715981407988
0.634	0.734332178016571
0.635	1.02869192253545
0.636	1.18701357096049
0.637	0.932636002076615
0.638	0.613107501240719
0.639	0.592045094996797
0.64	0.882301213310096
0.641	1.1522781395708
0.642	1.13224368087058
0.643	0.766827136403557
0.644	0.507434717867252
0.645	0.672434328797057
0.646	1.005854766001
0.647	1.15657559202351
0.648	0.971601483749561
0.649	0.598343697760264
0.65	0.573984227607149
0.651	0.817799099881574
0.652	1.09903566333579
0.653	1.14517614007437
0.654	0.830551246964491
0.655	0.531239070376991
0.656	0.648983716897125
0.657	0.96884924150685
0.658	1.18524422052551
0.659	1.05978683006024
0.66	0.682884931304772
0.661	0.523138276733526
0.662	0.757733964777842
0.663	1.06308256525745
0.664	1.17346697190471
0.665	0.890035733271666
0.666	0.55971310613077
0.667	0.627449316541281
0.668	0.904957688636487
0.669	1.15917168974169
0.67	1.09321036827783
0.671	0.738206494981198
0.672	0.504858710105502
0.673	0.723600431630033
0.674	1.04846485475474
0.675	1.19633397499906
0.676	0.96418304016185
0.677	0.621766931254973
0.678	0.561380881346932
0.679	0.854580903773965
0.68	1.11182377435484
0.681	1.12617977438361
0.682	0.756137993618816
0.683	0.523701170258606
0.684	0.697363393604533
0.685	0.993587681206564
0.686	1.18737487601786
0.687	0.988006274063098
0.688000000000001	0.629855905980543
0.689000000000001	0.533628161369966
0.690000000000001	0.805964895913993
0.691000000000001	1.11004715059394
0.692000000000001	1.14724791107808
0.693000000000001	0.833036275097721
0.694000000000001	0.559438000615455
0.695000000000001	0.647274909439475
0.696000000000001	0.941105551719096
0.697000000000001	1.15190832492592
0.698000000000001	1.03031059748789
0.699000000000001	0.658150267223739
0.700000000000001	0.540599978946758
0.701000000000001	0.761650477147979
0.702000000000001	1.07400301137548
0.703000000000001	1.17785228452232
0.704000000000001	0.904624469072935
0.705000000000001	0.559696320815263
0.706000000000001	0.592870769913462
0.707000000000001	0.902706838316806
0.708000000000001	1.15273704502136
0.709000000000001	1.1149273051139
0.710000000000001	0.746840241482392
0.711000000000001	0.552886921572582
0.712000000000001	0.71771063054931
0.713000000000001	1.02260986193983
0.714000000000001	1.18085430646772
0.715000000000001	0.956826112697748
0.716000000000001	0.625388519013488
0.717000000000001	0.598246186460028
0.718000000000001	0.838519720664746
0.719000000000001	1.12776171501242
0.720000000000001	1.13750124600461
0.721000000000001	0.790780674715526
0.722000000000001	0.50081723140985
0.723000000000001	0.680417612244537
0.724000000000001	0.989510406021877
0.725000000000001	1.17274028143541
0.726000000000001	1.00780768845097
0.727000000000001	0.626352515986182
0.728000000000001	0.53445905770395
0.729000000000001	0.813890997423076
0.730000000000001	1.09023992268412
0.731000000000001	1.13270516063421
0.732000000000001	0.812782695464609
0.733000000000001	0.529905418101034
0.734000000000001	0.64537314765428
0.735000000000001	0.919694548316605
0.736000000000001	1.15779279677411
0.737000000000001	1.04777361497619
0.738000000000001	0.693522819698477
0.739000000000001	0.511070740874313
0.740000000000001	0.760506055275077
0.741000000000001	1.05155077194645
0.742000000000001	1.19800794724144
0.743000000000001	0.940752580405029
0.744000000000001	0.613247311359798
0.745000000000001	0.60802873086085
0.746000000000001	0.880889646152768
0.747000000000001	1.1697738395255
0.748000000000001	1.12800432239752
0.749000000000001	0.765611451830424
0.750000000000001	0.526168530897299
0.751000000000001	0.702381201153487
0.752000000000001	1.00907756443073
0.753000000000001	1.17797213369264
0.754000000000001	0.97830267386606
0.755000000000001	0.603552902169706
0.756000000000001	0.544567972038435
0.757000000000001	0.842856121442571
0.758000000000001	1.10376485462356
0.759000000000001	1.14349695005925
0.760000000000001	0.80961217912397
0.761000000000001	0.555480148670557
0.762000000000001	0.675349184101674
0.763000000000001	0.962228860422697
0.764000000000001	1.18129418652353
0.765000000000001	1.00929132572302
0.766000000000001	0.627561227160969
0.767000000000001	0.562325481134631
0.768000000000001	0.778283406040928
0.769000000000001	1.07195500126212
0.770000000000001	1.13908713290411
0.771000000000001	0.850740669040241
0.772000000000001	0.519566948095474
0.773000000000001	0.641017533232494
0.774000000000001	0.940589681275547
0.775000000000001	1.15481507617233
0.776000000000001	1.06875011950901
0.777000000000001	0.72125241078328
0.778000000000001	0.518445595536316
0.779000000000001	0.74046222145018
0.780000000000001	1.03549011070999
0.781000000000001	1.18661541341434
0.782000000000001	0.919394017025784
0.783000000000001	0.576649662274158
0.784000000000001	0.593699919065882
0.785000000000001	0.870806690208592
0.786000000000001	1.12716009349902
0.787000000000001	1.13102824293838
0.788000000000001	0.785844002303986
0.789000000000001	0.504420987184298
0.790000000000001	0.69814458523607
0.791000000000001	0.998407096379625
0.792000000000001	1.19840794901937
0.793000000000001	1.02421107134442
0.794000000000001	0.66803725835839
0.795000000000001	0.539306655849482
0.796000000000001	0.81435270885808
0.797000000000001	1.10733956827692
0.798000000000001	1.17902177589677
0.799000000000001	0.843833011370233
0.800000000000001	0.531142771379818
0.801000000000001	0.642752790591763
0.802000000000001	0.945732753691076
0.803000000000001	1.15932038782906
0.804000000000001	1.0409294165355
0.805000000000001	0.662128167431701
0.806000000000001	0.513751024163148
0.807000000000001	0.791317763588592
0.808000000000001	1.06650601445516
0.809000000000001	1.17491044771533
0.810000000000001	0.883708082830955
0.811000000000001	0.562595752841699
0.812000000000001	0.612168721305592
0.813000000000001	0.891538963036535
0.814000000000001	1.15450430445837
0.815000000000001	1.07574854960725
0.816000000000001	0.709901374427629
0.817000000000001	0.501666901694141
0.818000000000001	0.718039885051636
0.819000000000001	1.01823641469264
0.820000000000001	1.17248313439029
0.821000000000001	0.963487847004814
0.822000000000001	0.589045414576897
0.823000000000001	0.554568490438662
0.824000000000001	0.85438870348982
0.825000000000001	1.13358911279032
0.826000000000001	1.16246580755145
0.827000000000001	0.831086376534903
0.828000000000001	0.551204290874279
0.829000000000001	0.657391061099168
0.830000000000001	0.980776905364753
0.831000000000001	1.19601460753987
0.832000000000001	1.0507982073133
0.833000000000001	0.685763440141473
0.834000000000001	0.524633390854709
0.835000000000001	0.797456900547945
0.836000000000001	1.07632391261581
0.837000000000001	1.16611282087369
0.838000000000001	0.877576709167688
0.839000000000001	0.56825810219518
0.840000000000001	0.639849335346514
0.841000000000001	0.927005442041957
0.842000000000001	1.15996348271619
0.843000000000001	1.06822756358189
0.844000000000001	0.703349173566686
0.845000000000001	0.512314281363233
0.846000000000001	0.749378612900505
0.847000000000001	1.05077908762084
0.848000000000001	1.17103599279968
0.849000000000001	0.888312405664016
0.850000000000001	0.550415763156759
0.851000000000001	0.569198990103142
0.852000000000001	0.894801309952579
0.853000000000001	1.12150125668566
0.854000000000001	1.08771053365365
0.855000000000001	0.722443659296177
0.856000000000001	0.500194631790413
0.857000000000001	0.709148763998672
0.858000000000001	1.00023419440355
0.859000000000001	1.17861496910954
0.860000000000001	0.977878447546742
0.861000000000001	0.648315546710755
0.862000000000001	0.540603613856107
0.863000000000001	0.82926070766183
0.864000000000001	1.12784153462907
0.865000000000001	1.18319837582188
0.866000000000001	0.854999345748225
0.867000000000001	0.539818498431303
0.868000000000001	0.649797191883328
0.869000000000001	0.962577859824051
0.870000000000001	1.16898292218581
0.871000000000001	1.06473681297151
0.872000000000001	0.678043333356854
0.873000000000001	0.543628383749198
0.874000000000001	0.764102553851702
0.875000000000001	1.06744583335628
0.876000000000001	1.18591000056213
0.877000000000001	0.90842248856517
0.878000000000001	0.594161223601369
0.879000000000001	0.614843002299838
0.880000000000001	0.916976410044
0.881000000000001	1.1609265355326
0.882000000000001	1.09523353358495
0.883000000000001	0.71941715092141
0.884000000000001	0.502847653666687
0.885000000000001	0.71319750912596
0.886000000000001	1.03854648540438
0.887000000000001	1.16351457125891
0.888000000000001	0.932915944713441
0.889000000000001	0.565710677717761
0.890000000000001	0.6021410021191
0.891000000000001	0.86182240580072
0.892000000000001	1.12030978758691
0.893000000000001	1.10548448535651
0.894000000000001	0.754554078883715
0.895000000000001	0.505073180040891
0.896000000000001	0.68027059045864
0.897000000000001	0.997537460434215
0.898000000000001	1.18163728998113
0.899000000000001	0.999119910772359
0.900000000000001	0.655322139541186
0.901000000000001	0.539634061425538
0.902000000000001	0.798826448069064
0.903000000000001	1.09103872319595
0.904000000000001	1.16977463241117
0.905000000000001	0.85374575037664
0.906000000000001	0.546718719561543
0.907000000000001	0.652788982181893
0.908000000000001	0.936986584172004
0.909000000000001	1.18546139201484
0.910000000000001	1.05966846930019
0.911000000000001	0.701889407601459
0.912000000000001	0.510574430576308
0.913000000000001	0.763963545803968
0.914000000000001	1.07386106200413
0.915000000000001	1.19130923526659
0.916000000000001	0.928737204394044
0.917000000000001	0.598468913695623
0.918000000000001	0.608307671678265
0.919000000000001	0.884893139210374
0.920000000000001	1.13284815701795
0.921000000000001	1.10192568054833
0.922000000000001	0.71714178776534
0.923000000000001	0.528707246874958
0.924000000000001	0.725983824300309
0.925000000000001	1.01901664517782
0.926000000000001	1.18132928408167
0.927000000000001	0.946806263030191
0.928000000000001	0.617454115061284
0.929000000000001	0.556142314249002
0.930000000000001	0.842341416314542
0.931000000000001	1.13698937890867
0.932000000000001	1.12746057872045
0.933000000000001	0.78119778719591
0.934000000000001	0.507545360908554
0.935000000000001	0.67349929320564
0.936000000000001	0.980379452012423
0.937000000000001	1.15026846226647
0.938000000000001	0.992312109397207
0.939000000000001	0.618450656932586
0.940000000000001	0.57277499394822
0.941000000000001	0.790765094079788
0.942000000000001	1.0873111468501
0.943000000000001	1.16084352436694
0.944000000000001	0.86295449242304
0.945000000000001	0.567447557575243
0.946000000000001	0.639084387574536
0.947000000000001	0.940336679679623
0.948000000000001	1.17623854412717
0.949000000000001	1.08809425602255
0.950000000000001	0.713127273105109
0.951000000000001	0.51936516884516
0.952000000000001	0.754429048621804
0.953000000000001	1.05504099037268
0.954000000000001	1.17256059587513
0.955000000000001	0.908323848436894
0.956000000000001	0.572527760845324
0.957000000000001	0.616701737418502
0.958000000000001	0.876776750755693
0.959000000000001	1.14604173190177
0.960000000000001	1.10420969893248
0.961000000000001	0.754350230862922
0.962000000000001	0.49603299652663
0.963000000000001	0.70779290302683
0.964000000000001	1.01189928205507
0.965000000000001	1.18722124194152
0.966000000000001	0.988348501717914
0.967000000000001	0.635025507796451
0.968000000000001	0.558768182012052
0.969000000000001	0.850040852738925
0.970000000000001	1.1087086421473
0.971000000000001	1.13276209260318
0.972000000000001	0.785311396599836
0.973000000000001	0.523375543596852
0.974000000000001	0.675625681751842
0.975000000000001	0.957840763222585
0.976000000000001	1.17452503085762
0.977000000000001	1.0069454414553
0.978000000000001	0.651371281047762
0.979000000000001	0.519659791587694
0.980000000000001	0.797880598199498
0.981000000000001	1.08332506506812
0.982000000000001	1.16585820256183
0.983000000000001	0.874204289046405
0.984000000000001	0.574582229384885
0.985000000000001	0.641586531990397
0.986000000000001	0.921528227970927
0.987000000000001	1.1639392308727
0.988000000000001	1.06139105376189
0.989000000000001	0.685675129868918
0.990000000000001	0.527565672853596
0.991000000000001	0.745354601875485
0.992000000000001	1.04789611026618
0.993000000000001	1.17559751575446
0.994000000000001	0.930539592528588
0.995000000000001	0.574281610839008
0.996000000000001	0.572263152678797
0.997000000000001	0.889308638329807
0.998000000000001	1.13220582318678
0.999000000000001	1.12740292178429
1	0.766215560539503
1.001	0.551544351345634
1.002	0.71006631873847
1.003	1.00522344138483
1.004	1.1829250681749
1.005	0.982706344385499
1.006	0.610696319399445
1.007	0.575185384514743
1.008	0.813459700060903
1.009	1.09723960491494
1.01	1.14429898717109
1.011	0.824079944833561
1.012	0.50798824357769
1.013	0.67123432732756
1.014	0.989404237070112
1.015	1.17599056584732
1.016	1.03574271121421
1.017	0.655755456156337
1.018	0.523502498776678
1.019	0.794767952492165
1.02	1.06604680875824
1.021	1.14999584607693
1.022	0.843607138153048
1.023	0.54370552890589
1.024	0.621238818976448
1.025	0.909561986243762
1.026	1.14405811832541
1.027	1.0804296401373
1.028	0.72607533059637
1.029	0.506246543005865
1.03	0.753311489509263
1.031	1.04173664865548
1.032	1.21049926530229
1.033	0.959109019835944
1.034	0.59809891340747
1.035	0.590861866206421
1.036	0.8611632792381
1.037	1.14838024277114
1.038	1.12984539047455
1.039	0.765574820714403
1.04	0.519950041967188
1.041	0.682183833486083
1.042	0.996671291087562
1.043	1.16575655440094
1.044	1.0009309605122
1.045	0.625421113599355
1.046	0.532807578231548
1.047	0.837027101772573
1.048	1.10108041038646
1.049	1.16786094676458
1.05	0.839040306654395
1.051	0.571716994523904
1.05199999999999	0.65596128032973
1.05299999999999	0.940464365361271
1.05399999999999	1.16847476430282
1.05499999999999	1.02773553254611
1.05599999999999	0.657530519681637
1.05699999999999	0.529815373530249
1.05799999999999	0.766263483352748
1.05899999999999	1.0766306191204
1.05999999999999	1.15820079326619
1.06099999999999	0.878702950896153
1.06199999999999	0.53308728023263
1.06299999999999	0.621797684121636
1.06399999999999	0.919813509316801
1.06499999999999	1.1448694300139
1.06599999999999	1.08626987849568
1.06699999999999	0.737562678028989
1.06799999999999	0.520711003424492
1.06899999999999	0.716296878595635
1.06999999999999	1.02723393957111
1.07099999999999	1.18289734127675
1.07199999999999	0.950012189717008
1.07299999999999	0.592448558863813
1.07399999999999	0.563419657455106
1.07499999999999	0.863769580606913
1.07599999999999	1.12822747658369
1.07699999999999	1.14323359461475
1.07799999999999	0.798957883560699
1.07899999999999	0.50379135892382
1.07999999999999	0.680957795135938
1.08099999999999	0.985189130763909
1.08199999999999	1.18535642442957
1.08299999999999	1.02349009222674
1.08399999999999	0.677561866933197
1.08499999999999	0.539881350005929
1.08599999999999	0.795747786870508
1.08699999999999	1.10056946846952
1.08799999999999	1.17531784581847
1.08899999999999	0.862506779719516
1.08999999999999	0.541360155572925
1.09099999999999	0.635768141212605
1.09199999999999	0.950567978642129
1.09299999999999	1.1659806189902
1.09399999999999	1.05668979218687
1.09499999999999	0.672713811349033
1.09599999999999	0.503928276309491
1.09699999999999	0.77579883994827
1.09799999999999	1.05907384972516
1.09899999999999	1.15863516701533
1.09999999999999	0.893171423164334
1.10099999999999	0.572782053444708
1.10199999999999	0.605589034161269
1.10299999999999	0.886153042554916
1.10399999999999	1.15832062163889
1.10499999999999	1.0944325548756
1.10599999999999	0.727028595012315
1.10699999999999	0.502198609989739
1.10799999999999	0.70643088996773
1.10899999999999	1.02127061230921
1.10999999999999	1.17608286007796
1.11099999999999	0.969446876772661
1.11199999999999	0.585496736809267
1.11299999999999	0.546889304634741
1.11399999999999	0.834218360006286
1.11499999999999	1.12861557741288
1.11599999999999	1.14660581187256
1.11699999999999	0.828492724993765
1.11799999999999	0.552899554414224
1.11899999999999	0.666323928027991
1.11999999999999	0.97821763955253
1.12099999999999	1.20034688767387
1.12199999999999	1.04889235152427
1.12299999999999	0.692205108007378
1.12399999999999	0.522721765106982
1.12499999999999	0.78632507385739
1.12599999999999	1.08183987764719
1.12699999999999	1.16358368691769
1.12799999999999	0.877039934941435
1.12899999999999	0.566896019545768
1.12999999999999	0.637564959573992
1.13099999999999	0.918535964232847
1.13199999999999	1.15966708051028
1.13299999999999	1.07008486733799
1.13399999999999	0.716517349122459
1.13499999999999	0.514945823032298
1.13599999999999	0.749547883969499
1.13699999999999	1.05699421410676
1.13799999999999	1.18504302303139
1.13899999999999	0.898696988481041
1.13999999999999	0.551983785921816
1.14099999999999	0.562726185424893
1.14199999999999	0.886543721233412
1.14299999999998	1.12012334008166
1.14399999999998	1.07636041645042
1.14499999999998	0.718674794612982
1.14599999999998	0.50032722290664
1.14699999999998	0.70914431809214
1.14799999999998	0.997037155944477
1.14899999999998	1.17381738252411
1.14999999999998	0.981560939222434
1.15099999999998	0.652110667841809
1.15199999999998	0.546190856364802
1.15299999999998	0.836796863547785
1.15399999999998	1.12921717150458
1.15499999999998	1.18812588091529
1.15599999999998	0.853873280483895
1.15699999999998	0.536698601097817
1.15799999999998	0.651800437254337
1.15899999999998	0.95651056213375
1.15999999999998	1.16847795870782
1.16099999999998	1.04153056537862
1.16199999999998	0.663177446042467
1.16299999999998	0.542043277978603
1.16399999999998	0.779908896359959
1.16499999999998	1.07100477715381
1.16599999999998	1.18096203636744
1.16699999999998	0.896487615253393
1.16799999999998	0.592733405662323
1.16899999999998	0.613829238862017
1.16999999999998	0.917079328683147
1.17099999999998	1.16643769026525
1.17199999999998	1.09221118373435
1.17299999999998	0.710926334945603
1.17399999999998	0.500662860822619
1.17499999999998	0.712984840286634
1.17599999999998	1.03363992559182
1.17699999999998	1.15835598391813
1.17799999999998	0.925918447952306
1.17899999999998	0.567089389783753
1.17999999999998	0.604407518228494
1.18099999999998	0.869243619663646
1.18199999999998	1.13058241598694
1.18299999999998	1.13209875391828
1.18399999999998	0.753313544059071
1.18499999999998	0.509211305122448
1.18599999999998	0.680733917262782
1.18699999999998	1.00062364151831
1.18799999999998	1.18263598487329
1.18899999999998	0.9959682512379
1.18999999999998	0.648470627010709
1.19099999999998	0.538723218814031
1.19199999999998	0.804202030808263
1.19299999999998	1.08755009229388
1.19399999999998	1.15515806421698
1.19499999999998	0.842785738338822
1.19599999999998	0.572976027811005
1.19699999999998	0.665406005898564
1.19799999999998	0.9504676288804
1.19899999999998	1.19012254966416
1.19999999999998	1.0566449329452
1.20099999999998	0.689216056451407
1.20199999999998	0.515748037229858
1.20299999999998	0.770243278951666
1.20399999999998	1.07582324033129
1.20499999999998	1.18405551891005
1.20599999999998	0.886183648220149
1.20699999999998	0.576541104990789
1.20799999999998	0.594635344202474
1.20899999999998	0.903430934689877
1.20999999999998	1.12991358912142
1.21099999999998	1.07299854642079
1.21199999999998	0.697229526885756
1.21299999999998	0.526797335580124
1.21399999999998	0.72753467089696
1.21499999999998	1.02411131232402
1.21599999999998	1.18425670538333
1.21699999999998	0.946296548016951
1.21799999999998	0.613571117025352
1.21899999999998	0.565095441451529
1.21999999999998	0.848243496307081
1.22099999999998	1.14535209940148
1.22199999999998	1.1320578616046
1.22299999999998	0.785284705622705
1.22399999999998	0.513176968801824
1.22499999999998	0.679807188400672
1.22599999999998	0.992336616084099
1.22699999999998	1.16255921566087
1.22799999999998	0.998215944363418
1.22899999999998	0.624604062635045
1.22999999999998	0.576949260030763
1.23099999999998	0.795608477005306
1.23199999999998	1.09391563853331
1.23299999999998	1.16254368696766
1.23399999999997	0.857779003022482
1.23499999999997	0.564121177379405
1.23599999999997	0.644514637316871
1.23699999999997	0.944307525026045
1.23799999999997	1.17398730854736
1.23899999999997	1.07243384993263
1.23999999999997	0.695196588926998
1.24099999999997	0.520733486337145
1.24199999999997	0.762925123359427
1.24299999999997	1.06802626748074
1.24399999999997	1.17359476507523
1.24499999999997	0.890247821658216
1.24599999999997	0.564258259895725
1.24699999999997	0.614373084529036
1.24799999999997	0.878315753645931
1.24899999999997	1.14849752259078
1.24999999999997	1.08731588287689
1.25099999999997	0.732310776291406
1.25199999999997	0.497080213783396
1.25299999999997	0.712607083628982
1.25399999999997	1.02011837786489
1.25499999999997	1.18074813337905
1.25599999999997	0.971363151821216
1.25699999999997	0.62769830510385
1.25799999999997	0.559465418907738
1.25899999999997	0.847480782008785
1.25999999999997	1.11768962431398
1.26099999999997	1.13132972883065
1.26199999999997	0.782857260009811
1.26299999999997	0.527275870606949
1.26399999999997	0.676788576128172
1.26499999999997	0.958381339330786
1.26599999999997	1.17967164229135
1.26699999999997	1.01896561437317
1.26799999999997	0.660335358917754
1.26899999999997	0.525015489615207
1.26999999999997	0.793139621179447
1.27099999999997	1.08998105765602
1.27199999999997	1.18193925230272
1.27299999999997	0.886091145110487
1.27399999999997	0.580157414320342
1.27499999999997	0.631412697104924
1.27599999999997	0.914314348348655
1.27699999999997	1.17462486909694
1.27799999999997	1.0772418727798
1.27899999999997	0.6893272952175
1.27999999999997	0.528715090941046
1.28099999999997	0.740556104061176
1.28199999999997	1.04433692715518
1.28299999999997	1.17727404450213
1.28399999999997	0.932477248134815
1.28499999999997	0.570558351900214
1.28599999999997	0.569635797220146
1.28699999999997	0.887417370850424
1.28799999999997	1.13710959993993
1.28899999999997	1.12773427953485
1.28999999999997	0.760352268948383
1.29099999999997	0.54707823696753
1.29199999999997	0.702067336406523
1.29299999999997	0.99222520811153
1.29399999999997	1.18177048319343
1.29499999999997	0.977145476447806
1.29599999999997	0.628247899355101
1.29699999999997	0.578799450693362
1.29799999999997	0.812432230507653
1.29899999999997	1.10046836865202
1.29999999999997	1.13554621663686
1.30099999999997	0.815216063065791
1.30199999999997	0.506770873806615
1.30299999999997	0.665557015979976
1.30399999999997	0.979628374277073
1.30499999999997	1.17586484624252
1.30599999999997	1.0294434983769
1.30699999999997	0.654132114661374
1.30799999999997	0.513025165075456
1.30899999999997	0.786683372550333
1.30999999999997	1.06358310973288
1.31099999999997	1.16194028317861
1.31199999999997	0.858167714409634
1.31299999999997	0.549744797005887
1.31399999999997	0.621912302143796
1.31499999999997	0.900179800402007
1.31599999999997	1.1462884026215
1.31699999999997	1.10358604331675
1.31799999999997	0.746265560379851
1.31899999999997	0.501288140512175
1.31999999999997	0.735815189212812
1.32099999999997	1.03049809864715
1.32199999999997	1.2186654322241
1.32299999999997	0.988023304082365
1.32399999999996	0.612017407193212
1.32499999999996	0.583188122171114
1.32599999999996	0.846080334844478
1.32699999999996	1.13427839341127
1.32799999999996	1.15286378714941
1.32899999999996	0.801904880304355
1.32999999999996	0.523522179307749
1.33099999999996	0.677802911719945
1.33199999999996	0.979337073130661
1.33299999999996	1.1652374750585
1.33399999999996	1.0049788211948
1.33499999999996	0.632444606109726
1.33599999999996	0.53015897175479
1.33699999999996	0.819776879475367
1.33799999999996	1.0894458312396
1.33899999999996	1.17032095179392
1.33999999999996	0.84395025654064
1.34099999999996	0.568298356435779
1.34199999999996	0.643540173907478
1.34299999999996	0.930679411048689
1.34399999999996	1.16826528210014
1.34499999999996	1.0323138589117
1.34599999999996	0.661425234628239
1.34699999999996	0.518123485026078
1.34799999999996	0.752840170149803
1.34899999999996	1.05732662661299
1.34999999999996	1.16298081053601
1.35099999999996	0.894802684440028
1.35199999999996	0.545220894265985
1.35299999999996	0.573390050950952
1.35399999999996	0.892658778332515
1.35499999999996	1.14193150623461
1.35599999999996	1.1191081691278
1.35699999999996	0.770486401076858
1.35799999999996	0.531072436111199
1.35899999999996	0.693729127278121
1.35999999999996	1.01730580401082
1.36099999999996	1.19983174820618
1.36199999999996	1.00603540163676
1.36299999999996	0.624444043081675
1.36399999999996	0.533890491118896
1.36499999999996	0.836821530518767
1.36599999999996	1.10751821129422
1.36699999999996	1.16718266888168
1.36799999999996	0.847880545056737
1.36899999999996	0.527288214543628
1.36999999999996	0.658919493820845
1.37099999999996	0.956816393502536
1.37199999999996	1.18299916037997
1.37299999999996	1.06991853238222
1.37399999999996	0.702267272268585
1.37499999999996	0.524707643930279
1.37599999999996	0.777328503230309
1.37699999999996	1.07985527506062
1.37799999999996	1.18625038509373
1.37899999999996	0.886994967516964
1.37999999999996	0.549059577225397
1.38099999999996	0.607157211013412
1.38199999999996	0.927207588862981
1.38299999999996	1.14938228463614
1.38399999999996	1.07633015161464
1.38499999999996	0.689728261550958
1.38599999999996	0.499582708549343
1.38699999999996	0.746791259890949
1.38799999999996	1.03910808364989
1.38899999999996	1.15783555406054
1.38999999999996	0.915413420197476
1.39099999999996	0.582958129896036
1.39199999999996	0.578098940725745
1.39299999999996	0.863969347857629
1.39399999999996	1.1421717265484
1.39499999999996	1.12412294581536
1.39599999999996	0.760875327910264
1.39699999999996	0.504807847678915
1.39799999999996	0.673182762270735
1.39899999999996	0.992159980290028
1.39999999999996	1.17481016229877
1.40099999999996	1.00566765598493
1.40199999999996	0.625812653580322
1.40299999999996	0.553653619583326
1.40399999999996	0.806205531530762
1.40499999999996	1.10399207579214
1.40599999999996	1.16782069398707
1.40699999999996	0.869990697372469
1.40799999999996	0.564397128407115
1.40899999999996	0.638496275340281
1.40999999999996	0.950629563528148
1.41099999999996	1.1851799447818
1.41199999999996	1.09201683136238
1.41299999999996	0.730851935044371
1.41399999999996	0.520653477013674
1.41499999999995	0.740526595660378
1.41599999999995	1.06327758438658
1.41699999999995	1.17562288164628
1.41799999999995	0.925947631582469
1.41899999999995	0.587235696849568
1.41999999999995	0.625418606862473
1.42099999999995	0.895438158351488
1.42199999999995	1.13864840364073
1.42299999999995	1.0905985559687
1.42399999999995	0.738109516158587
1.42499999999995	0.509711032791371
1.42599999999995	0.713267367960566
1.42699999999995	1.02804061307122
1.42799999999995	1.18039518132268
1.42899999999995	0.92850001745386
1.42999999999995	0.593050705331559
1.43099999999995	0.55808464516705
1.43199999999995	0.851589260160239
1.43299999999995	1.09966433802208
1.43399999999995	1.08704630207782
1.43499999999995	0.753681439911534
1.43599999999995	0.507459767640108
1.43699999999995	0.68274679978003
1.43799999999995	0.969563611120723
1.43899999999995	1.17769982223214
1.43999999999995	1.00887059226571
1.44099999999995	0.645546660130876
1.44199999999995	0.528269309139888
1.44299999999995	0.798680495449887
1.44399999999995	1.10652640234452
1.44499999999995	1.19109693144597
1.44599999999995	0.890579314090132
1.44699999999995	0.583892522124219
1.44799999999995	0.635270380961802
1.44899999999995	0.923531000013734
1.44999999999995	1.15529733761819
1.45099999999995	1.09828013205943
1.45199999999995	0.709716860764647
1.45299999999995	0.539819852791221
1.45399999999995	0.752467399041074
1.45499999999995	1.04835937053301
1.45599999999995	1.19905063941821
1.45699999999995	0.944751673255184
1.45799999999995	0.614848747489974
1.45899999999995	0.595974471173175
1.45999999999995	0.869895768910487
1.46099999999995	1.16524263687189
1.46199999999995	1.11918978036712
1.46299999999995	0.747865561771074
1.46399999999995	0.502406940053408
1.46499999999995	0.701060341016979
1.46599999999995	1.0129779335436
1.46699999999995	1.14726283027276
1.46799999999995	0.938758534208816
1.46899999999995	0.574382851479573
1.46999999999995	0.58404599733384
1.47099999999995	0.826502201042161
1.47199999999995	1.1002737734692
1.47299999999995	1.11411966984933
1.47399999999995	0.773406399065839
1.47499999999995	0.509368717293703
1.47599999999995	0.672522563178566
1.47699999999995	0.967606970313867
1.47799999999995	1.17558858407819
1.47899999999995	1.03208622171781
1.47999999999995	0.685692772478777
1.48099999999995	0.538650842265084
1.48199999999995	0.788518986267483
1.48299999999995	1.08105582255762
1.48399999999995	1.17025823896706
1.48499999999995	0.880306059567424
1.48599999999995	0.55842178475607
1.48699999999995	0.641869309888056
1.48799999999995	0.910556523070764
1.48899999999995	1.17595668285585
1.48999999999995	1.09492378642613
1.49099999999995	0.734816049081865
1.49199999999995	0.505466145388777
1.49299999999995	0.737533334284754
1.49399999999995	1.0462371521706
1.49499999999995	1.19567282448242
1.49599999999995	0.96568834957742
1.49699999999995	0.617764464575477
1.49799999999995	0.576102038247043
1.49899999999995	0.875387839230363
1.49999999999995	1.12279328016326
1.50099999999995	1.11499065217984
1.50199999999995	0.743664545854567
1.50299999999995	0.516942715909831
1.50399999999995	0.698170984255273
1.50499999999995	0.97916847692797
1.50599999999994	1.18744871544939
1.50699999999994	0.972798599089314
1.50799999999994	0.615785791100757
1.50899999999994	0.543031415355992
1.50999999999994	0.83523974085308
1.51099999999994	1.11804644600793
1.51199999999994	1.13670152512411
1.51299999999994	0.819321985466351
1.51399999999994	0.552278137751848
1.51499999999994	0.661666624298832
1.51599999999994	0.956503809037554
1.51699999999994	1.15333443450297
1.51799999999994	1.01360853633954
1.51899999999994	0.639731354707227
1.51999999999994	0.537317104850724
1.52099999999994	0.777018202645897
1.52199999999994	1.06885747017377
1.52299999999994	1.16978357498195
1.52399999999994	0.890995346976464
1.52499999999994	0.554785552282466
1.52599999999994	0.603560992321941
1.52699999999994	0.929240216253466
1.52799999999994	1.16143342392629
1.52899999999994	1.11072962860483
1.52999999999994	0.736658741597165
1.53099999999994	0.549955292165446
1.53199999999994	0.739631365713374
1.53299999999994	1.03229790837028
1.53399999999994	1.18242389329275
1.53499999999994	0.941187618962008
1.53599999999994	0.615671442582692
1.53699999999994	0.593103515627789
1.53799999999994	0.847758734911806
1.53899999999994	1.11970969623302
1.53999999999994	1.1183793025003
1.54099999999994	0.779567408970594
1.54199999999994	0.497753796578729
1.54299999999994	0.695976296909453
1.54399999999994	1.00894908639051
1.54499999999994	1.17910851641117
1.54599999999994	0.994733237817974
1.54699999999994	0.619963447624505
1.54799999999994	0.529514037297143
1.54899999999994	0.820640298914056
1.54999999999994	1.07954230607478
1.55099999999994	1.13468025213242
1.55199999999994	0.805357709412902
1.55299999999994	0.530745090990043
1.55399999999994	0.653350517900516
1.55499999999994	0.940267709007181
1.55599999999994	1.16020161523982
1.55699999999994	1.05017975846964
1.55799999999994	0.695253695413057
1.55899999999994	0.512850086080681
1.55999999999994	0.778442160394036
1.56099999999994	1.06916047939329
1.56199999999994	1.21272654127902
1.56299999999994	0.931067193410099
1.56399999999994	0.604344983394346
1.56499999999994	0.610440204492007
1.56599999999994	0.88501908856145
1.56699999999994	1.16234353128129
1.56799999999994	1.11020674568397
1.56899999999994	0.72474865967674
1.56999999999994	0.522963407233781
1.57099999999994	0.714496698224242
1.57199999999994	1.0359339730124
1.57299999999994	1.17261119998292
1.57399999999994	0.959027851650476
1.57499999999994	0.588084814516795
1.57599999999994	0.544316742180575
1.57699999999994	0.871391226715785
1.57799999999994	1.11173446245639
1.57899999999994	1.13916140595789
1.57999999999994	0.790748983179498
1.58099999999994	0.553464171727647
1.58199999999994	0.677976580204034
1.58299999999994	0.9707439293276
1.58399999999994	1.16906786680428
1.58499999999994	0.990910630783602
1.58599999999994	0.621885465635425
1.58699999999994	0.569321166913319
1.58799999999994	0.80115640200004
1.58899999999994	1.09950245353719
1.58999999999994	1.14940745801608
1.59099999999994	0.838333046859821
1.59199999999994	0.511680308985472
1.59299999999994	0.637771245437103
1.59399999999994	0.954359338041249
1.59499999999994	1.15465725678591
1.59599999999994	1.05271949989213
1.59699999999993	0.706301223202761
1.59799999999993	0.518871535462079
1.59899999999993	0.753963078019018
1.59999999999993	1.04858452955548
1.60099999999993	1.17632464698737
1.60199999999993	0.906284358016402
1.60299999999993	0.572073828108804
1.60399999999993	0.600995789914711
1.60499999999993	0.890260504844936
1.60599999999993	1.14822609010972
1.60699999999993	1.12853992217043
1.60799999999993	0.767326573683473
1.60899999999993	0.499394566873018
1.60999999999993	0.7079478689548
1.61099999999993	1.01147022813798
1.61199999999993	1.19698338479271
1.61299999999993	0.991392203422241
1.61399999999993	0.626827805198897
1.61499999999993	0.577764729751629
1.61599999999993	0.826849815244021
1.61699999999993	1.12678182941594
1.61799999999993	1.1528680405964
1.61899999999993	0.823057412007582
1.61999999999993	0.526875721306029
1.62099999999993	0.658023957516401
1.62199999999993	0.977527525096595
1.62299999999993	1.16550998464324
1.62399999999993	1.01607604885908
1.62499999999993	0.642756948885777
1.62599999999993	0.518518167507837
1.62699999999993	0.802085070927811
1.62799999999993	1.080802965063
1.62899999999993	1.1588316557038
1.62999999999993	0.862241769585831
1.63099999999993	0.554800358094997
1.63199999999993	0.63222794483572
1.63299999999993	0.920362156067138
1.63399999999993	1.17746839703637
1.63499999999993	1.06280454020687
1.63599999999993	0.688507842481105
1.63699999999993	0.508731671625675
1.63799999999993	0.730517305025937
1.63899999999993	1.04957320275207
1.63999999999993	1.16453954534
1.64099999999993	0.926937565040381
1.64199999999993	0.559483886641358
1.64299999999993	0.562671676624359
1.64399999999993	0.865151272982265
1.64499999999993	1.13423446015964
1.64599999999993	1.13267741864829
1.64699999999993	0.798063215440252
1.64799999999993	0.546569511390856
1.64899999999993	0.689879221876642
1.64999999999993	1.01101530388842
1.65099999999993	1.2106878769083
1.65199999999993	1.02670074316399
1.65299999999993	0.637711182473655
1.65399999999993	0.525087533984702
1.65499999999993	0.816378410849697
1.65599999999993	1.098806360686
1.65699999999993	1.15377278174543
1.65799999999993	0.842131166647121
1.65899999999993	0.523548540824324
1.65999999999993	0.656024918969423
1.66099999999993	0.941603012933116
1.66199999999993	1.17654072745379
1.66299999999993	1.06402058918545
1.66399999999993	0.710169377307763
1.66499999999993	0.522673151415909
1.66599999999993	0.771594128560861
1.66699999999993	1.08244464284864
1.66799999999993	1.19356104218863
1.66899999999993	0.892988461472141
1.66999999999993	0.548166869222937
1.67099999999993	0.596290833400952
1.67199999999993	0.914917080871071
1.67299999999993	1.14133083107486
1.67399999999993	1.06854870970304
1.67499999999993	0.696787191436044
1.67599999999993	0.502746149006717
1.67699999999993	0.739783889133772
1.67799999999993	1.03351483254246
1.67899999999993	1.16549691514565
1.67999999999993	0.936301199958762
1.68099999999993	0.619329669202141
1.68199999999993	0.576446554241283
1.68299999999993	0.854268919506278
1.68399999999993	1.1435246875107
1.68499999999993	1.1313386198882
1.68599999999993	0.769036709300043
1.68699999999993	0.502214498459403
1.68799999999992	0.667176889789728
1.68899999999992	0.980594929222718
1.68999999999992	1.16648374553355
1.69099999999992	0.99267614370858
1.69199999999992	0.623971830877487
1.69299999999992	0.557247582103586
1.69399999999992	0.809856249073372
1.69499999999992	1.10432203023584
1.69599999999992	1.17080372447156
1.69699999999992	0.871657951051524
1.69799999999992	0.585295558384159
1.69899999999992	0.632474432982981
1.69999999999992	0.945304804924237
1.70099999999992	1.18040707430624
1.70199999999992	1.08138525449689
1.70299999999992	0.718371712655031
1.70399999999992	0.51752366119303
1.70499999999992	0.740596489613201
1.70599999999992	1.04854743950601
1.70699999999992	1.16686545769327
1.70799999999992	0.913015619145844
1.70899999999992	0.586230244404748
1.70999999999992	0.624983143751428
1.71099999999992	0.900498973108873
1.71199999999992	1.14828504441045
1.71299999999992	1.09725353059524
1.71399999999992	0.74112557486211
1.71499999999992	0.5102268463397
1.71599999999992	0.707906151014087
1.71699999999992	1.02843117434435
1.71799999999992	1.17674462328698
1.71899999999992	0.929816927790433
1.71999999999992	0.573730263258779
1.72099999999992	0.549167846578047
1.72199999999992	0.852469860787738
1.72299999999992	1.10526473472712
1.72399999999992	1.09770540923322
1.72499999999992	0.768437015232137
1.72599999999992	0.51317829185013
1.72699999999992	0.683087598708922
1.72799999999992	0.970633986874997
1.72899999999992	1.19115467547062
1.72999999999992	1.02024877565981
1.73099999999992	0.681249841742383
1.73199999999992	0.531719886791095
1.73299999999992	0.792551167097208
1.73399999999992	1.09821590814184
1.73499999999992	1.19488891143663
1.73599999999992	0.88173025951845
1.73699999999992	0.578342511001095
1.73799999999992	0.617074269420785
1.73899999999992	0.930619035290716
1.73999999999992	1.15702730118404
1.74099999999992	1.08756404280027
1.74199999999992	0.702241853039279
1.74299999999992	0.536379281304476
1.74399999999992	0.745902453579517
1.74499999999992	1.04675963432121
1.74599999999992	1.19313571138306
1.74699999999992	0.93717191231462
1.74799999999992	0.605923440476417
1.74899999999992	0.598360171201168
1.74999999999992	0.871879276161176
1.75099999999992	1.14812061542159
1.75199999999992	1.11234822252098
1.75299999999992	0.740623458172232
1.75399999999992	0.50348890060137
1.75499999999992	0.702412471989151
1.75599999999992	1.02072812979267
1.75699999999992	1.15843954842574
1.75799999999992	0.945170557063319
1.75899999999992	0.580924128107913
1.75999999999992	0.588189397952755
1.76099999999992	0.825625118236465
1.76199999999992	1.10190301816481
1.76299999999992	1.11953846411676
1.76399999999992	0.780334372244755
1.76499999999992	0.51260343719361
1.76599999999992	0.671366919537491
1.76699999999992	0.969813951950675
1.76799999999992	1.17884867695215
1.76899999999992	1.03313205864608
1.76999999999992	0.683896239771142
1.77099999999992	0.536378846649581
1.77199999999992	0.781838206781485
1.77299999999992	1.08726390082324
1.77399999999992	1.17987790527768
1.77499999999992	0.878315694013559
1.77599999999992	0.561777146774979
1.77699999999992	0.630812643494761
1.77799999999991	0.905033661521555
1.77899999999991	1.17392284514044
1.77999999999991	1.09333133084491
1.78099999999991	0.729447369743438
1.78199999999991	0.504418838348262
1.78299999999991	0.736644487397964
1.78399999999991	1.04552002208752
1.78499999999991	1.19561371861403
1.78599999999991	0.956497560386177
1.78699999999991	0.615554955807191
1.78799999999991	0.573507354392098
1.78899999999991	0.86728037200311
1.78999999999991	1.1271430730929
1.79099999999991	1.11406587062132
1.79199999999991	0.745234746923009
1.79299999999991	0.523407413956411
1.79399999999991	0.69931737286285
1.79499999999991	0.980337285159896
1.79599999999991	1.17733637109643
1.79699999999991	0.979460203416941
1.79799999999991	0.622186141293522
1.79899999999991	0.542847042432539
1.79999999999991	0.828646846251755
1.80099999999991	1.11991108794772
1.80199999999991	1.16071715939082
1.80299999999991	0.822298949836788
1.80399999999991	0.552161258308964
1.80499999999991	0.652029536156542
1.80599999999991	0.946282169422138
1.80699999999991	1.15814549096388
1.80799999999991	1.02690779652845
1.80899999999991	0.646384053209482
1.80999999999991	0.539470010218511
1.81099999999991	0.769101910272594
1.81199999999991	1.06591251028445
1.81299999999991	1.17385002554805
1.81399999999991	0.900574321515546
1.81499999999991	0.553019494938324
1.81599999999991	0.591645256645081
1.81699999999991	0.918228827989411
1.81799999999991	1.16345049243617
1.81899999999991	1.13530825837061
1.81999999999991	0.736257505053875
1.82099999999991	0.548249351730004
1.82199999999991	0.722638535083118
1.82299999999991	1.01726721655349
1.82399999999991	1.18575190830911
1.82499999999991	0.949170145850915
1.82599999999991	0.615383023702172
1.82699999999991	0.595335031624725
1.82799999999991	0.839056895015325
1.82899999999991	1.11695913607267
1.82999999999991	1.12303730717319
1.83099999999991	0.783654569745155
1.83199999999991	0.499396585929011
1.83299999999991	0.683642005396776
1.83399999999991	0.999058955374238
1.83499999999991	1.18690985410253
1.83599999999991	1.00255744305512
1.83699999999991	0.62649520659744
1.83799999999991	0.523046043542316
1.83899999999991	0.815599797216094
1.83999999999991	1.07980809146063
1.84099999999991	1.14584088073698
1.84199999999991	0.818676931573591
1.84299999999991	0.533272095530123
1.84399999999991	0.648772515796949
1.84499999999991	0.931619036490289
1.84599999999991	1.15736322803104
1.84699999999991	1.06554737086642
1.84799999999991	0.706689942060789
1.84899999999991	0.503756796733441
1.84999999999991	0.758735361179521
1.85099999999991	1.05323804798728
1.85199999999991	1.21650416866675
1.85299999999991	0.950275393104632
1.85399999999991	0.58537730748895
1.85499999999991	0.599459771153081
1.85599999999991	0.873754379522685
1.85699999999991	1.14832714015981
1.85799999999991	1.13262220973427
1.85899999999991	0.750609021007451
1.85999999999991	0.516434265741788
1.86099999999991	0.700642152142178
1.86199999999991	1.01117657217232
1.86299999999991	1.17598341965768
1.86399999999991	0.991092511049752
1.86499999999991	0.617422082179629
1.86599999999991	0.540520839261065
1.86699999999991	0.84385813812773
1.86799999999991	1.10321059935052
1.8689999999999	1.17001066794753
1.8699999999999	0.827625604775061
1.8709999999999	0.562788302126913
1.8719999999999	0.662170879702845
1.8729999999999	0.95262647633391
1.8739999999999	1.18026829459231
1.8749999999999	1.02101759292161
1.8759999999999	0.643247734201533
1.8769999999999	0.533218771410512
1.8779999999999	0.779041148139142
1.8789999999999	1.08088167310301
1.8799999999999	1.16245068268479
1.8809999999999	0.86228860642373
1.8819999999999	0.521511709254043
1.8829999999999	0.613727090443838
1.8839999999999	0.924269733564663
1.8849999999999	1.14570230292469
1.8859999999999	1.07383945662501
1.8869999999999	0.722357193634372
1.8879999999999	0.539184119901398
1.8889999999999	0.731298684577131
1.8899999999999	1.03572912120008
1.8909999999999	1.18218466981605
1.8919999999999	0.937047162421212
1.8929999999999	0.584283458901788
1.8939999999999	0.577018480324522
1.8949999999999	0.863440339020771
1.8959999999999	1.12723387222037
1.8969999999999	1.13950395767842
1.8979999999999	0.793876309386575
1.8989999999999	0.509787899762332
1.8999999999999	0.683255425955495
1.9009999999999	0.981818023207419
1.9019999999999	1.18618931725043
1.9029999999999	1.02409409931918
1.9039999999999	0.673431632484062
1.9049999999999	0.531967170739125
1.9059999999999	0.807283515481187
1.9069999999999	1.10154760406167
1.9079999999999	1.17843592796416
1.9089999999999	0.865370943380223
1.9099999999999	0.542118045068179
1.9109999999999	0.626721721787369
1.9119999999999	0.951827958642094
1.9129999999999	1.16693224692192
1.9139999999999	1.07308791581209
1.9149999999999	0.677897758561515
1.9159999999999	0.507261863465229
1.9169999999999	0.771374780567631
1.9179999999999	1.06584010578969
1.9189999999999	1.16776795341586
1.9199999999999	0.903078666041828
1.9209999999999	0.572278451581066
1.9219999999999	0.596353015550471
1.9229999999999	0.88961994428104
1.9239999999999	1.16124809630344
1.9249999999999	1.09974095656127
1.9259999999999	0.742498981497202
1.9269999999999	0.509288097330396
1.9279999999999	0.691406814843716
1.9289999999999	1.01540387161755
1.9299999999999	1.16584710546125
1.9309999999999	0.958776259058851
1.9319999999999	0.579062262040967
1.9329999999999	0.56268010021688
1.9339999999999	0.836173319512413
1.9349999999999	1.1246621416136
1.9359999999999	1.13845060984622
1.9369999999999	0.819632718941407
1.9379999999999	0.546810376041419
1.9389999999999	0.657668209423521
1.9399999999999	0.985368846812435
1.9409999999999	1.18911285030856
1.9419999999999	1.04847878142334
1.9429999999999	0.689616479608775
1.9439999999999	0.528140579506935
1.9449999999999	0.773335229011653
1.9459999999999	1.07412880706133
1.9469999999999	1.1630733130435
1.9479999999999	0.892497035958847
1.9489999999999	0.574653677430995
1.9499999999999	0.643471844992871
1.9509999999999	0.924126761129731
1.9519999999999	1.15514844451363
1.9529999999999	1.08339045197062
1.9539999999999	0.72708915366549
1.9549999999999	0.515173836440105
1.9559999999999	0.736710640152812
1.9569999999999	1.05435060954263
1.9579999999999	1.19206224144148
1.9589999999999	0.917933343722392
1.95999999999989	0.560877460370818
1.96099999999989	0.570917922420591
1.96199999999989	0.879519417676807
1.96299999999989	1.12134056057781
1.96399999999989	1.0864001772782
1.96499999999989	0.728141144218122
1.96599999999989	0.502690864398406
1.96699999999989	0.704649616693653
1.96799999999989	0.993800024397361
1.96899999999989	1.17401831864065
1.96999999999989	0.975580510620267
1.97099999999989	0.649392267276498
1.97199999999989	0.543898944420036
1.97299999999989	0.818942125237076
1.97399999999989	1.12352091504467
1.97499999999989	1.1777341946115
1.97599999999989	0.841501178360408
1.97699999999989	0.525261351755845
1.97799999999989	0.660840731863751
1.97899999999989	0.953700420375924
1.97999999999989	1.16500202197131
1.98099999999989	1.04812027987884
1.98199999999989	0.668602353315538
1.98299999999989	0.543382441197222
1.98399999999989	0.772105805179208
1.98499999999989	1.06857919642253
1.98599999999989	1.18442748649242
1.98699999999989	0.912956252532187
1.98799999999989	0.598623146793488
1.98899999999989	0.612405335068188
1.98999999999989	0.895072401546794
1.99099999999989	1.18909901045197
1.99199999999989	1.11060894486229
1.99299999999989	0.730314399876361
1.99399999999989	0.507601043301497
1.99499999999989	0.723454368961167
1.99599999999989	1.03630908683238
1.99699999999989	1.16117697347453
1.99799999999989	0.930341737811361
1.99899999999989	0.567306686419345
2	0.598353525656776
