"Time [s]"	"Efficience []"
0	0
0.001	0.0080614634192241
0.002	0.0421409054787934
0.003	0.0883344953906936
0.004	0.112396627300279
0.005	0.0733343367146033
0.006	-0.0322920832431526
0.007	-0.100734091968079
0.008	-0.0379606484473782
0.009	0.0155741755341886
0.01	-0.00701342976583948
0.011	-0.0101452099450854
0.012	0.02247117246999
0.013	0.0395498493473022
0.014	0.031237015503925
0.015	0.0164115904591622
0.016	0.00985897049005865
0.017	0.00841470023205036
0.018	0.0431850768613272
0.019	0.0895525316093444
0.02	0.134308710196689
0.021	0.219602925509847
0.022	0.312859390957874
0.023	0.440063885597489
0.024	0.403445377553416
0.025	-1.16555208744402
0.026	-0.904307329818952
0.027	-0.175430297488097
0.028	0.067839599982099
0.029	0.168214945704956
0.03	-0.195416735379258
0.031	-0.468531087801674
0.032	-0.183796418263198
0.033	0.0331263422519906
0.034	0.0472902790567804
0.035	-0.00341544997813258
0.036	0.0437961515819311
0.037	0.182236855671004
0.038	0.0851468288127588
0.039	-0.194771199446382
0.04	0.0130978034059814
0.041	0.136460404320575
0.042	-0.338682557787619
0.043	-0.255078803563952
0.044	-0.0451446404489964
0.045	0.0045945292975847
0.046	0.0731521365915485
0.047	0.18130243759372
0.048	-0.175102830053799
0.049	-0.172957958073502
0.05	-0.0181737735291873
0.051	0.000358743921005014
0.052	0.0303168089910776
0.053	0.191491523695106
0.054	0.337034402946538
0.055	0.0576167257156621
0.056	0.230715186640767
0.057	0.365300717116189
0.058	-0.003766756271122
0.059	0.323870246419234
0.06	-0.357909928581121
0.061	0.147332044009658
0.062	-0.0954828948231706
0.063	-0.343516334617867
0.064	0.199668665612678
0.065	-0.870966769280918
0.066	-0.170638070997984
0.067	0.171830193920422
0.068	-0.58614796234221
0.069	-0.330048178851239
0.07	0.0333185203742439
0.071	0.292947929321636
0.0720000000000001	-0.166988084950755
0.0730000000000001	-0.365035975349191
0.0740000000000001	0.177806667438333
0.0750000000000001	0.449519865874339
0.0760000000000001	-0.0448537737748311
0.0770000000000001	0.306129964319788
0.0780000000000001	0.449651587740377
0.0790000000000001	0.0247910414237584
0.0800000000000001	0.470429944973862
0.0810000000000001	-0.154465407070996
0.0820000000000001	0.383669942405934
0.0830000000000001	-0.342771629929988
0.0840000000000001	0.334165258265047
0.0850000000000001	-0.530330501480882
0.0860000000000001	0.298790150506248
0.0870000000000001	-0.959789596751932
0.0880000000000001	0.315967716664024
0.0890000000000001	-1.20882586449199
0.0900000000000001	0.275516222349723
0.0910000000000001	-1.43807372806069
0.0920000000000001	0.120969221383549
0.0930000000000001	-0.0260811921591668
0.0940000000000001	-0.216801351397506
0.0950000000000001	0.446212859346659
0.0960000000000001	-1.02130672850308
0.0970000000000001	0.566174080670403
0.0980000000000001	-0.815400698105681
0.0990000000000001	0.616541153031472
0.1	0.0410565810645145
0.101	0.488720429011139
0.102	0.48281239192248
0.103	-0.551836262131564
0.104	0.613833421711174
0.105	0.0978033226275121
0.106	0.0711319261417768
0.107	0.592702960556048
0.108	0.138223822604441
0.109	-0.504870965147835
0.11	0.549641622250901
0.111	0.55576068045993
0.112	0.0443656745964532
0.113	-3.05762055861915
0.114	0.241893970004071
0.115	0.661349908848895
0.116	0.667387980998456
0.117	0.645479959489902
0.118	0.629003263883539
0.119	0.667534560786603
0.12	0.746564396476319
0.121	0.799315331869106
0.122	0.676822746363528
0.123	2.20676470363093
0.124	2.84581032966253
0.125	0.327955665424178
0.126	0.742094003950352
0.127	0.834464588683576
0.128	0.39740530572015
0.129	1.66112115723603
0.13	0.239665134759774
0.131	0.799147821042957
0.132	0.836883750289425
0.133	1.32895899200806
0.134	-16.8069823429946
0.135	0.788542755321669
0.136	0.853912950443567
0.137	1.23233765011406
0.138	4.6996746720284
0.139	0.807602291343564
0.14	0.843652067166683
0.141	1.18374073109466
0.142	2.57871120162004
0.143	0.80605474986824
0.144	0.842538079558398
0.145	1.16600924204358
0.146	1.41103812911524
0.147	0.697018886381498
0.148	0.869962623869313
0.149	2.09816648480087
0.15	1.15796776018511
0.151	1.58034254798881
0.152	0.629059054550636
0.153	0.846374866990119
0.154	0.775989999458923
0.155	1.21251446372008
0.156	1.19373696908577
0.157	1.70481204347861
0.158	0.613948869016484
0.159	0.849223841931905
0.16	0.886984819018424
0.161	0.80862906583482
0.162	-2.90943205328133
0.163	4.1417749721672
0.164	0.530930212151023
0.165	0.815272992216797
0.166	0.892975048130414
0.167	0.919762749051747
0.168	0.91797914893931
0.169	0.846849750807926
0.17	0.608189166166235
0.171	0.748387042159745
0.172	0.860967025957378
0.173	0.90757244932329
0.174	0.927284852316967
0.175	0.902793958412264
0.176	0.689078238772934
0.177	0.793997476918896
0.178	0.890128786628558
0.179	0.927585609722104
0.18	0.924938736645571
0.181	0.81311246734896
0.182	0.80264857755393
0.183	0.895314296723461
0.184	0.929811254846198
0.185	0.916402035462558
0.186	0.741246980068516
0.187	0.824045990050895
0.188	0.902257105699609
0.189	0.931322404126069
0.19	0.896652291459104
0.191	0.713343995592663
0.192	0.817728053297064
0.193	0.896902487155953
0.194	0.923156968278301
0.195	0.905167175363095
0.196	0.774985906272299
0.197	0.787776932344134
0.198	0.87488793797233
0.199	0.917743896321244
0.2	0.931290405317249
0.201	0.908666243559851
0.202	0.833447106454336
0.203	0.829649851141492
0.204	0.882988744128843
0.205	0.918240378103284
0.206	0.934209684334276
0.207	0.932441772796773
0.208	0.905169083325252
0.209	0.841688846245463
0.21	0.858325573215724
0.211	0.893990352909482
0.212	0.920402259592428
0.213	0.933590386088079
0.214	0.924465168571196
0.215	0.878376010872957
0.216	0.852082524735814
0.217	0.89212715643807
0.218	0.923057960151836
0.219	0.936211735238543
0.22	0.916873986891914
0.221	0.859234806882448
0.222	0.87744195311272
0.223	0.917748978982249
0.224	0.937204543342801
0.225	0.92293938677712
0.226	0.859229777196797
0.227	0.882601830336646
0.228	0.921778014586099
0.229	0.939435192483902
0.23	0.918913361821154
0.231	0.846268370736193
0.232	0.882611515276293
0.233	0.921039257485738
0.234	0.937081498468359
0.235	0.917678132267491
0.236	0.847094042121824
0.237	0.871634242616804
0.238	0.912403644275453
0.239	0.933607002023558
0.24	0.931678950310119
0.241	0.891900408123676
0.242	0.851984725771245
0.243	0.890433152926632
0.244	0.920456509180275
0.245	0.937626513454809
0.246	0.933770046655403
0.247	0.895915848950377
0.248	0.854822697082495
0.249	0.886987911989917
0.25	0.917158796781433
0.251	0.937382670167007
0.252	0.938116491083348
0.253	0.907349126947607
0.254	0.855932752907398
0.255	0.880250242024837
0.256	0.914072032774319
0.257	0.932811517735093
0.258	0.934849894333868
0.259	0.903602642312335
0.26	0.864024649056378
0.261	0.890852655575692
0.262	0.923010382622326
0.263	0.937779556030108
0.264	0.925507628643566
0.265	0.875885262270917
0.266	0.879837281532677
0.267	0.917179967325647
0.268	0.937599785469753
0.269	0.933232042835951
0.27	0.886197550568659
0.271	0.87063704149117
0.272	0.911213731238249
0.273	0.934418615562027
0.274	0.935500201113576
0.275	0.895265331192303
0.276	0.857352198102548
0.277	0.902747624004632
0.278	0.928859259130195
0.279	0.939067285090763
0.28	0.915120390483116
0.281	0.861324589191303
0.282	0.883987320016779
0.283	0.916792962506176
0.284	0.936069817822907
0.285	0.934875252210473
0.286	0.90039037120184
0.287	0.862045615774222
0.288	0.891002216904557
0.289	0.920577361575358
0.29	0.938021024024248
0.291	0.933045857362675
0.292	0.897594437114657
0.293	0.861616764075662
0.294	0.892333832939409
0.295	0.920738457038928
0.296	0.936887229392026
0.297	0.931849326237385
0.298	0.895881747656391
0.299	0.863870950288213
0.3	0.900033728484985
0.301	0.928019274913064
0.302	0.938797290525898
0.303	0.924620746893546
0.304	0.877846303883572
0.305	0.877295914413916
0.306	0.914995588204367
0.307	0.934894144558816
0.308	0.934178537179468
0.309	0.896536358557433
0.31	0.870577460627814
0.311	0.904387296178687
0.312	0.931154390733585
0.313	0.938916713109164
0.314	0.914083143611544
0.315	0.862329212057709
0.316	0.892299002950356
0.317	0.924646769715058
0.318	0.939718051930611
0.319	0.927669654785727
0.32	0.875934086728044
0.321	0.87361983357413
0.322	0.912824260677594
0.323	0.933730293684433
0.324	0.938682767762136
0.325	0.907955122838028
0.326	0.85925201153563
0.327	0.890576150231753
0.328	0.920565568010587
0.329	0.937222967944928
0.33	0.93261349088798
0.331	0.89902433805814
0.332	0.86341138325426
0.333	0.898140019021184
0.334	0.925935111283463
0.335	0.939230565837303
0.336	0.929928937393333
0.337	0.888204568717508
0.338	0.868549386730564
0.339	0.904721718882823
0.34	0.930685816808354
0.341	0.938318583515753
0.342	0.920108395148459
0.343	0.87030116617699
0.344	0.881969451168944
0.345	0.915364760293711
0.346	0.935588031614427
0.347	0.934855335456803
0.348	0.900815414232333
0.349	0.86084715157555
0.35	0.899832394382644
0.351	0.92891606442265
0.352	0.939533244916608
0.353	0.921817435766226
0.354	0.873799495617811
0.355	0.88252204890238
0.356	0.919295640825303
0.357	0.936864604842287
0.358	0.933534991572791
0.359	0.890803605345167
0.36	0.869074048654249
0.361	0.90371012639529
0.362	0.930422444207286
0.363	0.938483691479139
0.364	0.918752836335866
0.365	0.865599429071948
0.366	0.88378233854703
0.367	0.918314705095166
0.368	0.937129150862158
0.369	0.935668061749291
0.37	0.90253965940861
0.371	0.865586620524833
0.372	0.895766498054225
0.373	0.925891853452463
0.374	0.939391722561641
0.375	0.928186617552349
0.376	0.882459024687839
0.377	0.87579589481761
0.378	0.906767724130042
0.379	0.931480973232412
0.38	0.938641896141132
0.381	0.918559009014823
0.382	0.863178270635506
0.383	0.885088063349353
0.384	0.918725289593333
0.385	0.936945898809043
0.386	0.934939245718151
0.387	0.899352286901726
0.388	0.863504429373657
0.389	0.899982864202694
0.39	0.928205573302983
0.391	0.93968137114298
0.392	0.923873020037546
0.393	0.872086524128397
0.394	0.882464716785782
0.395	0.914464459842804
0.396	0.935753585536164
0.397	0.935787342839769
0.398	0.902837284881492
0.399	0.861283007313866
0.4	0.898808301710859
0.401	0.92782151263721
0.402	0.939996102122763
0.403	0.92547008987193
0.404	0.879670845040874
0.405	0.882179442792484
0.406	0.913870497723486
0.407	0.935239525992598
0.408	0.936699447511925
0.409	0.90342068362772
0.41	0.87076223272497
0.411	0.895780976231952
0.412	0.92578532099767
0.413	0.938825437916306
0.414	0.928989317916812
0.415	0.881947306375107
0.416	0.874475294390895
0.417	0.90958395505515
0.418	0.933090284539816
0.419	0.940830735737936
0.42	0.915099138096835
0.421	0.872358137999182
0.422	0.888518912078603
0.423	0.919355473069581
0.424	0.937973464680674
0.425	0.934728208633515
0.426	0.894607932372449
0.427	0.873518566953947
0.428	0.901278532675531
0.429	0.928935619696652
0.43	0.939589068050373
0.431	0.924464357763167
0.432	0.868213533476665
0.433	0.881778756451473
0.434	0.915528722009378
0.435	0.936339991418517
0.436	0.937055445162505
0.437	0.903799889719116
0.438	0.864453963440888
0.439	0.899587506533032
0.44	0.926832911001581
0.441	0.939505762879933
0.442	0.927836971147374
0.443	0.876621970463736
0.444	0.879651684336934
0.445	0.911505777027489
0.446	0.934189385485653
0.447	0.937867733314691
0.448	0.910383004344104
0.449	0.861224530258092
0.45	0.894249179218042
0.451	0.923162079129852
0.452	0.939972451354121
0.453	0.930692365667939
0.454	0.890627666938104
0.455	0.878036676540155
0.456	0.908754673076252
0.457	0.933797186233004
0.458	0.939178104647991
0.459	0.914768483522289
0.46	0.864789079047787
0.461	0.88935621900333
0.462	0.920631144760678
0.463	0.937302835334153
0.464	0.933735941063694
0.465	0.894187989225612
0.466	0.864435753601699
0.467	0.903378928455742
0.468	0.928627941175388
0.469	0.940001569273184
0.47	0.923412265086944
0.471	0.879754099208384
0.472	0.885597208812888
0.473	0.91601291249196
0.474	0.937066399245469
0.475	0.937432140384816
0.476	0.902592858469564
0.477	0.864710524862276
0.478	0.895813095308462
0.479	0.925464338578277
0.48	0.938773461177283
0.481	0.92870690817896
0.482	0.876933166131393
0.483	0.878115657363527
0.484	0.911676582499531
0.485	0.933511261834065
0.486	0.938496894840396
0.487	0.913353784843911
0.488	0.87224831914631
0.489	0.893058523601253
0.49	0.923894650993086
0.491	0.939391525945176
0.492	0.931931389389246
0.493	0.885075259295405
0.494	0.872652827166729
0.495	0.907377105181821
0.496	0.931302353488437
0.497	0.939230390402338
0.498	0.917991654843848
0.499	0.864001807513614
0.5	0.889352978378034
0.501	0.919806241364662
0.502	0.938407908775777
0.503	0.934024974826865
0.504	0.896131837988642
0.505	0.864921893961352
0.506	0.903324747807634
0.507	0.930318121215623
0.508	0.940069745370828
0.509	0.923153604939224
0.51	0.871831883386728
0.511	0.878739274562639
0.512	0.91482271360087
0.513	0.934716577412649
0.514	0.938042935813479
0.515	0.905323264955525
0.516	0.861626202593946
0.517	0.898045537134025
0.518	0.925613519593901
0.519	0.939106925486821
0.52	0.928899994270634
0.521	0.88553450812848
0.522	0.877031413846412
0.523	0.909811211969782
0.524	0.934024486010468
0.525	0.938778035622965
0.526	0.914133413946231
0.527	0.863315536472271
0.528	0.88834280521499
0.529	0.92092094529205
0.53	0.937623128530159
0.531	0.93322900308593
0.532	0.888572075974843
0.533	0.870428369536142
0.534	0.905566938851461
0.535	0.931556233636638
0.536	0.939467226204939
0.537	0.919484039984963
0.538	0.871808370433981
0.539	0.885766292748993
0.54	0.919467982198335
0.541	0.937873845237039
0.542	0.936672591437471
0.543	0.896472101787005
0.544	0.863556728291344
0.545	0.901437485900835
0.546	0.927666523200247
0.547	0.939274726399674
0.548	0.924894935042713
0.549	0.869752422912393
0.55	0.881495881770084
0.551	0.914141889525491
0.552	0.935422579289706
0.553	0.937154004525939
0.554	0.908604899230378
0.555	0.865553003906811
0.556	0.895020665950836
0.557	0.925575493830557
0.558	0.939889092487713
0.559	0.929658651783567
0.56	0.882626751356607
0.561	0.872140121667971
0.562	0.909859818865342
0.563	0.932502271923704
0.564	0.939731065382807
0.565	0.914393594992869
0.566	0.860754525101215
0.567	0.891107051814628
0.568	0.920796583877556
0.569	0.937887377922227
0.57	0.932549974245969
0.571	0.89645691791582
0.572	0.866259069365761
0.573	0.902993368097608
0.574	0.930841382247422
0.575	0.94038315208414
0.576	0.921316891350848
0.577	0.866985027715311
0.578	0.885294274799299
0.579	0.916850890116501
0.58	0.936497905842549
0.581	0.935581956101665
0.582	0.899475257843659
0.583	0.86240268123656
0.584	0.897843076222505
0.585	0.927191267597826
0.586	0.938791992323273
0.587	0.926225662407667
0.588	0.883180192997379
0.589	0.878277156822229
0.59	0.912443023145633
0.591	0.935216748494343
0.592	0.938436315931595
0.593	0.909622296274827
0.594	0.860538514161116
0.595	0.893485568139785
0.596	0.923643557441126
0.597	0.938974726860313
0.598	0.930434005849781
0.599	0.883822862798056
0.6	0.874303749979262
0.601	0.907465859806007
0.602	0.932345118617011
0.603	0.938692373887336
0.604	0.915829107489592
0.605	0.864968766816091
0.606	0.888120438501518
0.607	0.921093114108048
0.608	0.938461482155098
0.609	0.93446107833705
0.61	0.897200207065435
0.611	0.864723701087077
0.612	0.903435938989614
0.613	0.929210332341244
0.614	0.939635246882294
0.615	0.922584992292863
0.616	0.870749569115708
0.617	0.880457923881879
0.618	0.914739596842849
0.619	0.936737292106614
0.62	0.935619251691753
0.621	0.903961097004321
0.622	0.862855865071192
0.623	0.899430885157129
0.624	0.927008390195287
0.625	0.940347815286966
0.626	0.92858656925114
0.627	0.883128802312086
0.628	0.877714007038328
0.629	0.911382992484131
0.63	0.933442762381419
0.631	0.937731079663327
0.632	0.909593142582987
0.633	0.866930215782575
0.634	0.891147584735054
0.635	0.922126070157246
0.636	0.93882431107833
0.637	0.930965560458011
0.638	0.8919717431256
0.639	0.873856738781497
0.64	0.9085210931237
0.641	0.932831894602395
0.642	0.940382319527337
0.643	0.917785508216754
0.644	0.864554590515352
0.645	0.884092448940602
0.646	0.920287456207915
0.647	0.937087550861248
0.648	0.933812322291133
0.649	0.893008670892685
0.65	0.871292811831614
0.651	0.901722469636712
0.652	0.928861213207866
0.653	0.939286295965574
0.654	0.923639613012104
0.655	0.873564141109975
0.656	0.881105947272353
0.657	0.916418769417345
0.658	0.936601332636819
0.659	0.937940441593801
0.66	0.906106270841553
0.661	0.863571596220582
0.662	0.894179131003551
0.663	0.925072118294088
0.664	0.939425604365273
0.665	0.928461898850256
0.666	0.881009946461941
0.667	0.877673233457595
0.668	0.910111601805713
0.669	0.933481326867685
0.67	0.938268003695327
0.671	0.91443897461381
0.672	0.862226364918402
0.673	0.890425970764097
0.674	0.923688388571543
0.675	0.939219934189072
0.676	0.932947321950894
0.677	0.89364667956397
0.678	0.869269391199343
0.679	0.905413428549222
0.68	0.930682609552565
0.681	0.939723106063455
0.682	0.918057818597611
0.683	0.868481973602409
0.684	0.887480319582573
0.685	0.919223227034294
0.686	0.937881216725553
0.687	0.934662024116882
0.688000000000001	0.89832543783225
0.689000000000001	0.86496311355855
0.690000000000001	0.900683969553998
0.691000000000001	0.929614160896033
0.692000000000001	0.940074299471058
0.693000000000001	0.92461989043701
0.694000000000001	0.878591332402041
0.695000000000001	0.882103422521043
0.696000000000001	0.914582184174424
0.697000000000001	0.935442708489853
0.698000000000001	0.936504033914213
0.699000000000001	0.903981709736007
0.700000000000001	0.867551669540284
0.701000000000001	0.894804866628507
0.702000000000001	0.925752524729577
0.703000000000001	0.93911217195257
0.704000000000001	0.929351725775912
0.705000000000001	0.882174209041783
0.706000000000001	0.873027516023435
0.707000000000001	0.909584751746197
0.708000000000001	0.933124025739968
0.709000000000001	0.939399995371981
0.710000000000001	0.91472906176309
0.711000000000001	0.872448513445178
0.712000000000001	0.889999572084046
0.713000000000001	0.921307602603894
0.714000000000001	0.938230579478482
0.715000000000001	0.932833679819981
0.716000000000001	0.894344311995084
0.717000000000001	0.87511257980766
0.718000000000001	0.903608488087625
0.719000000000001	0.930698861522412
0.720000000000001	0.939740451948761
0.721000000000001	0.920946316841758
0.722000000000001	0.86472233740204
0.723000000000001	0.885618554359996
0.724000000000001	0.918639549743043
0.725000000000001	0.937543229742665
0.726000000000001	0.935763347741013
0.727000000000001	0.89823574488861
0.728000000000001	0.866069141733704
0.729000000000001	0.902046376073451
0.730000000000001	0.928962347774648
0.731000000000001	0.939255405612254
0.732000000000001	0.924264606737389
0.733000000000001	0.873181283315075
0.734000000000001	0.880809270017857
0.735000000000001	0.91247576739892
0.736000000000001	0.934707491756631
0.737000000000001	0.937051632973108
0.738000000000001	0.908296516774033
0.739000000000001	0.861323525989953
0.740000000000001	0.89434757391094
0.741000000000001	0.923214063503042
0.742000000000001	0.939602156875413
0.743000000000001	0.930455984483687
0.744000000000001	0.890248726907672
0.745000000000001	0.875702488798639
0.746000000000001	0.907196236665703
0.747000000000001	0.933560758588343
0.748000000000001	0.939282028103658
0.749000000000001	0.916056335917995
0.750000000000001	0.866662002079186
0.751000000000001	0.886979292700984
0.752000000000001	0.919637920304711
0.753000000000001	0.937169842202968
0.754000000000001	0.93384429673529
0.755000000000001	0.892929773394221
0.756000000000001	0.865000723244045
0.757000000000001	0.903661179596611
0.758000000000001	0.92925175424864
0.759000000000001	0.939966322201521
0.760000000000001	0.921266085300921
0.761000000000001	0.876988321767094
0.762000000000001	0.885888573439744
0.763000000000001	0.916846372452728
0.764000000000001	0.937731898813455
0.765000000000001	0.936221842692189
0.766000000000001	0.898549804332664
0.767000000000001	0.870626190500367
0.768000000000001	0.897714420507951
0.769000000000001	0.926630810811661
0.770000000000001	0.938734162009048
0.771000000000001	0.926690573306801
0.772000000000001	0.872633477792158
0.773000000000001	0.880576333363047
0.774000000000001	0.913623955486116
0.775000000000001	0.934453008683302
0.776000000000001	0.93755854021181
0.777000000000001	0.910775485102424
0.778000000000001	0.864641357925592
0.779000000000001	0.89261234546485
0.780000000000001	0.92299757687956
0.781000000000001	0.939207939355202
0.782000000000001	0.931415168168401
0.783000000000001	0.885008264680462
0.784000000000001	0.872293724722032
0.785000000000001	0.906240009308623
0.786000000000001	0.930144115952561
0.787000000000001	0.939073875387717
0.788000000000001	0.918901409461765
0.789000000000001	0.862481168643563
0.790000000000001	0.885890432926361
0.791000000000001	0.917613471365316
0.792000000000001	0.937399335723501
0.793000000000001	0.934954527985595
0.794000000000001	0.901073067074727
0.795000000000001	0.86490947944621
0.796000000000001	0.900098619971898
0.797000000000001	0.928457982536049
0.798000000000001	0.940392758295724
0.799000000000001	0.924173699949795
0.800000000000001	0.871494553544729
0.801000000000001	0.879250837716736
0.802000000000001	0.913817077438167
0.803000000000001	0.934645466340494
0.804000000000001	0.937623133317875
0.805000000000001	0.903885876670074
0.806000000000001	0.860464865773657
0.807000000000001	0.897980594237241
0.808000000000001	0.925337268760451
0.809000000000001	0.939575647147469
0.810000000000001	0.927433033540345
0.811000000000001	0.882413912875994
0.812000000000001	0.876299504600167
0.813000000000001	0.909720662438338
0.814000000000001	0.934106513448056
0.815000000000001	0.938181347895899
0.816000000000001	0.911103723189095
0.817000000000001	0.859772819581185
0.818000000000001	0.889580372080322
0.819000000000001	0.920334214445689
0.820000000000001	0.93735439347299
0.821000000000001	0.933332402458157
0.822000000000001	0.889280231559008
0.823000000000001	0.865183332027372
0.824000000000001	0.903157092421148
0.825000000000001	0.929797887813146
0.826000000000001	0.939134652859814
0.827000000000001	0.921641565559094
0.828000000000001	0.874652881932903
0.829000000000001	0.880054728923663
0.830000000000001	0.916411390173409
0.831000000000001	0.936258262173268
0.832000000000001	0.936778571080153
0.833000000000001	0.903378430802762
0.834000000000001	0.860810152502296
0.835000000000001	0.897993516161955
0.836000000000001	0.925022342829327
0.837000000000001	0.938884446056744
0.838000000000001	0.926349820339383
0.839000000000001	0.880225449570796
0.840000000000001	0.879037777375211
0.841000000000001	0.911757117037012
0.842000000000001	0.934506799207058
0.843000000000001	0.937417495226144
0.844000000000001	0.908708371677835
0.845000000000001	0.863033522251159
0.846000000000001	0.894259870714565
0.847000000000001	0.924995833230081
0.848000000000001	0.939788678109942
0.849000000000001	0.929085653727386
0.850000000000001	0.88069849883524
0.851000000000001	0.869485905432838
0.852000000000001	0.909986317260936
0.853000000000001	0.931933346797813
0.854000000000001	0.939606785488103
0.855000000000001	0.913606696092033
0.856000000000001	0.861357038068487
0.857000000000001	0.887961640593967
0.858000000000001	0.919236769153422
0.859000000000001	0.937409041942919
0.860000000000001	0.93297892403563
0.861000000000001	0.898140407086325
0.862000000000001	0.864547151802804
0.863000000000001	0.901579327385672
0.864000000000001	0.929076522892425
0.865000000000001	0.940262488163774
0.866000000000001	0.923819551444895
0.867000000000001	0.872514213316563
0.868000000000001	0.879502244402594
0.869000000000001	0.91379858763971
0.870000000000001	0.934051486481702
0.871000000000001	0.936469587045334
0.872000000000001	0.905125051342503
0.873000000000001	0.866007960071155
0.874000000000001	0.892648146395551
0.875000000000001	0.923908811488007
0.876000000000001	0.938451286171651
0.877000000000001	0.928334864329403
0.878000000000001	0.886031311215581
0.879000000000001	0.875813105191476
0.880000000000001	0.911174843582389
0.881000000000001	0.933545399255238
0.882000000000001	0.938889268991685
0.883000000000001	0.911515853627799
0.884000000000001	0.860477349281438
0.885000000000001	0.888966913788053
0.886000000000001	0.922721184180951
0.887000000000001	0.938210168519094
0.888000000000001	0.931353883940615
0.889000000000001	0.885109359698991
0.890000000000001	0.875187297651169
0.891000000000001	0.906288422957122
0.892000000000001	0.931189503852132
0.893000000000001	0.93837713891179
0.894000000000001	0.91728295569747
0.895000000000001	0.864794753611324
0.896000000000001	0.88519026772814
0.897000000000001	0.919329618273262
0.898000000000001	0.937546526087061
0.899000000000001	0.935108958626478
0.900000000000001	0.899983118594355
0.901000000000001	0.865550942984113
0.902000000000001	0.898631247941219
0.903000000000001	0.927239228616776
0.904000000000001	0.939890408211292
0.905000000000001	0.925153259121669
0.906000000000001	0.875863479898737
0.907000000000001	0.880051563855168
0.908000000000001	0.91243256266173
0.909000000000001	0.935103888637027
0.910000000000001	0.936394092399678
0.911000000000001	0.908627119862694
0.912000000000001	0.860729700172698
0.913000000000001	0.89455122974753
0.914000000000001	0.924620103542844
0.915000000000001	0.939302269290474
0.916000000000001	0.930183257321317
0.917000000000001	0.887649616747105
0.918000000000001	0.876101285342667
0.919000000000001	0.907989391486617
0.920000000000001	0.932082811508247
0.921000000000001	0.938784432505733
0.922000000000001	0.912927780169429
0.923000000000001	0.867575142437308
0.924000000000001	0.89046908879403
0.925000000000001	0.921253674041576
0.926000000000001	0.938199499457609
0.927000000000001	0.93212323244961
0.928000000000001	0.893873611870306
0.929000000000001	0.86853123524858
0.930000000000001	0.904649638942237
0.931000000000001	0.931998507389021
0.932000000000001	0.940071511752329
0.933000000000001	0.919779199765413
0.934000000000001	0.866162235883829
0.935000000000001	0.885219281114348
0.936000000000001	0.918259406720914
0.937000000000001	0.936271283706732
0.938000000000001	0.934854128664532
0.939000000000001	0.897021476129938
0.940000000000001	0.871937949927232
0.941000000000001	0.898343705961508
0.942000000000001	0.927231434172564
0.943000000000001	0.93906128848727
0.944000000000001	0.926034953827197
0.945000000000001	0.880941693785446
0.946000000000001	0.879995287374837
0.947000000000001	0.913282530549731
0.948000000000001	0.935053421050657
0.949000000000001	0.938589485271168
0.950000000000001	0.910117351539683
0.951000000000001	0.863551364816615
0.952000000000001	0.893949219658635
0.953000000000001	0.923980082155608
0.954000000000001	0.938603017225558
0.955000000000001	0.929663113495225
0.956000000000001	0.884694551310822
0.957000000000001	0.876800905740492
0.958000000000001	0.907525017014996
0.959000000000001	0.932443919167995
0.960000000000001	0.938651668938837
0.961000000000001	0.916851800359382
0.962000000000001	0.861474581397653
0.963000000000001	0.888890917272819
0.964000000000001	0.92038866526733
0.965000000000001	0.938605995581718
0.966000000000001	0.934473328042078
0.967000000000001	0.896703579014486
0.968000000000001	0.869882738458916
0.969000000000001	0.905161625000245
0.970000000000001	0.930116046766066
0.971000000000001	0.939527367753456
0.972000000000001	0.921191850689101
0.973000000000001	0.869590267886878
0.974000000000001	0.884637153481721
0.975000000000001	0.916062573670483
0.976000000000001	0.936564144426111
0.977000000000001	0.935453487730028
0.978000000000001	0.902190932208782
0.979000000000001	0.862449190494348
0.980000000000001	0.899661771038716
0.981000000000001	0.927065629228002
0.982000000000001	0.940002962238417
0.983000000000001	0.927714443092475
0.984000000000001	0.882438461129091
0.985000000000001	0.881659268970396
0.986000000000001	0.912294460637392
0.987000000000001	0.935176531180473
0.988000000000001	0.937507265428256
0.989000000000001	0.908080629825819
0.990000000000001	0.865423373200519
0.991000000000001	0.892948941307805
0.992000000000001	0.923523578842685
0.993000000000001	0.938346763892616
0.994000000000001	0.931138831762891
0.995000000000001	0.886183058249613
0.996000000000001	0.869651107938166
0.997000000000001	0.90834270687219
0.998000000000001	0.931572777135913
0.999000000000001	0.939692553475087
1	0.917356682716662
1.001	0.873587267005914
1.002	0.889762717897173
1.003	0.920010930089977
1.004	0.938074642890715
1.005	0.934568585315679
1.006	0.894166365873708
1.007	0.871115095848982
1.008	0.901083091701054
1.009	0.928468432383216
1.01	0.939528450614291
1.011	0.924106247826039
1.012	0.867760864511022
1.013	0.884625103833284
1.014	0.918061506353084
1.015	0.936745425278182
1.016	0.93667071059321
1.017	0.903074958943472
1.018	0.864216582883882
1.019	0.899724612318821
1.02	0.926579225118508
1.021	0.939201400912266
1.022	0.926598333599364
1.023	0.877225728245696
1.024	0.876922587569239
1.025	0.911096685134517
1.026	0.933081305029387
1.027	0.938204535220309
1.028	0.912681171034978
1.029	0.861334463200379
1.03	0.89389872701011
1.031	0.92223452286952
1.032	0.939826431757269
1.033	0.931857819389618
1.034	0.890143568720044
1.035	0.873206024137069
1.036	0.905718414512082
1.037	0.932381865172425
1.038	0.939368442242135
1.039	0.917944425931685
1.04	0.866484078474582
1.041	0.884656532774175
1.042	0.918634400843004
1.043	0.936150642194548
1.044	0.935061723997472
1.045	0.897404111406496
1.046	0.863251324209174
1.047	0.90303484532331
1.048	0.928377266542973
1.049	0.940392991800597
1.05	0.923757197283091
1.051	0.881183661294979
1.05199999999999	0.883113188633183
1.05299999999999	0.914570252107268
1.05399999999999	0.936251355716218
1.05499999999999	0.936679207706807
1.05599999999999	0.903500968820911
1.05699999999999	0.865132186930058
1.05799999999999	0.895970747719717
1.05899999999999	0.926192579930056
1.05999999999999	0.938912070540625
1.06099999999999	0.928731686774447
1.06199999999999	0.876970828147131
1.06299999999999	0.8777991962512
1.06399999999999	0.911684907407301
1.06499999999999	0.933446114669031
1.06599999999999	0.938242144260219
1.06699999999999	0.913234117831546
1.06799999999999	0.866592900335033
1.06899999999999	0.889767916119819
1.06999999999999	0.922334593567033
1.07099999999999	0.938728635620783
1.07199999999999	0.93359946813295
1.07299999999999	0.889086612496678
1.07399999999999	0.868037822178336
1.07499999999999	0.905735691671797
1.07599999999999	0.930113922902362
1.07699999999999	0.939615713388154
1.07799999999999	0.920736388177932
1.07899999999999	0.863944843688742
1.07999999999999	0.884102692742011
1.08099999999999	0.916966315241245
1.08199999999999	0.93683724783863
1.08299999999999	0.935210325376631
1.08399999999999	0.903474812902787
1.08499999999999	0.866542815211825
1.08599999999999	0.898517297473525
1.08699999999999	0.928127069633449
1.08799999999999	0.940177045377165
1.08899999999999	0.926077052632353
1.08999999999999	0.875045548209401
1.09099999999999	0.878878906403502
1.09199999999999	0.914440521720739
1.09299999999999	0.93483815241295
1.09399999999999	0.938468364790594
1.09499999999999	0.906001361334199
1.09599999999999	0.859092115587037
1.09699999999999	0.896588633210915
1.09799999999999	0.924939059085398
1.09899999999999	0.938730991631329
1.09999999999999	0.928445495170292
1.10099999999999	0.885470101125866
1.10199999999999	0.87601007984505
1.10299999999999	0.90953023374137
1.10399999999999	0.934279066691693
1.10499999999999	0.939269833196007
1.10599999999999	0.913736220287629
1.10699999999999	0.861329812272831
1.10799999999999	0.888651069062503
1.10899999999999	0.920976574727109
1.10999999999999	0.93779755763681
1.11099999999999	0.934181678312589
1.11199999999999	0.889700995360669
1.11299999999999	0.864628355519162
1.11399999999999	0.901691251840864
1.11499999999999	0.930044724347629
1.11599999999999	0.93879432260852
1.11699999999999	0.922037173625602
1.11799999999999	0.876158248887765
1.11899999999999	0.882608930161336
1.11999999999999	0.916756256565932
1.12099999999999	0.936818243340461
1.12199999999999	0.937064278135791
1.12299999999999	0.90502954376125
1.12399999999999	0.861556043808021
1.12499999999999	0.897260194864299
1.12599999999999	0.925800501098224
1.12699999999999	0.939039806745586
1.12799999999999	0.926758414304006
1.12899999999999	0.880719777627184
1.12999999999999	0.879372928005921
1.13099999999999	0.911362801239622
1.13199999999999	0.93464310277415
1.13299999999999	0.937656157755372
1.13399999999999	0.910741528548292
1.13499999999999	0.864439879811123
1.13599999999999	0.894684115678091
1.13699999999999	0.925609927838963
1.13799999999999	0.940589585691052
1.13899999999999	0.930191472257824
1.13999999999999	0.881717135269715
1.14099999999999	0.868841156469362
1.14199999999999	0.909770960953647
1.14299999999998	0.932315733834171
1.14399999999998	0.939472596749711
1.14499999999998	0.913763657234514
1.14599999999998	0.86223359116546
1.14699999999998	0.88876787353454
1.14799999999998	0.919615457938546
1.14899999999998	0.937691736756391
1.14999999999998	0.933743007084525
1.15099999999998	0.899382789302766
1.15199999999998	0.86673283252081
1.15299999999998	0.903156095729571
1.15399999999998	0.929827430215838
1.15499999999998	0.941147333278977
1.15599999999998	0.924430992376244
1.15699999999998	0.872566889475727
1.15799999999998	0.880808350070125
1.15899999999998	0.914195037109545
1.15999999999998	0.934942062921362
1.16099999999998	0.935964879686604
1.16199999999998	0.903763493908849
1.16299999999998	0.86630246975356
1.16399999999998	0.895615584194258
1.16499999999998	0.925034996615251
1.16599999999998	0.93900722235804
1.16699999999998	0.928068492166322
1.16799999999998	0.88633619880105
1.16899999999998	0.876213584318511
1.16999999999998	0.911827881677341
1.17099999999998	0.934550546431399
1.17199999999998	0.939365366021059
1.17299999999998	0.910921428627302
1.17399999999998	0.860144271950637
1.17499999999998	0.88933293671989
1.17599999999998	0.922851580144507
1.17699999999998	0.938378395325412
1.17799999999998	0.931107769578722
1.17899999999998	0.885383865686525
1.17999999999998	0.875623620865637
1.18099999999998	0.907130361184895
1.18199999999998	0.931968067429496
1.18299999999998	0.940642607288457
1.18399999999998	0.917100297085328
1.18499999999998	0.865666138484547
1.18599999999998	0.885203331216097
1.18699999999998	0.919852066359916
1.18799999999998	0.937968121675387
1.18899999999998	0.935234636567097
1.18999999999998	0.899095928499548
1.19099999999998	0.86537144528199
1.19199999999998	0.899659117076477
1.19299999999998	0.927538909113099
1.19399999999998	0.939687912095473
1.19499999999998	0.924541696221737
1.19599999999998	0.880449261807933
1.19699999999998	0.882884649541216
1.19799999999998	0.914258265370629
1.19899999999998	0.936157495720915
1.19999999999998	0.936941042961476
1.20099999999998	0.907374890908431
1.20199999999998	0.862280369736657
1.20299999999998	0.896107398926702
1.20399999999998	0.925936575011033
1.20499999999998	0.940228810716634
1.20599999999998	0.929046491832473
1.20699999999998	0.883551750689174
1.20799999999998	0.874705169043447
1.20899999999998	0.910582671641728
1.20999999999998	0.933053288738549
1.21099999999998	0.938221271529994
1.21199999999998	0.910959880079813
1.21299999999998	0.867060559589581
1.21399999999998	0.891005022262109
1.21499999999998	0.922163773122835
1.21599999999998	0.938847560995636
1.21699999999998	0.932215831888576
1.21799999999998	0.892721358368691
1.21899999999998	0.869861264638818
1.21999999999998	0.904905739890409
1.22099999999998	0.932211310699327
1.22199999999998	0.940002389293606
1.22299999999998	0.919480159253968
1.22399999999998	0.86629471892761
1.22499999999998	0.88525322230018
1.22599999999998	0.918557165756394
1.22699999999998	0.936490252516296
1.22799999999998	0.934728085074068
1.22899999999998	0.897287984532144
1.22999999999998	0.871980856541851
1.23099999999998	0.8984597677239
1.23199999999998	0.927541895764689
1.23299999999998	0.939188602389773
1.23399999999997	0.925506560100262
1.23499999999997	0.879865575400511
1.23599999999997	0.880729433631281
1.23699999999997	0.913826202280674
1.23799999999997	0.935401024984668
1.23899999999997	0.938150805041263
1.23999999999997	0.907855147593535
1.24099999999997	0.863613627492514
1.24199999999997	0.895100970730499
1.24299999999997	0.925360056781052
1.24399999999997	0.939305758863215
1.24499999999997	0.928678835100872
1.24599999999997	0.882902372794405
1.24699999999997	0.876096264858348
1.24799999999997	0.908155577393884
1.24899999999997	0.933287646640332
1.24999999999997	0.93832811108904
1.25099999999997	0.914509182472558
1.25199999999997	0.861331654192212
1.25299999999997	0.889580280098791
1.25399999999997	0.921351516338628
1.25499999999997	0.938639852829692
1.25599999999997	0.93350699871128
1.25699999999997	0.895071794516286
1.25799999999997	0.869323527232224
1.25899999999997	0.904539775884719
1.25999999999997	0.930424249866701
1.26099999999997	0.939197333257516
1.26199999999997	0.920387284325402
1.26299999999997	0.869454008683036
1.26399999999997	0.883853336714158
1.26499999999997	0.915295601581276
1.26599999999997	0.936088213440613
1.26699999999997	0.935430345759494
1.26799999999997	0.902436399161301
1.26899999999997	0.86260615191632
1.26999999999997	0.897967618744656
1.27099999999997	0.926522442384679
1.27199999999997	0.939960720993778
1.27299999999997	0.92784211282117
1.27399999999997	0.882561629969369
1.27499999999997	0.878821677548305
1.27599999999997	0.910808935166323
1.27699999999997	0.935090953226396
1.27799999999997	0.937819926776418
1.27899999999997	0.90795738924017
1.27999999999997	0.865055016506902
1.28099999999997	0.89171352061239
1.28199999999997	0.922859008854389
1.28299999999997	0.938194241736432
1.28399999999997	0.931062752683944
1.28499999999997	0.88511269027235
1.28599999999997	0.868842946201721
1.28699999999997	0.90800305517569
1.28799999999997	0.931913255424158
1.28899999999997	0.939815812358733
1.28999999999997	0.916733733784647
1.29099999999997	0.872487251257928
1.29199999999997	0.888448344644174
1.29299999999997	0.919134080685586
1.29399999999997	0.93817772109735
1.29499999999997	0.934278167999842
1.29599999999997	0.895765717874
1.29699999999997	0.872210232592838
1.29799999999997	0.900999541700023
1.29899999999997	0.928764011750056
1.29999999999997	0.93916155639996
1.30099999999997	0.92326801061439
1.30199999999997	0.867151234472266
1.30299999999997	0.883408688731285
1.30399999999997	0.91715602904071
1.30499999999997	0.936591871000095
1.30599999999997	0.936102711594755
1.30699999999997	0.902535991147621
1.30799999999997	0.861028374487306
1.30899999999997	0.898258594457697
1.30999999999997	0.925891150553784
1.31099999999997	0.93920229109614
1.31199999999997	0.927211326136965
1.31299999999997	0.877906188483113
1.31399999999997	0.87642368092042
1.31499999999997	0.909321111129864
1.31599999999997	0.932241271824389
1.31699999999997	0.938527629678004
1.31799999999997	0.914246060938343
1.31899999999997	0.85922810238549
1.31999999999997	0.89050984148318
1.32099999999997	0.92033931619736
1.32199999999997	0.939128726129704
1.32299999999997	0.932862718300465
1.32399999999996	0.891884643904696
1.32499999999996	0.870972633738967
1.32599999999996	0.903230692700136
1.32699999999996	0.930567455195425
1.32799999999996	0.939682991433394
1.32899999999996	0.919869145720646
1.32999999999996	0.867345013273144
1.33099999999996	0.883734553287994
1.33199999999996	0.916717679137376
1.33299999999996	0.93564271402104
1.33399999999996	0.934982878589638
1.33499999999996	0.898503116167552
1.33599999999996	0.862719829503217
1.33699999999996	0.900904207283743
1.33799999999996	0.927401653383534
1.33899999999996	0.940266683476515
1.33999999999996	0.924134307126814
1.34099999999996	0.880693110695331
1.34199999999996	0.881160382776459
1.34299999999996	0.91357544655052
1.34399999999996	0.936000728418629
1.34499999999996	0.936721284292057
1.34599999999996	0.904192275339576
1.34699999999996	0.86240817262842
1.34799999999996	0.894112031334204
1.34899999999996	0.924440276569886
1.34999999999996	0.938542843807483
1.35099999999996	0.929502200746024
1.35199999999996	0.879594887026912
1.35299999999996	0.868499940659648
1.35399999999996	0.907915034713603
1.35499999999996	0.931975770582666
1.35599999999996	0.938626198095313
1.35699999999996	0.915917585286394
1.35799999999996	0.868498855344893
1.35899999999996	0.885273005589723
1.35999999999996	0.919929018963128
1.36099999999996	0.937675810059846
1.36199999999996	0.93562959710482
1.36299999999996	0.894009196452993
1.36399999999996	0.8603262282138
1.36499999999996	0.901543139775873
1.36599999999996	0.926995836970511
1.36699999999996	0.939053368508974
1.36799999999996	0.924094503764043
1.36899999999996	0.869807795242479
1.36999999999996	0.879674711214836
1.37099999999996	0.913181544616359
1.37199999999996	0.935136045298307
1.37299999999996	0.936743497319411
1.37399999999996	0.90653612916645
1.37499999999996	0.863005817772103
1.37599999999996	0.895923018969565
1.37699999999996	0.925897427144321
1.37799999999996	0.939834204599399
1.37899999999996	0.927790077091417
1.37999999999996	0.877611853496212
1.38099999999996	0.874044001608802
1.38199999999996	0.912223980403757
1.38299999999996	0.933426020098849
1.38399999999996	0.939134938957789
1.38499999999996	0.908694157760644
1.38599999999996	0.859074561803044
1.38699999999996	0.893023032340278
1.38799999999996	0.923153006314898
1.38899999999996	0.938044971345689
1.38999999999996	0.929903349495581
1.39099999999996	0.888113059786958
1.39199999999996	0.870904256693261
1.39299999999996	0.90695919465898
1.39399999999996	0.932448985883384
1.39499999999996	0.939916982513741
1.39599999999996	0.917326736194611
1.39699999999996	0.862891520659981
1.39799999999996	0.88344456710441
1.39899999999996	0.917781367355101
1.39999999999996	0.936434457238831
1.40099999999996	0.93443965960822
1.40199999999996	0.896862450698683
1.40299999999996	0.866799287843672
1.40399999999996	0.897828420003302
1.40499999999996	0.927104655906065
1.40599999999996	0.938346192061922
1.40699999999996	0.924981864887582
1.40799999999996	0.879020578745584
1.40899999999996	0.87783317152206
1.40999999999996	0.913334991351419
1.41099999999996	0.93450248463684
1.41199999999996	0.938263727049659
1.41299999999996	0.90991863091361
1.41399999999996	0.86205308312297
1.41499999999995	0.890981176984335
1.41599999999995	0.923574579126186
1.41699999999995	0.938448164796403
1.41799999999995	0.930019810523864
1.41899999999995	0.885691028051675
1.41999999999995	0.877935835151554
1.42099999999995	0.90890745364586
1.42199999999995	0.932571647002877
1.42299999999995	0.938072224364187
1.42399999999995	0.91368358858474
1.42499999999995	0.864500556658657
1.42599999999995	0.889973711944119
1.42699999999995	0.923047456959884
1.42799999999995	0.939506843897379
1.42899999999995	0.932059480496407
1.42999999999995	0.889719763976224
1.43099999999995	0.869302173622909
1.43199999999995	0.906176013124187
1.43299999999995	0.930390564224535
1.43399999999995	0.938411092057629
1.43499999999995	0.918192554418749
1.43599999999995	0.865873012742408
1.43699999999995	0.885268375492092
1.43799999999995	0.917000361220197
1.43899999999995	0.937029272810192
1.43999999999995	0.935889310435351
1.44099999999995	0.900352961354902
1.44199999999995	0.863379914227157
1.44299999999995	0.898618465686498
1.44399999999995	0.927399635339116
1.44499999999995	0.939995801532903
1.44599999999995	0.928052331952206
1.44699999999995	0.882115392871433
1.44799999999995	0.878748113242698
1.44899999999995	0.910513709502247
1.44999999999995	0.932780390134251
1.45099999999995	0.937928772176607
1.45199999999995	0.910070880031166
1.45299999999995	0.866906463279162
1.45399999999995	0.891851562504138
1.45499999999995	0.922194183132659
1.45599999999995	0.938399448019138
1.45699999999995	0.930943306000816
1.45799999999995	0.891046291484374
1.45899999999995	0.873540299442408
1.45999999999995	0.906733063958066
1.46099999999995	0.933508507542085
1.46199999999995	0.939932191436571
1.46299999999995	0.915686612059871
1.46399999999995	0.862727530912072
1.46499999999995	0.888609197882577
1.46599999999995	0.921430847697685
1.46699999999995	0.937557920146931
1.46799999999995	0.932379132683859
1.46899999999995	0.888757879343607
1.46999999999995	0.87354700290546
1.47099999999995	0.90344701040891
1.47199999999995	0.930253246893605
1.47299999999995	0.938897253060771
1.47399999999995	0.920018483658537
1.47499999999995	0.867753767551163
1.47599999999995	0.885063414075852
1.47699999999995	0.916923756168693
1.47799999999995	0.936783301490543
1.47899999999995	0.936760640831487
1.47999999999995	0.905017093747413
1.48099999999995	0.866739166768071
1.48199999999995	0.897784775166967
1.48299999999995	0.926200895588034
1.48399999999995	0.939182637486755
1.48499999999995	0.927280834900203
1.48599999999995	0.879594048722434
1.48699999999995	0.879162059762826
1.48799999999995	0.909941846492871
1.48899999999995	0.933933755053685
1.48999999999995	0.937856517225761
1.49099999999995	0.913183395717991
1.49199999999995	0.860908861363028
1.49299999999995	0.891460390132662
1.49399999999995	0.922382220882226
1.49499999999995	0.939003843596567
1.49599999999995	0.932696607735905
1.49699999999995	0.892190360590492
1.49799999999995	0.87172639043572
1.49899999999995	0.90720795007558
1.49999999999995	0.931271102178462
1.50099999999995	0.939193326946703
1.50199999999995	0.916579259454459
1.50299999999995	0.866194562912092
1.50399999999995	0.88728098500136
1.50499999999995	0.918208013096318
1.50599999999994	0.938207289724906
1.50699999999994	0.933845971027286
1.50799999999994	0.895714846827617
1.50899999999994	0.866697317212941
1.50999999999994	0.903983289588436
1.51099999999994	0.930311666617398
1.51199999999994	0.939841458428563
1.51299999999994	0.923394571594824
1.51399999999994	0.876567048289916
1.51499999999994	0.884280846266797
1.51599999999994	0.916042285293559
1.51699999999994	0.935877658778324
1.51799999999994	0.935794241031692
1.51899999999994	0.901094444839868
1.51999999999994	0.86622179785015
1.52099999999994	0.896694139399701
1.52199999999994	0.92565063628274
1.52299999999994	0.93901376586852
1.52399999999994	0.928320420765411
1.52499999999994	0.880577134644956
1.52599999999994	0.874703324462625
1.52699999999994	0.911943377597312
1.52799999999994	0.933735344499551
1.52899999999994	0.93926596260439
1.52999999999994	0.913321408177268
1.53099999999994	0.87115835889529
1.53199999999994	0.892852147391327
1.53299999999994	0.922104014718361
1.53399999999994	0.938563935566101
1.53499999999994	0.931856982161962
1.53599999999994	0.892384678300564
1.53699999999994	0.873490403343609
1.53799999999994	0.904622069218824
1.53899999999994	0.930513821447026
1.53999999999994	0.939004676023776
1.54099999999994	0.919739500582589
1.54199999999994	0.863197136432019
1.54299999999994	0.887742543741131
1.54399999999994	0.920139062578041
1.54499999999994	0.937990582708483
1.54599999999994	0.934957044300104
1.54699999999994	0.89680813045124
1.54799999999994	0.864140622594834
1.54899999999994	0.902522542553814
1.54999999999994	0.928216917517043
1.55099999999994	0.939319048275219
1.55199999999994	0.923292419666951
1.55299999999994	0.872564018951347
1.55399999999994	0.881559460153229
1.55499999999994	0.913957885988731
1.55599999999994	0.934588820770577
1.55699999999994	0.936936666167204
1.55799999999994	0.908018714091728
1.55899999999994	0.860982652704826
1.55999999999994	0.896336095271026
1.56099999999994	0.924257216371888
1.56199999999994	0.940370214523624
1.56299999999994	0.929781699991766
1.56399999999994	0.888372132211734
1.56499999999994	0.875847777744579
1.56599999999994	0.907820311772156
1.56699999999994	0.933641515049178
1.56799999999994	0.938930270732821
1.56899999999994	0.912929604515504
1.56999999999994	0.865380560790231
1.57099999999994	0.88880516740827
1.57199999999994	0.92206826291276
1.57299999999994	0.9375135184662
1.57399999999994	0.932979294338193
1.57499999999994	0.89013760579766
1.57599999999994	0.864749775803026
1.57699999999994	0.906971452849656
1.57799999999994	0.930290399587969
1.57899999999994	0.940273211112579
1.57999999999994	0.919560844833561
1.58099999999994	0.876233538390829
1.58199999999994	0.886044632421931
1.58299999999994	0.917749990393414
1.58399999999994	0.937441618585766
1.58499999999994	0.935245566094626
1.58599999999994	0.897206451211336
1.58699999999994	0.87140108342779
1.58799999999994	0.900250032361184
1.58899999999994	0.928416771312016
1.58999999999994	0.939443304546979
1.59099999999994	0.925593951971008
1.59199999999994	0.870187286126815
1.59299999999994	0.879575337543445
1.59399999999994	0.915017527535773
1.59499999999994	0.934859063903372
1.59599999999994	0.937025054033198
1.59699999999993	0.908858537589965
1.59799999999993	0.864235142022444
1.59899999999993	0.894400425559863
1.59999999999993	0.924259586880049
1.60099999999993	0.939091080373463
1.60199999999993	0.930677276660843
1.60299999999993	0.883679518952926
1.60399999999993	0.873305432318668
1.60499999999993	0.908304812765982
1.60599999999993	0.931760904279095
1.60699999999993	0.939389564544426
1.60799999999993	0.917093289233152
1.60899999999993	0.860652781701239
1.60999999999993	0.887384278887888
1.61099999999993	0.919202337723349
1.61199999999993	0.938064641122936
1.61299999999993	0.933472457715534
1.61399999999993	0.895942858778708
1.61499999999993	0.87169864333183
1.61599999999993	0.902020647307692
1.61699999999993	0.93035288404307
1.61799999999993	0.939840333204731
1.61899999999993	0.922635300607712
1.61999999999993	0.870117615429006
1.62099999999993	0.881735059264813
1.62199999999993	0.916998798764323
1.62299999999993	0.935688553817968
1.62399999999993	0.935840558641837
1.62499999999993	0.901198718382292
1.62599999999993	0.861379037875676
1.62699999999993	0.899479339010242
1.62799999999993	0.926932396536695
1.62899999999993	0.939571147055138
1.62999999999993	0.926022892260977
1.63099999999993	0.880342496889831
1.63199999999993	0.879690001124612
1.63299999999993	0.912724957229254
1.63399999999993	0.936050887412421
1.63499999999993	0.938179454140813
1.63599999999993	0.90848496516445
1.63699999999993	0.861363274637977
1.63799999999993	0.891540956362379
1.63899999999993	0.923652255781974
1.63999999999993	0.938124566545994
1.64099999999993	0.931732345162253
1.64199999999993	0.883553561812125
1.64299999999993	0.867016761255119
1.64399999999993	0.905074564926801
1.64499999999993	0.93107492688994
1.64599999999993	0.938868468136487
1.64699999999993	0.918925030149312
1.64799999999993	0.873221450346195
1.64899999999993	0.885321810030745
1.64999999999993	0.919480240014866
1.65099999999993	0.938001835354283
1.65199999999993	0.937022813851911
1.65299999999993	0.897312973678586
1.65399999999993	0.859831268809778
1.65499999999993	0.900173651820009
1.65599999999993	0.927071943296631
1.65699999999993	0.938906584197709
1.65799999999993	0.924545454189847
1.65899999999993	0.870598833795724
1.65999999999993	0.880721011023092
1.66099999999993	0.912880336426017
1.66199999999993	0.935450594263741
1.66299999999993	0.937064805444853
1.66399999999993	0.90866495244551
1.66499999999993	0.864128698910393
1.66599999999993	0.89624038682664
1.66699999999993	0.926696518579688
1.66799999999993	0.940646470093885
1.66899999999993	0.928934455240457
1.66999999999993	0.878697704162273
1.67099999999993	0.873145030974566
1.67199999999993	0.911816745339155
1.67299999999993	0.933400238107251
1.67399999999993	0.939059715496536
1.67499999999993	0.910290742075303
1.67599999999993	0.861116937929494
1.67699999999993	0.892685018481454
1.67799999999993	0.922948395960423
1.67899999999993	0.938451736771065
1.67999999999993	0.931553951736326
1.68099999999993	0.893986426015249
1.68199999999993	0.871853770037113
1.68299999999993	0.90634575603457
1.68399999999993	0.932759733353484
1.68499999999993	0.940496262416559
1.68599999999993	0.918699034229139
1.68699999999993	0.863276355373336
1.68799999999992	0.883301305038797
1.68899999999992	0.917509070264622
1.68999999999992	0.936537213302988
1.69099999999992	0.934176895840654
1.69199999999992	0.89742757797269
1.69299999999992	0.868688299099882
1.69399999999992	0.899090248320526
1.69499999999992	0.927858171027442
1.69599999999992	0.939154575695204
1.69699999999992	0.925852378618678
1.69799999999992	0.88333127357282
1.69899999999992	0.878023700311898
1.69999999999992	0.913881844427165
1.70099999999992	0.935206488707986
1.70199999999992	0.938526803639276
1.70299999999992	0.909291813040491
1.70399999999992	0.862158233172141
1.70499999999992	0.891912914511646
1.70599999999992	0.923405677304768
1.70699999999992	0.938701061337053
1.70799999999992	0.929669196459585
1.70899999999992	0.886053701560505
1.70999999999992	0.878468013908536
1.71099999999992	0.909932915771208
1.71199999999992	0.933535784642193
1.71299999999992	0.938773396635462
1.71399999999992	0.914390904457933
1.71499999999992	0.865149068743728
1.71599999999992	0.889632060687412
1.71699999999992	0.923371415001129
1.71799999999992	0.939536798745419
1.71899999999992	0.932280613486859
1.71999999999992	0.887421120352254
1.72099999999992	0.867158266639083
1.72199999999992	0.906206862662226
1.72299999999992	0.930548398925508
1.72399999999992	0.938734308775148
1.72499999999992	0.919510312187887
1.72599999999992	0.867161316867705
1.72699999999992	0.885211465586219
1.72799999999992	0.916782186587967
1.72899999999992	0.937449322450531
1.72999999999992	0.935454983533255
1.73099999999992	0.904210107716229
1.73199999999992	0.864661016723267
1.73299999999992	0.898127015065464
1.73399999999992	0.927116816820896
1.73499999999992	0.940461195913141
1.73599999999992	0.927651319763867
1.73699999999992	0.881317921481165
1.73799999999992	0.876630254863653
1.73899999999992	0.911438167049096
1.73999999999992	0.933426319431243
1.74099999999992	0.937928190852542
1.74199999999992	0.909705870008143
1.74299999999992	0.866699997560571
1.74399999999992	0.891679209609983
1.74499999999992	0.92292357190992
1.74599999999992	0.938941721994583
1.74699999999992	0.931096595839697
1.74799999999992	0.890156958013112
1.74899999999992	0.874606000012772
1.74999999999992	0.907617842964244
1.75099999999992	0.933158163712062
1.75199999999992	0.939981771141242
1.75299999999992	0.915046988969979
1.75399999999992	0.8628752571235
1.75499999999992	0.888823457975227
1.75599999999992	0.921941870308666
1.75699999999992	0.938030212138694
1.75799999999992	0.932602231595002
1.75899999999992	0.889654558322872
1.75999999999992	0.874077937940795
1.76099999999992	0.903126823849447
1.76199999999992	0.930061068412063
1.76299999999992	0.938947130406115
1.76399999999992	0.920501539583826
1.76499999999992	0.868369092568287
1.76599999999992	0.884721901819892
1.76699999999992	0.917014482377211
1.76799999999992	0.936850400505437
1.76899999999992	0.936750009553937
1.76999999999992	0.904667501596073
1.77099999999992	0.866060500911503
1.77199999999992	0.896935945310689
1.77299999999992	0.926624391498908
1.77399999999992	0.939728489086706
1.77499999999992	0.927136172413714
1.77599999999992	0.880260943484863
1.77699999999992	0.877029765304751
1.77799999999991	0.909528468850208
1.77899999999991	0.933993068742535
1.77999999999991	0.937921448057412
1.78099999999991	0.912607845398693
1.78199999999991	0.860633078300448
1.78299999999991	0.891440894917537
1.78399999999991	0.922460677739005
1.78499999999991	0.939149146944171
1.78599999999991	0.932161429672305
1.78699999999991	0.891790866389983
1.78799999999991	0.87113520241984
1.78899999999991	0.906311400389398
1.78999999999991	0.931467774682504
1.79099999999991	0.939044713329142
1.79199999999991	0.916539177119415
1.79299999999991	0.867642006061519
1.79399999999991	0.887171862362759
1.79499999999991	0.917975454756721
1.79599999999991	0.937339797367496
1.79699999999991	0.933914537899304
1.79799999999991	0.896369883725087
1.79899999999991	0.866229732341567
1.79999999999991	0.902744855178678
1.80099999999991	0.929886512112941
1.80199999999991	0.941286782074759
1.80299999999991	0.923171345700752
1.80399999999991	0.876066252074781
1.80499999999991	0.88219620094024
1.80599999999991	0.914721059365898
1.80699999999991	0.935695141151928
1.80799999999991	0.936197830898704
1.80899999999991	0.901848021172054
1.80999999999991	0.866587419593643
1.81099999999991	0.895386174519646
1.81199999999991	0.925140713726944
1.81299999999991	0.938887283701837
1.81399999999991	0.92883813966213
1.81499999999991	0.880018405701885
1.81599999999991	0.872078570004547
1.81699999999991	0.910666005906099
1.81799999999991	0.933547007122159
1.81899999999991	0.941100876723437
1.81999999999991	0.912982282321756
1.82099999999991	0.87061209695432
1.82199999999991	0.890188464422127
1.82299999999991	0.9208250719391
1.82399999999991	0.938541667315592
1.82499999999991	0.932273411700246
1.82599999999991	0.892325719573777
1.82699999999991	0.874015719077674
1.82799999999991	0.903574616240472
1.82899999999991	0.930091032535956
1.82999999999991	0.938997119566778
1.83099999999991	0.919976167292832
1.83199999999991	0.863566066729335
1.83299999999991	0.88555313540113
1.83399999999991	0.918957630400847
1.83499999999991	0.937899853574248
1.83599999999991	0.93497850217733
1.83699999999991	0.897532388209561
1.83799999999991	0.862256013347649
1.83899999999991	0.901483977148395
1.83999999999991	0.92764181870675
1.84099999999991	0.939279407558791
1.84199999999991	0.924071490698613
1.84299999999991	0.873006120432954
1.84399999999991	0.880543891751664
1.84499999999991	0.912676687861186
1.84599999999991	0.933846771088922
1.84699999999991	0.937331838706563
1.84799999999991	0.909309378580639
1.84899999999991	0.858554108293373
1.84999999999991	0.893415092618132
1.85099999999991	0.922657250818647
1.85199999999991	0.939984703605299
1.85299999999991	0.930711002335088
1.85399999999991	0.885970626242933
1.85499999999991	0.873106902167096
1.85599999999991	0.90600904622443
1.85699999999991	0.931955494145458
1.85799999999991	0.939209125199191
1.85899999999991	0.9153148007204
1.85999999999991	0.863470217726696
1.86099999999991	0.886138489496737
1.86199999999991	0.919066555666008
1.86299999999991	0.936404645353066
1.86399999999991	0.934012743709517
1.86499999999991	0.894757018425096
1.86599999999991	0.863460743326643
1.86699999999991	0.902891035350464
1.86799999999991	0.928228817910551
1.8689999999999	0.940349451422598
1.8699999999999	0.922095465619804
1.8709999999999	0.877802437921116
1.8719999999999	0.882919599456532
1.8729999999999	0.915089038972727
1.8739999999999	0.936746553871974
1.8749999999999	0.936066883636959
1.8759999999999	0.900459428424895
1.8769999999999	0.864509992378611
1.8779999999999	0.896883790680329
1.8789999999999	0.926379096010873
1.8799999999999	0.939205009310633
1.8809999999999	0.92721576374904
1.8819999999999	0.873132218825825
1.8829999999999	0.875262466649312
1.8839999999999	0.911862952700853
1.8849999999999	0.933586147188066
1.8859999999999	0.937539666373025
1.8869999999999	0.910831051816626
1.8879999999999	0.868762590274163
1.8889999999999	0.891432560588156
1.8899999999999	0.922677809411559
1.8909999999999	0.93854632018643
1.8919999999999	0.932367761730413
1.8929999999999	0.886456016220156
1.8939999999999	0.868538666701922
1.8949999999999	0.905178892939029
1.8959999999999	0.929720417639923
1.8969999999999	0.939135626861766
1.8979999999999	0.919584395550769
1.8989999999999	0.864140433218762
1.8999999999999	0.883493081297176
1.9009999999999	0.916084114397907
1.9019999999999	0.936456261669305
1.9029999999999	0.934773155550429
1.9039999999999	0.901957687240667
1.9049999999999	0.863225321268161
1.9059999999999	0.899128212467573
1.9069999999999	0.927583986247262
1.9079999999999	0.939820402830074
1.9089999999999	0.925651558765259
1.9099999999999	0.874083151109607
1.9109999999999	0.876093946196963
1.9119999999999	0.913701304580728
1.9129999999999	0.934205706177056
1.9139999999999	0.938701653471503
1.9149999999999	0.905761965944441
1.9159999999999	0.858807570898646
1.9169999999999	0.895033582496338
1.9179999999999	0.924616544850018
1.9189999999999	0.938532650197043
1.9199999999999	0.928576422074491
1.9209999999999	0.884525534562484
1.9219999999999	0.8732173738427
1.9229999999999	0.909254591036928
1.9239999999999	0.934029320066306
1.9249999999999	0.939216196095511
1.9259999999999	0.913910721529027
1.9269999999999	0.862927539289451
1.9279999999999	0.885962039329987
1.9289999999999	0.920491991813342
1.9299999999999	0.937312448643744
1.9309999999999	0.933433067852516
1.9319999999999	0.88825886958753
1.9329999999999	0.868000663716116
1.9339999999999	0.90179501494522
1.9349999999999	0.929818471238987
1.9359999999999	0.938445599310401
1.9369999999999	0.921165949114067
1.9379999999999	0.874601242830601
1.9389999999999	0.880802049143878
1.9399999999999	0.917261213380133
1.9409999999999	0.936190243843802
1.9419999999999	0.936911004231337
1.9429999999999	0.904434299122535
1.9439999999999	0.862446696095249
1.9449999999999	0.895178694611064
1.9459999999999	0.924852309497647
1.9469999999999	0.938489369863876
1.9479999999999	0.927431713561171
1.9489999999999	0.881588267939927
1.9499999999999	0.879649193160198
1.9509999999999	0.911066853550007
1.9519999999999	0.933488784739755
1.9529999999999	0.937566025850916
1.9539999999999	0.911265014057847
1.9549999999999	0.863659418358892
1.9559999999999	0.892090636975189
1.9569999999999	0.924511907544769
1.9579999999999	0.940059947083752
1.9589999999999	0.930895837939184
1.95999999999989	0.882998188310999
1.96099999999989	0.870226069049953
1.96199999999989	0.908401026459422
1.96299999999989	0.931723217230055
1.96399999999989	0.939488269481876
1.96499999999989	0.914582566146248
1.96599999999989	0.862853391515362
1.96699999999989	0.887882636686709
1.96799999999989	0.919109808668808
1.96899999999989	0.937550445656564
1.96999999999989	0.933298782294451
1.97099999999989	0.899050368913181
1.97199999999989	0.866376377293895
1.97299999999989	0.901187871926037
1.97399999999989	0.929533805002511
1.97499999999989	0.940679179368133
1.97599999999989	0.924534958810186
1.97699999999989	0.869837190551459
1.97799999999989	0.882354151226653
1.97899999999989	0.913750903001047
1.97999999999989	0.934453534168175
1.98099999999989	0.936103591917602
1.98199999999989	0.904428825398553
1.98299999999989	0.866668031732221
1.98399999999989	0.894257559141514
1.98499999999989	0.924351390830921
1.98599999999989	0.938580112669217
1.98699999999989	0.928855376643975
1.98799999999989	0.887127256407428
1.98899999999989	0.875546031096964
1.98999999999989	0.909019168266899
1.99099999999989	0.93553333795973
1.99199999999989	0.939405422202865
1.99299999999989	0.912687541379451
1.99399999999989	0.861733736934118
1.99499999999989	0.890505311132784
1.99599999999989	0.922601715346639
1.99699999999989	0.938104112012177
1.99799999999989	0.931271691786124
1.99899999999989	0.885667295805441
2	0.874738017289021
