"Time [s]"	"-Moving1.LoadTorque [NewtonMeter]"	"Moving1.Torque [NewtonMeter]"
0	0	0
0.001	1.513375E-05	-51.5846740506338
0.002	0.00012107	-197.063697517501
0.003	0.00040861125	-334.557085624015
0.004	0.00096856	-376.903950483902
0.005	0.00189171875	-233.354462668149
0.006	0.00326889	107.855482466725
0.007	0.00519087625	491.725945989845
0.008	0.00774848	612.485405597799
0.009	0.01103250375	373.469979727739
0.01	0.01513375	-93.6258431791705
0.011	0.02014302125	-356.869502137181
0.012	0.02615112	-364.684843417135
0.013	0.03324884875	-250.109330909762
0.014	0.04152701	-124.487594857532
0.015	0.0510764062500001	-48.678828420273
0.016	0.0619878400000001	-22.8661716714112
0.017	0.0743521137500001	-15.9031928584709
0.018	0.0882600300000001	-68.468884591321
0.019	0.10380239125	-119.339608083222
0.02	0.12107	-159.179941005933
0.021	0.14015365875	-250.726223303673
0.022	0.16114417	-352.775710620541
0.023	0.18413233625	-521.728736804057
0.024	0.20920896	-395.208396834877
0.025	0.23646484375	360.772199773158
0.026	0.26599079	477.442664666823
0.027	0.29787760125	214.234971865041
0.028	0.332216080000001	-119.224851487068
0.029	0.369097028750001	-315.380222864084
0.03	0.408611250000001	283.391472624938
0.031	0.450849546250001	788.618641670552
0.032	0.495902720000001	885.377587415264
0.033	0.543861573750001	687.071665598553
0.034	0.594816910000001	233.107442290024
0.035	0.648859531250001	-11.7049448773858
0.036	0.706080240000001	127.915440601357
0.037	0.766569838750001	412.013554760051
0.038	0.830419130000002	123.493094434818
0.039	0.897718916250002	-213.029088932518
0.04	0.968560000000002	18.5101689475978
0.041	1.04303318375	208.14966894529
0.042	1.12122927	-380.430380896164
0.043	1.20323906125	-539.73866463448
0.044	1.28915336	-272.404784276273
0.045	1.37906296875	45.5685344314897
0.046	1.47305869	395.420734100157
0.047	1.57123132625	534.18441807448
0.048	1.67367168	-319.377511571679
0.049	1.78047055375	-567.694675744761
0.05	1.89171875	-265.805372991424
0.051	2.00750707125	28.3978898554188
0.052	2.12792632	328.94275501718
0.053	2.25306729875	680.152025226527
0.054	2.38302081	681.447693946483
0.055	2.51787765625	60.6600543880013
0.056	2.65772864000001	267.390815631435
0.057	2.80266456375001	430.7577601436
0.058	2.95277623000001	-2.45179368622359
0.059	3.10815444125001	339.525086648565
0.06	3.26889000000001	-202.471911326333
0.061	3.43507370875001	146.73661179169
0.062	3.60679637000001	-82.4721659467313
0.063	3.78414878625001	-282.751789207513
0.064	3.96722176000001	295.266293867679
0.065	4.15610609375001	-613.117295729882
0.066	4.35089259000001	-238.003075313051
0.067	4.55167205125001	318.541068408435
0.068	4.75853528000001	-582.058167274453
0.069	4.97157307875001	-535.259428904326
0.07	5.19087625000001	82.6610742971689
0.071	5.41653559625001	623.055142137454
0.0720000000000001	5.64864192000001	-155.34782368431
0.0730000000000001	5.88728602375001	-318.89248677182
0.0740000000000001	6.13255871000001	246.371999430112
0.0750000000000001	6.38455078125001	597.916822916778
0.0760000000000001	6.64335304000001	-25.4606251453661
0.0770000000000001	6.90905628875001	263.376940465152
0.0780000000000001	7.18175133000001	417.282018123592
0.0790000000000001	7.46152896625001	13.7206902045403
0.0800000000000001	7.74848000000001	493.316219100388
0.0810000000000001	8.04269523375002	-78.6159629093266
0.0820000000000001	8.34426547000002	408.716836308435
0.0830000000000001	8.65328151125002	-183.708841495129
0.0840000000000001	8.96983416000002	389.121410213087
0.0850000000000001	9.29401421875002	-291.843528256856
0.0860000000000001	9.62591249000002	373.343714472015
0.0870000000000001	9.96561977625002	-457.741213846489
0.0880000000000001	10.31322688	431.581170369178
0.0890000000000001	10.66882460375	-516.071322363776
0.0900000000000001	11.03250375	350.510803437419
0.0910000000000001	11.40435512125	-520.981232698728
0.0920000000000001	11.78446952	121.520505746731
0.0930000000000001	12.17293774875	-18.4281078182164
0.0940000000000001	12.56985061	-124.266567115922
0.0950000000000001	12.97529890625	433.108973807606
0.0960000000000001	13.38937344	-242.539865646241
0.0970000000000001	13.81216501375	497.739462200294
0.0980000000000001	14.24376443	-155.801533127726
0.0990000000000001	14.68426249125	468.602781329954
0.1	15.13375	12.9984923898514
0.101	15.59231775875	262.513139222375
0.102	16.06005657	285.268860283939
0.103	16.53705723625	-112.733954712201
0.104	17.02341056	554.41537430605
0.105	17.51920734375	40.3082199383095
0.106	18.02453839	30.9958118820745
0.107	18.53949450125	603.942560878593
0.108	19.06416648	66.9328684043246
0.109	19.59864512875	-144.693997031929
0.11	20.14302125	524.163179232864
0.111	20.69738564625	500.39223831111
0.112	21.26182912	17.9333052618627
0.113	21.83644247375	-274.05874292578
0.114	22.42131651	113.635313860786
0.115	23.01654203125	622.066434246079
0.116	23.62220984	555.640667338979
0.117	24.2384107387501	438.783955218547
0.118	24.86523553	360.803170948943
0.119	25.5027750162501	372.053142188758
0.12	26.1511200000001	470.921435983465
0.121	26.8103612837501	540.826634987601
0.122	27.4805896700001	246.596823724841
0.123	28.1618959612501	-205.53913422234
0.124	28.8543709600001	-181.437179032958
0.125	29.5581054687501	59.7756102002316
0.126	30.2731902900001	330.82039082972
0.127	30.9997162262501	501.060400838106
0.128	31.7377740800001	59.1280627188246
0.129	32.4874546537501	-233.657189620529
0.13	33.2488487500001	31.9097899201156
0.131	34.0220471712501	360.574091505973
0.132	34.8071407200001	361.07149983844
0.133	35.6042201987501	-271.791120893351
0.134	36.4133764100001	-69.1322202882769
0.135	37.2347001562501	249.741808969612
0.136	38.0682822400001	281.285998584622
0.137	38.9142134637501	-244.996744640891
0.138	39.7725846300001	-65.0075696018337
0.139	40.6434865412501	191.192850800255
0.14	41.5270100000001	166.627038385319
0.141	42.4232458087501	-211.64625132906
0.142	43.3322847700001	-62.2146886325329
0.143	44.2542176862501	142.749367445715
0.144	45.1891353600001	128.419253210278
0.145	46.1371285937501	-179.879260337047
0.146	47.0982881900001	-111.872989354552
0.147	48.0727049512501	74.9224804760344
0.148	49.0604696800001	171.084866999576
0.149	50.0616731787501	-37.2089150150165
0.15	51.0764062500001	-191.674020414924
0.151	52.1047596962501	-83.1582579457015
0.152	53.1468243200001	50.531707458475
0.153	54.2026909237501	132.92064618901
0.154	55.2724503100001	60.6283909859317
0.155	56.3561932812501	-98.5415486034237
0.156	57.4540106400001	-130.996901487433
0.157	58.5659931887501	-55.1280874533237
0.158	59.6922317300001	35.1885624338487
0.159	60.8328170662501	105.800662512682
0.16	61.9878400000001	114.42512014328
0.161	63.1573913337501	50.8870464965619
0.162	64.3415618700001	-8.98269192919717
0.163	65.5404424112501	-19.9589497744884
0.164	66.7541237600001	21.0598510389068
0.165	67.9826967187501	85.2631544082526
0.166	69.2262520900001	160.395230354114
0.167	70.4848806762501	200.889055205975
0.168	71.7586732800001	169.855113147162
0.169	73.0477207037501	81.5027942218012
0.17	74.3521137500001	26.9426825687543
0.171	75.6719432212501	60.7975879129959
0.172	77.0072999200002	137.001740900221
0.173	78.3582746487502	207.834688386196
0.174	79.7249582100002	227.308635694975
0.175	81.1074414062502	138.676784315772
0.176	82.5058150400002	34.2694848329946
0.177	83.9201699137502	70.2395451152206
0.178	85.3505968300002	152.921220699083
0.179	86.7971865912502	209.246721365444
0.18	88.2600300000002	157.646090585066
0.181	89.7392178587502	54.6678807094412
0.182	91.2348409700002	60.0222384492984
0.183	92.7469901362502	131.705018478707
0.184	94.2757561600002	171.941503683747
0.185	95.8212298437502	111.683284070011
0.186	97.3835019900002	30.5015604361857
0.187	98.9626634012502	59.3843178544601
0.188	100.55880488	116.422762418478
0.189	102.17201722875	141.013521303813
0.19	103.80239125	73.6220550619601
0.191	105.45001774625	23.7784149703312
0.192	107.11498752	50.1548679540684
0.193	108.79739137375	97.2492729232232
0.194	110.49732011	113.879808605149
0.195	112.21486453125	74.8465132826864
0.196	113.95011544	29.1258570450919
0.197	115.70316363875	37.3435989053207
0.198	117.47409993	75.4576267029475
0.199	119.26301511625	114.731023726426
0.2	121.07	121.359324106055
0.201	121.07	82.7937200444073
0.202	121.07	46.9236455534786
0.203	121.07	55.3887939410132
0.204	121.07	97.2111200439462
0.205	121.07	148.21733568258
0.206	121.07	179.48119477943
0.207	121.07	162.037471203818
0.208	121.07	112.025632667549
0.209	121.07	70.8367855245748
0.21	121.07	95.6307356776755
0.211	121.07	147.139356890462
0.212	121.07	202.011733213079
0.213	121.07	226.040885614802
0.214	121.07	178.081389042121
0.215	121.07	107.893971606553
0.216	121.07	95.612134678556
0.217	121.07	151.968067936554
0.218	121.07	212.991036726403
0.219	121.07	226.895710051663
0.22	121.07	152.240124294936
0.221	121.07	87.9718199890103
0.222	121.07	113.485292222511
0.223	121.07	176.309256920327
0.224	121.07	200.853754287328
0.225	121.07	136.164807276138
0.226	121.07	72.374499016702
0.227	121.07	99.5308500559532
0.228	121.07	152.206489453638
0.229	121.07	166.80955579026
0.23	121.07	104.976378584145
0.231	121.07	53.9377192272544
0.232	121.07	83.4469549624837
0.233	121.07	126.398701403148
0.234	121.07	136.92488243497
0.235	121.07	88.522811794776
0.236	121.07	48.3159956345643
0.237	121.07	68.5057566202229
0.238	121.07	107.314602485047
0.239	121.07	131.728791548121
0.24	121.07	111.444302323944
0.241	121.07	68.4654247732826
0.242	121.07	55.5527291955252
0.243	121.07	89.4875586140068
0.244	121.07	129.097478961103
0.245	121.07	154.599823490982
0.246	121.07	131.265043250149
0.247	121.07	83.7060070259937
0.248	121.07	66.1111558216764
0.249	121.07	101.714564221521
0.25	121.07	148.94825636558
0.251	121.07	189.427667149221
0.252	121.07	172.019913396512
0.253	121.07	111.544495452388
0.254	121.07	75.86515519888
0.255	121.07	106.772637744666
0.256	121.07	162.046720562527
0.257	121.07	196.602569413166
0.258	121.07	180.298291236415
0.259	121.07	114.574741664948
0.26	121.07	86.5039126227832
0.261	121.07	123.055183351867
0.262	121.07	178.748029347553
0.263	121.07	198.005569510129
0.264	121.07	143.106230893298
0.265	121.07	84.3026143846809
0.266	121.07	97.6199967403923
0.267	121.07	151.778539874943
0.268	121.07	182.949517461644
0.269	121.07	143.685121459927
0.27	121.07	80.8116261963076
0.271	121.07	77.9488399998992
0.272	121.07	124.926050422581
0.273	121.07	157.51128079473
0.274	121.07	134.812840465108
0.275	121.07	76.4887578122337
0.276	121.07	61.6110259743235
0.277	121.07	104.05796441281
0.278	121.07	138.607843370611
0.279	121.07	141.46234532676
0.28	121.07	91.7678590446522
0.281	121.07	58.5449097819847
0.282	121.07	82.7369403434932
0.283	121.07	123.436918148788
0.284	121.07	150.840994153556
0.285	121.07	131.044747236359
0.286	121.07	83.0580420643973
0.287	121.07	66.1673484954147
0.288	121.07	97.9871515760187
0.289	121.07	142.767019097047
0.29	121.07	169.997926550554
0.291	121.07	142.994093278095
0.292	121.07	89.964458576608
0.293	121.07	74.0027803177936
0.294	121.07	111.993351720452
0.295	121.07	158.185860521566
0.296	121.07	186.050635503236
0.297	121.07	153.325549397197
0.298	121.07	98.6755076646632
0.299	121.07	80.7596756436564
0.3	121.07	128.155602960613
0.301	121.07	179.026384741935
0.302	121.07	188.774094339259
0.303	121.07	137.789035807693
0.304	121.07	84.8891307426748
0.305	121.07	94.1297874657932
0.306	121.07	147.215896812356
0.307	121.07	178.979542081982
0.308	121.07	152.502076898586
0.309	121.07	91.5741064930438
0.31	121.07	79.9946779962409
0.311	121.07	121.323048671238
0.312	121.07	163.076959168873
0.313	121.07	159.503030150827
0.314	121.07	101.880069409989
0.315	121.07	64.9870972682943
0.316	121.07	97.2024770633493
0.317	121.07	141.95028241366
0.318	121.07	158.722487320598
0.319	121.07	115.803300936365
0.32	121.07	67.2812824326927
0.321	121.07	75.6333517111768
0.322	121.07	121.219987377544
0.323	121.07	152.8184329237
0.324	121.07	142.181276144452
0.325	121.07	89.1851467254536
0.326	121.07	62.8703519067849
0.327	121.07	95.7448378889201
0.328	121.07	138.19984454754
0.329	121.07	162.773628731976
0.33	121.07	135.42461521491
0.331	121.07	88.843949872385
0.332	121.07	70.8896682058902
0.333	121.07	111.492509711742
0.334	121.07	158.138622753478
0.335	121.07	175.922990647045
0.336	121.07	135.775168423219
0.337	121.07	86.8557250584153
0.338	121.07	80.6313154580794
0.339	121.07	128.200047612363
0.34	121.07	172.199409890171
0.341	121.07	175.065402987935
0.342	121.07	121.784354685653
0.343	121.07	76.9359775633315
0.344	121.07	97.8374211345745
0.345	121.07	146.268158095732
0.346	121.07	180.919923855053
0.347	121.07	154.466717222551
0.348	121.07	95.383179383025
0.349	121.07	72.6726225986963
0.35	121.07	117.34836966366
0.351	121.07	165.439323685891
0.352	121.07	170.253914955842
0.353	121.07	116.860894359233
0.354	121.07	74.6196237107422
0.355	121.07	90.5929782473345
0.356	121.07	141.597413993126
0.357	121.07	165.762370446816
0.358	121.07	136.797568586675
0.359	121.07	79.1269055478075
0.36	121.07	73.8220794502127
0.361	121.07	114.208354321198
0.362	121.07	155.259166725924
0.363	121.07	155.533336378131
0.364	121.07	104.798452330301
0.365	121.07	65.6325733330417
0.366	121.07	89.1210023115542
0.367	121.07	135.977302871877
0.368	121.07	165.381799168428
0.369	121.07	141.518676663574
0.37	121.07	90.9628826745339
0.371	121.07	70.5895885861095
0.372	121.07	105.909975361819
0.373	121.07	152.685027444174
0.374	121.07	169.193555769767
0.375	121.07	127.163166764574
0.376	121.07	77.9319601898125
0.377	121.07	84.911411479858
0.378	121.07	125.285442488744
0.379	121.07	168.064771506022
0.38	121.07	166.123984022791
0.381	121.07	113.197678162698
0.382	121.07	69.3876039587765
0.383	121.07	97.4417286035128
0.384	121.07	148.421187437073
0.385	121.07	177.333171941179
0.386	121.07	151.155701848158
0.387	121.07	92.2459455949098
0.388	121.07	73.3818617391352
0.389	121.07	116.477984016294
0.39	121.07	162.255304723256
0.391	121.07	172.632202353878
0.392	121.07	119.30840665675
0.393	121.07	73.2078849828624
0.394	121.07	92.2271801911212
0.395	121.07	136.104262581362
0.396	121.07	171.295714239585
0.397	121.07	147.883393503154
0.398	121.07	91.8580636675949
0.399	121.07	69.04978476384
0.4	121.07	110.432582237515
0.401	121.07	156.390165762598
0.402	121.07	166.670231232936
0.403	121.07	119.25785255417
0.404	121.07	75.8556760706996
0.405	121.07	87.589589960671
0.406	121.07	130.761776719263
0.407	121.07	163.789354314321
0.408	121.07	146.879071082195
0.409	121.07	89.7775869672858
0.41	121.07	74.4692472041578
0.411	121.07	105.063790664426
0.412	121.07	151.482517887987
0.413	121.07	166.915296681804
0.414	121.07	126.75057150648
0.415	121.07	75.2653602645818
0.416	121.07	80.7066535979425
0.417	121.07	126.420674263191
0.418	121.07	165.558632988213
0.419	121.07	162.935889273039
0.42	121.07	105.521783912805
0.421	121.07	74.3955284707705
0.422	121.07	97.6032907312295
0.423	121.07	142.942459338676
0.424	121.07	172.29758621148
0.425	121.07	143.221546886746
0.426	121.07	85.7135098271312
0.427	121.07	80.3488402422249
0.428	121.07	115.524226781531
0.429	121.07	161.474680266283
0.43	121.07	168.838704472876
0.431	121.07	119.556093645575
0.432	121.07	69.3675131224237
0.433	121.07	90.687405289699
0.434	121.07	138.105230239726
0.435	121.07	171.805808710823
0.436	121.07	152.531567043396
0.437	121.07	93.0998964603649
0.438	121.07	70.9402053823104
0.439	121.07	111.852763213616
0.44	121.07	154.991657870461
0.441	121.07	168.749760022329
0.442	121.07	123.160398240855
0.443	121.07	73.647409678489
0.444	121.07	86.9484887243981
0.445	121.07	128.974335188047
0.446	121.07	166.765801919089
0.447	121.07	153.442499566043
0.448	121.07	98.7124207807046
0.449	121.07	67.4419763369752
0.45	121.07	104.301569984172
0.451	121.07	148.589666547603
0.452	121.07	172.268649706676
0.453	121.07	133.024374932862
0.454	121.07	83.3355338712677
0.455	121.07	83.167005618236
0.456	121.07	124.244841427057
0.457	121.07	166.115882938937
0.458	121.07	159.467866883149
0.459	121.07	102.969496028764
0.46	121.07	68.8124554178682
0.461	121.07	97.9731364744469
0.462	121.07	144.065528161537
0.463	121.07	168.969566705373
0.464	121.07	139.126378434856
0.465	121.07	83.7028083401337
0.466	121.07	72.4400215746217
0.467	121.07	117.565292000648
0.468	121.07	157.679100736826
0.469	121.07	166.957460439695
0.47	121.07	118.960722578749
0.471	121.07	77.4772430430298
0.472	121.07	92.8345658698562
0.473	121.07	136.686448231827
0.474	121.07	172.182684836251
0.475	121.07	151.051530270699
0.476	121.07	91.5291887829914
0.477	121.07	71.5925910653616
0.478	121.07	107.282537248462
0.479	121.07	153.904687087258
0.48	121.07	168.51737350698
0.481	121.07	126.648144744349
0.482	121.07	73.0684174568702
0.483	121.07	85.7689199960399
0.484	121.07	131.000318233211
0.485	121.07	166.246269609195
0.486	121.07	158.443814328557
0.487	121.07	104.600228272794
0.488	121.07	74.6321624656572
0.489	121.07	102.472498703478
0.49	121.07	149.638251312232
0.491	121.07	171.863054812138
0.492	121.07	131.860085332312
0.493	121.07	78.2054092468216
0.494	121.07	79.9072332104359
0.495	121.07	122.653453198437
0.496	121.07	162.419131102442
0.497	121.07	160.770573103194
0.498	121.07	108.095838565161
0.499	121.07	67.5519739399848
0.5	121.07	98.0378693659612
0.501	121.07	143.111180276601
0.502	121.07	171.467055338699
0.503	121.07	141.392659968048
0.504	121.07	85.5014448616836
0.505	121.07	71.8177942387281
0.506	121.07	116.429514353996
0.507	121.07	160.620963720951
0.508	121.07	166.599123260745
0.509	121.07	116.959226645383
0.51	121.07	71.5666198019412
0.511	121.07	87.0785853347147
0.512	121.07	135.423882383328
0.513	121.07	167.510330033074
0.514	121.07	151.792910970464
0.515	121.07	94.3429953857017
0.516	121.07	69.6174263229102
0.517	121.07	111.362343377424
0.518	121.07	155.528306330482
0.519	121.07	171.664260929686
0.52	121.07	130.753027377738
0.521	121.07	79.765930970664
0.522	121.07	84.4305446894022
0.523	121.07	127.257719777691
0.524	121.07	168.832268866836
0.525	121.07	158.8100820022
0.526	121.07	105.557113727674
0.527	121.07	68.885662719605
0.528	121.07	97.9214720166371
0.529	121.07	146.033355030513
0.53	121.07	169.316120190024
0.531	121.07	137.094065201243
0.532	121.07	79.9709299909757
0.533	121.07	77.6468787722278
0.534	121.07	121.88132341273
0.535	121.07	164.340602131905
0.536	121.07	164.82056823029
0.537	121.07	112.450964448075
0.538	121.07	72.0018766828774
0.539	121.07	93.8622915239458
0.54	121.07	141.658577390535
0.541	121.07	171.476357883833
0.542	121.07	144.197458719086
0.543	121.07	86.1328574803473
0.544	121.07	71.3195417256994
0.545	121.07	113.982693324976
0.546	121.07	156.539174915397
0.547	121.07	165.333789122256
0.548	121.07	119.013691878226
0.549	121.07	69.4106249723182
0.55	121.07	89.6969345366731
0.551	121.07	134.590536044992
0.552	121.07	169.165304271174
0.553	121.07	153.270648241881
0.554	121.07	99.0569422435228
0.555	121.07	70.7029677219548
0.556	121.07	105.919563189562
0.557	121.07	153.725614779226
0.558	121.07	172.562880622338
0.559	121.07	130.178364553031
0.56	121.07	77.5062389670065
0.561	121.07	79.6965702697985
0.562	121.07	128.139147308873
0.563	121.07	165.717743381546
0.564	121.07	160.015842791159
0.565	121.07	103.919613755752
0.566	121.07	67.1226970049391
0.567	121.07	101.781370377168
0.568	121.07	146.024127721492
0.569	121.07	171.282915631469
0.57	121.07	138.67616565889
0.571	121.07	88.176470712979
0.572	121.07	73.587767626342
0.573	121.07	116.994944888619
0.574	121.07	163.139034815517
0.575	121.07	166.92204243739
0.576	121.07	113.677123730852
0.577	121.07	69.3318735598227
0.578	121.07	93.3859975984734
0.579	121.07	139.37557682441
0.58	121.07	170.477338055657
0.581	121.07	147.051230418732
0.582	121.07	88.0548099655649
0.583	121.07	70.7556521321981
0.584	121.07	111.028593008021
0.585	121.07	156.868174554359
0.586	121.07	168.226736301239
0.587	121.07	122.269462429338
0.588	121.07	79.5298652772875
0.589	121.07	85.9299158514613
0.59	121.07	131.219639376419
0.591	121.07	170.47179542801
0.592	121.07	155.835962228737
0.593	121.07	99.3018119704566
0.594	121.07	67.9163368157617
0.595	121.07	104.035517362565
0.596	121.07	151.000397414593
0.597	121.07	170.929643381071
0.598	121.07	132.579726286069
0.599	121.07	77.3626561640047
0.6	121.07	82.1137116225911
0.601	121.07	124.031124024934
0.602	121.07	165.053819478153
0.603	121.07	161.204270718199
0.604	121.07	105.580728198371
0.605	121.07	68.6595239521032
0.606	121.07	97.1717667208148
0.607	121.07	145.863300349891
0.608	121.07	172.904730789317
0.609	121.07	141.623647289493
0.61	121.07	88.7035671426605
0.611	121.07	72.4963407385523
0.612	121.07	117.550071170375
0.613	121.07	159.295935258874
0.614	121.07	165.285579759612
0.615	121.07	116.109067890094
0.616	121.07	70.9983893043344
0.617	121.07	89.6469555344671
0.618	121.07	135.000953073387
0.619	121.07	171.772903222914
0.62	121.07	147.707896591924
0.621	121.07	92.9503842922363
0.622	121.07	69.8524439706063
0.623	121.07	111.722984972069
0.624	121.07	156.891534640006
0.625	121.07	172.010005504205
0.626	121.07	126.505109890739
0.627	121.07	79.2163471126955
0.628	121.07	84.539434132975
0.629	121.07	129.619046558999
0.63	121.07	164.954040669094
0.631	121.07	154.63658418071
0.632	121.07	97.2487450499209
0.633	121.07	71.5474522501172
0.634	121.07	101.872273264961
0.635	121.07	147.337865252551
0.636	121.07	172.27891324688
0.637	121.07	133.920024597303
0.638	121.07	84.6980732574555
0.639	121.07	80.4939808403281
0.64	121.07	124.620079955391
0.641	121.07	166.466535553838
0.642	121.07	164.13829693877
0.643	121.07	108.542454416673
0.644	121.07	68.1401200612954
0.645	121.07	92.5158644747603
0.646	121.07	143.755433088628
0.647	121.07	167.596031043885
0.648	121.07	139.926315637975
0.649	121.07	82.7593238139884
0.65	121.07	77.8402327361606
0.651	121.07	114.786592873513
0.652	121.07	158.407257244418
0.653	121.07	166.154973643605
0.654	121.07	118.422683300134
0.655	121.07	72.0925259558064
0.656	121.07	89.0711607878347
0.657	121.07	138.069962968328
0.658	121.07	171.856871586928
0.659	121.07	153.284107176361
0.66	121.07	95.6316629611771
0.661	121.07	70.2806054445077
0.662	121.07	105.465693516989
0.663	121.07	152.670978816044
0.664	121.07	170.336014609385
0.665	121.07	127.477737117369
0.666	121.07	76.4861574849228
0.667	121.07	85.7109723502043
0.668	121.07	128.075365437747
0.669	121.07	167.597650600699
0.67	121.07	158.208683429482
0.671	121.07	104.23326967253
0.672	121.07	67.6962212241001
0.673	121.07	100.295513336199
0.674	121.07	150.374503759162
0.675	121.07	173.616998467364
0.676	121.07	138.611759861915
0.677	121.07	85.9505852373286
0.678	121.07	75.8899311079488
0.679	121.07	120.258923498516
0.68	121.07	160.292704650551
0.681	121.07	163.227131403878
0.682	121.07	107.134266722754
0.683	121.07	70.6586214806436
0.684	121.07	96.3074833764368
0.685	121.07	141.862024022773
0.686	121.07	172.181347189795
0.687	121.07	142.349165114558
0.688000000000001	121.07	87.5303006291933
0.689000000000001	121.07	71.8389867060183
0.690000000000001	121.07	112.97021955933
0.691000000000001	121.07	160.068916374225
0.692000000000001	121.07	166.525502786883
0.693000000000001	121.07	118.847183894804
0.694000000000001	121.07	76.2658755278455
0.695000000000001	121.07	88.8577545255568
0.696000000000001	121.07	133.777349524092
0.697000000000001	121.07	166.807090173977
0.698000000000001	121.07	148.861079671055
0.699000000000001	121.07	92.0458433002404
0.700000000000001	121.07	72.9954232790167
0.701000000000001	121.07	106.14792940038
0.702000000000001	121.07	154.42288623586
0.703000000000001	121.07	170.976686273593
0.704000000000001	121.07	129.708360195517
0.705000000000001	121.07	76.5911621487083
0.706000000000001	121.07	80.625751660818
0.707000000000001	121.07	127.767505119728
0.708000000000001	121.07	166.725650177547
0.709000000000001	121.07	161.625062852502
0.710000000000001	121.07	105.511873466554
0.711000000000001	121.07	74.9365344217524
0.712000000000001	121.07	99.3904220260847
0.713000000000001	121.07	146.275866089369
0.714000000000001	121.07	171.223542803538
0.715000000000001	121.07	137.586918574781
0.716000000000001	121.07	86.5443641406369
0.717000000000001	121.07	81.3728024408157
0.718000000000001	121.07	117.76091076278
0.719000000000001	121.07	162.564337350122
0.720000000000001	121.07	164.810835476208
0.721000000000001	121.07	112.287252482154
0.722000000000001	121.07	67.2572729455894
0.723000000000001	121.07	93.7436630371872
0.724000000000001	121.07	141.152527155007
0.725000000000001	121.07	169.983487836585
0.726000000000001	121.07	145.33438696057
0.727000000000001	121.07	87.0120338655609
0.728000000000001	121.07	72.0204944258438
0.729000000000001	121.07	114.205021355294
0.730000000000001	121.07	157.071853644522
0.731000000000001	121.07	164.281664410844
0.732000000000001	121.07	115.961538142401
0.733000000000001	121.07	71.8801055858214
0.734000000000001	121.07	88.5507576549276
0.735000000000001	121.07	130.593453214735
0.736000000000001	121.07	167.730819083662
0.737000000000001	121.07	151.617265381777
0.738000000000001	121.07	97.4757745586747
0.739000000000001	121.07	68.5885853141871
0.740000000000001	121.07	106.018514272493
0.741000000000001	121.07	150.942611642508
0.742000000000001	121.07	174.15444894962
0.743000000000001	121.07	135.094223910865
0.744000000000001	121.07	84.6047885965632
0.745000000000001	121.07	82.8622813514949
0.746000000000001	121.07	124.286823364414
0.747000000000001	121.07	169.156765522408
0.748000000000001	121.07	163.358168706136
0.749000000000001	121.07	108.189797878999
0.750000000000001	121.07	70.8081221484919
0.751000000000001	121.07	96.8921748836
0.752000000000001	121.07	144.033586713287
0.753000000000001	121.07	170.576623089862
0.754000000000001	121.07	140.762261926289
0.755000000000001	121.07	83.3841976427741
0.756000000000001	121.07	73.2969159256771
0.757000000000001	121.07	118.448533413103
0.758000000000001	121.07	158.997603883409
0.759000000000001	121.07	165.868042026791
0.760000000000001	121.07	115.067354952828
0.761000000000001	121.07	75.5859008950646
0.762000000000001	121.07	93.0519871754938
0.763000000000001	121.07	137.008125983773
0.764000000000001	121.07	171.274677602746
0.765000000000001	121.07	145.62450775021
0.766000000000001	121.07	87.2103619293476
0.767000000000001	121.07	76.1214967103896
0.768000000000001	121.07	108.699789990132
0.769000000000001	121.07	154.110512041475
0.770000000000001	121.07	165.18210408721
0.771000000000001	121.07	121.672556614564
0.772000000000001	121.07	70.4354184628493
0.773000000000001	121.07	87.9302216331708
0.774000000000001	121.07	133.689348236191
0.775000000000001	121.07	167.202801197973
0.776000000000001	121.07	154.653856070177
0.777000000000001	121.07	101.539071984651
0.778000000000001	121.07	69.758154168829
0.779000000000001	121.07	102.938401762426
0.780000000000001	121.07	148.50624418304
0.781000000000001	121.07	172.348711977789
0.782000000000001	121.07	132.146691509098
0.783000000000001	121.07	79.14606173291
0.784000000000001	121.07	80.6621599252126
0.785000000000001	121.07	122.843462865333
0.786000000000001	121.07	162.626154878995
0.787000000000001	121.07	164.012875063209
0.788000000000001	121.07	111.52354411643
0.789000000000001	121.07	67.6725336384924
0.790000000000001	121.07	96.3412020020111
0.791000000000001	121.07	142.43961987718
0.792000000000001	121.07	173.837467106658
0.793000000000001	121.07	147.661063988495
0.794000000000001	121.07	93.0719366754808
0.795000000000001	121.07	72.5623515614887
0.796000000000001	121.07	114.007476110555
0.797000000000001	121.07	159.397793204208
0.798000000000001	121.07	171.052261119113
0.799000000000001	121.07	120.196460690663
0.800000000000001	121.07	71.7983030417313
0.801000000000001	121.07	87.906279433053
0.802000000000001	121.07	134.243908734645
0.803000000000001	121.07	167.627329321412
0.804000000000001	121.07	150.453289565149
0.805000000000001	121.07	92.5085678620685
0.806000000000001	121.07	68.7941260754778
0.807000000000001	121.07	110.571062450238
0.808000000000001	121.07	153.149832866011
0.809000000000001	121.07	170.505584809253
0.810000000000001	121.07	126.393682554688
0.811000000000001	121.07	76.9747774075445
0.812000000000001	121.07	83.4912064016444
0.813000000000001	121.07	126.132453647843
0.814000000000001	121.07	167.059819212135
0.815000000000001	121.07	155.723909817802
0.816000000000001	121.07	99.9631192176905
0.817000000000001	121.07	67.1434521087305
0.818000000000001	121.07	99.5337860151942
0.819000000000001	121.07	145.71553896162
0.820000000000001	121.07	170.122318381309
0.821000000000001	121.07	138.829194299447
0.822000000000001	121.07	81.2365962051012
0.823000000000001	121.07	74.8077233959663
0.824000000000001	121.07	120.23370101408
0.825000000000001	121.07	163.642620577327
0.826000000000001	121.07	168.671052406722
0.827000000000001	121.07	118.259742454073
0.828000000000001	121.07	74.8702019950407
0.829000000000001	121.07	90.0915570276604
0.830000000000001	121.07	139.712260809515
0.831000000000001	121.07	173.261171929377
0.832000000000001	121.07	151.726303621276
0.833000000000001	121.07	95.704929590777
0.834000000000001	121.07	70.2269324924611
0.835000000000001	121.07	111.350207973144
0.836000000000001	121.07	154.380188580631
0.837000000000001	121.07	168.98003089301
0.838000000000001	121.07	125.297175518993
0.839000000000001	121.07	77.5060282179768
0.840000000000001	121.07	87.4355196455855
0.841000000000001	121.07	131.243512548736
0.842000000000001	121.07	167.645947991738
0.843000000000001	121.07	154.271888821152
0.844000000000001	121.07	98.6479569398699
0.845000000000001	121.07	68.7144745794338
0.846000000000001	121.07	104.208142049953
0.847000000000001	121.07	150.763507334747
0.848000000000001	121.07	169.918751406902
0.849000000000001	121.07	127.22405445238
0.850000000000001	121.07	75.1514425437323
0.851000000000001	121.07	77.0836835689631
0.852000000000001	121.07	126.680232633151
0.853000000000001	121.07	162.031219376312
0.854000000000001	121.07	157.813048622159
0.855000000000001	121.07	102.054366433044
0.856000000000001	121.07	67.1017382519859
0.857000000000001	121.07	98.1849493364482
0.858000000000001	121.07	143.089326307095
0.859000000000001	121.07	171.162845680201
0.860000000000001	121.07	140.934663798186
0.861000000000001	121.07	90.2375779649832
0.862000000000001	121.07	72.865461076406
0.863000000000001	121.07	116.514269178514
0.864000000000001	121.07	162.731811443503
0.865000000000001	121.07	171.895767319111
0.866000000000001	121.07	121.901483435847
0.867000000000001	121.07	73.1347020958392
0.868000000000001	121.07	88.986238506439
0.869000000000001	121.07	136.746735909508
0.870000000000001	121.07	169.032153344156
0.871000000000001	121.07	153.761378188847
0.872000000000001	121.07	94.8604590875922
0.873000000000001	121.07	73.2076266388695
0.874000000000001	121.07	106.138204722697
0.875000000000001	121.07	153.054499825487
0.876000000000001	121.07	171.885568514024
0.877000000000001	121.07	129.998102077282
0.878000000000001	121.07	81.5292709051425
0.879000000000001	121.07	83.7248595816188
0.880000000000001	121.07	129.76450257954
0.881000000000001	121.07	167.647166870083
0.882000000000001	121.07	158.400912575185
0.883000000000001	121.07	101.15974627749
0.884000000000001	121.07	67.2305375857538
0.885000000000001	121.07	98.619548247337
0.886000000000001	121.07	148.704791593124
0.887000000000001	121.07	168.639831316539
0.888000000000001	121.07	133.937805037214
0.889000000000001	121.07	77.5872827619441
0.890000000000001	121.07	81.9870276109588
0.891000000000001	121.07	121.466788553844
0.892000000000001	121.07	161.679883443571
0.893000000000001	121.07	160.105329446288
0.894000000000001	121.07	106.903249250341
0.895000000000001	121.07	67.9436178986304
0.896000000000001	121.07	93.8344509758685
0.897000000000001	121.07	142.625126473734
0.898000000000001	121.07	171.512906593049
0.899000000000001	121.07	144.187903907898
0.900000000000001	121.07	91.29431969792
0.901000000000001	121.07	72.7383887055134
0.902000000000001	121.07	111.799302248955
0.903000000000001	121.07	157.08282401835
0.904000000000001	121.07	169.901688470061
0.905000000000001	121.07	121.9225765122
0.906000000000001	121.07	74.3529935431047
0.907000000000001	121.07	89.4522816852105
0.908000000000001	121.07	132.959291342837
0.909000000000001	121.07	171.64686934681
0.910000000000001	121.07	153.0478074565
0.911000000000001	121.07	98.5536445388359
0.912000000000001	121.07	68.3853260726371
0.913000000000001	121.07	106.378635696508
0.914000000000001	121.07	154.128213809521
0.915000000000001	121.07	172.846788146986
0.916000000000001	121.07	133.144818857375
0.917000000000001	121.07	82.2420278977922
0.918000000000001	121.07	82.8466925402683
0.919000000000001	121.07	124.81623459076
0.920000000000001	121.07	163.43929172728
0.921000000000001	121.07	159.458068872704
0.922000000000001	121.07	101.061826529992
0.923000000000001	121.07	71.2635228355106
0.924000000000001	121.07	100.556755953399
0.925000000000001	121.07	145.714933117118
0.926000000000001	121.07	171.243751801362
0.927000000000001	121.07	136.02693845228
0.928000000000001	121.07	85.4078174310312
0.929000000000001	121.07	75.1537027456484
0.930000000000001	121.07	118.508518948736
0.931000000000001	121.07	164.204794643482
0.932000000000001	121.07	163.502913845321
0.933000000000001	121.07	110.867057277943
0.934000000000001	121.07	68.3105114268311
0.935000000000001	121.07	92.8176657141117
0.936000000000001	121.07	139.90878433401
0.937000000000001	121.07	166.684902720289
0.938000000000001	121.07	143.159478795852
0.939000000000001	121.07	85.9342356586558
0.940000000000001	121.07	77.7526812205053
0.941000000000001	121.07	110.650303318151
0.942000000000001	121.07	156.57229223463
0.943000000000001	121.07	168.505426678219
0.944000000000001	121.07	123.379406851897
0.945000000000001	121.07	77.5921852119627
0.946000000000001	121.07	87.5765498661388
0.947000000000001	121.07	133.55671029509
0.948000000000001	121.07	170.314703706976
0.949000000000001	121.07	157.483975070813
0.950000000000001	121.07	100.239948311781
0.951000000000001	121.07	69.7355743202532
0.952000000000001	121.07	104.925230610134
0.953000000000001	121.07	151.276898905796
0.954000000000001	121.07	169.99834140841
0.955000000000001	121.07	130.19075698391
0.956000000000001	121.07	78.4912167282782
0.957000000000001	121.07	84.1085343172427
0.958000000000001	121.07	123.703448859077
0.959000000000001	121.07	165.509986117044
0.960000000000001	121.07	159.850390990866
0.961000000000001	121.07	106.748773197651
0.962000000000001	121.07	66.4439058982183
0.963000000000001	121.07	97.9355138563467
0.964000000000001	121.07	144.676397667323
0.965000000000001	121.07	172.299500680929
0.966000000000001	121.07	142.374956001282
0.967000000000001	121.07	88.0858773700773
0.968000000000001	121.07	75.6007172318643
0.969000000000001	121.07	119.609344046972
0.970000000000001	121.07	159.783766949396
0.971000000000001	121.07	164.175656263795
0.972000000000001	121.07	111.610423270394
0.973000000000001	121.07	70.6811992004547
0.974000000000001	121.07	93.0137251852384
0.975000000000001	121.07	136.355502428456
0.976000000000001	121.07	170.207544336851
0.977000000000001	121.07	145.28319269573
0.978000000000001	121.07	90.9141111918316
0.979000000000001	121.07	69.7910266866655
0.980000000000001	121.07	111.764713556106
0.981000000000001	121.07	155.91534087839
0.982000000000001	121.07	169.335873035688
0.983000000000001	121.07	125.140922092238
0.984000000000001	121.07	78.6403658574811
0.985000000000001	121.07	88.0167265601757
0.986000000000001	121.07	130.676677171222
0.987000000000001	121.07	168.501220774541
0.988000000000001	121.07	153.450479934649
0.989000000000001	121.07	96.2274329116323
0.990000000000001	121.07	71.0154849739432
0.991000000000001	121.07	103.609811445311
0.992000000000001	121.07	150.280373497665
0.993000000000001	121.07	170.505395468758
0.994000000000001	121.07	133.631501250643
0.995000000000001	121.07	78.8813031641313
0.996000000000001	121.07	77.5074624048756
0.997000000000001	121.07	125.680248626596
0.998000000000001	121.07	163.504540700377
0.999000000000001	121.07	163.497099317485
1	121.07	108.526768660527
1.001	121.07	74.8311302296541
1.002	121.07	98.2901273547034
1.003	121.07	143.594270088583
1.004	121.07	171.511484533955
1.005	121.07	141.534974165134
1.006	121.07	84.4905879939284
1.007	121.07	77.911292323131
1.008	121.07	113.99455525141
1.009	121.07	157.946572057824
1.01	121.07	165.934299273172
1.011	121.07	117.475146921757
1.012	121.07	68.4761806506315
1.013	121.07	92.4220694024909
1.014	121.07	141.117706860121
1.015	121.07	170.387702029878
1.016	121.07	149.522184201659
1.017	121.07	91.5317482152446
1.018	121.07	70.3799036172861
1.019	121.07	111.234378567602
1.02	121.07	153.240561530374
1.021	121.07	166.8169018124
1.022	121.07	120.624962964991
1.023	121.07	74.0398211621381
1.024	121.07	84.8571067606948
1.025	121.07	128.954410004901
1.026	121.07	165.479086706348
1.027	121.07	156.509090952609
1.028	121.07	102.453533229777
1.029	121.07	67.8949873750995
1.03	121.07	104.896549306658
1.031	121.07	149.300242741153
1.032	121.07	175.908686262455
1.033	121.07	137.816127550599
1.034	121.07	82.4541160338832
1.035	121.07	80.267789411267
1.036	121.07	121.288364879973
1.037	121.07	165.876974924884
1.038	121.07	163.675435717343
1.039	121.07	108.427303598872
1.04	121.07	69.9802720106722
1.041	121.07	93.9196481065856
1.042	121.07	142.213559763192
1.043	121.07	168.779473444504
1.044	121.07	144.302772855893
1.045	121.07	86.8472076674356
1.046	121.07	71.6064567532779
1.047	121.07	117.605832632701
1.048	121.07	158.546482500163
1.049	121.07	169.524268379143
1.05	121.07	119.537348936065
1.051	121.07	78.1103656481179
1.05199999999999	121.07	90.0788961669571
1.05299999999999	121.07	133.580449103423
1.05399999999999	121.07	169.190726260615
1.05499999999999	121.07	148.370837340032
1.05599999999999	121.07	91.8238916256617
1.05699999999999	121.07	71.2935873543357
1.05799999999999	121.07	106.839439228445
1.05899999999999	121.07	154.739392863556
1.05999999999999	121.07	167.979183037798
1.06099999999999	121.07	125.882538835553
1.06199999999999	121.07	72.5584791833123
1.06299999999999	121.07	84.9914352048702
1.06399999999999	121.07	130.433493542128
1.06499999999999	121.07	165.58182990132
1.06599999999999	121.07	157.276297604266
1.06699999999999	121.07	104.060206055652
1.06799999999999	121.07	70.1796465599195
1.06899999999999	121.07	99.2484477216097
1.06999999999999	121.07	147.207762563411
1.07099999999999	121.07	171.724527632266
1.07199999999999	121.07	136.816473856244
1.07299999999999	121.07	81.6210242834739
1.07399999999999	121.07	76.1735629876141
1.07499999999999	121.07	121.765787601106
1.07599999999999	121.07	162.752315322754
1.07699999999999	121.07	165.831731616737
1.07799999999999	121.07	113.5490725761
1.07899999999999	121.07	67.6656218275216
1.07999999999999	121.07	93.7581010059214
1.08099999999999	121.07	140.439844992633
1.08199999999999	121.07	171.856010629711
1.08299999999999	121.07	147.62005437586
1.08399999999999	121.07	94.6462382845038
1.08499999999999	121.07	72.7731468531794
1.08599999999999	121.07	111.235096847643
1.08699999999999	121.07	158.420305985698
1.08799999999999	121.07	170.544361859851
1.08899999999999	121.07	123.125786889152
1.08999999999999	121.07	73.4638715862828
1.09099999999999	121.07	86.9196964395639
1.09199999999999	121.07	135.017467813423
1.09299999999999	121.07	168.604119142584
1.09399999999999	121.07	152.816077334765
1.09499999999999	121.07	94.1497507763254
1.09599999999999	121.07	67.3507587030327
1.09699999999999	121.07	108.215377298676
1.09799999999999	121.07	152.004369749643
1.09899999999999	121.07	168.015228100991
1.09999999999999	121.07	127.895848547908
1.10099999999999	121.07	78.6232736886894
1.10199999999999	121.07	82.5674585200248
1.10299999999999	121.07	125.350232723262
1.10399999999999	121.07	167.645279668947
1.10499999999999	121.07	158.575789221884
1.10599999999999	121.07	102.607570602128
1.10699999999999	121.07	67.2946563182744
1.10799999999999	121.07	97.7830139477908
1.10899999999999	121.07	146.184150456169
1.10999999999999	121.07	170.638095701897
1.11099999999999	121.07	139.730692247905
1.11199999999999	121.07	80.7414065545288
1.11299999999999	121.07	73.6964763420651
1.11399999999999	121.07	117.186936009806
1.11499999999999	121.07	162.956132536773
1.11599999999999	121.07	166.330643615498
1.11699999999999	121.07	117.968049328922
1.11799999999999	121.07	75.2422599032854
1.11899999999999	121.07	91.5803426416238
1.11999999999999	121.07	139.408122905754
1.12099999999999	121.07	173.994287668398
1.12199999999999	121.07	151.497854806184
1.12299999999999	121.07	96.7687637954046
1.12399999999999	121.07	70.026978220305
1.12499999999999	121.07	109.716058915986
1.12599999999999	121.07	155.304672574041
1.12699999999999	121.07	168.644547327876
1.12799999999999	121.07	125.279570947603
1.12899999999999	121.07	77.3677532249134
1.12999999999999	121.07	87.1637964941983
1.13099999999999	121.07	130.012472197933
1.13199999999999	121.07	167.66195191551
1.13299999999999	121.07	154.606804665652
1.13399999999999	121.07	100.712042898587
1.13499999999999	121.07	69.1704449506528
1.13599999999999	121.07	104.269872026424
1.13699999999999	121.07	151.727640608859
1.13799999999999	121.07	172.034104754263
1.13899999999999	121.07	128.78989533199
1.13999999999999	121.07	75.4042476517611
1.14099999999999	121.07	76.1146187280674
1.14199999999999	121.07	125.429748608091
1.14299999999998	121.07	161.837085953884
1.14399999999998	121.07	156.107002664962
1.14499999999998	121.07	101.526339299543
1.14599999999998	121.07	67.1778595283355
1.14699999999998	121.07	98.2585988487885
1.14799999999998	121.07	142.674239644663
1.14899999999998	121.07	170.507910433926
1.14999999999998	121.07	141.568552650466
1.15099999999998	121.07	90.8743911702778
1.15199999999998	121.07	73.7803628238127
1.15299999999998	121.07	117.732511371304
1.15399999999998	121.07	162.993238402991
1.15499999999998	121.07	172.689961706242
1.15599999999998	121.07	121.761041286901
1.15699999999998	121.07	72.6861350877205
1.15799999999998	121.07	89.3486111708188
1.15899999999998	121.07	135.887431314061
1.15999999999998	121.07	169.052883569933
1.16099999999998	121.07	150.311415117969
1.16199999999998	121.07	92.6641398492267
1.16299999999998	121.07	73.0361249491093
1.16399999999998	121.07	108.688124953222
1.16499999999998	121.07	153.735985814096
1.16599999999998	121.07	171.257077828317
1.16699999999998	121.07	128.266810535579
1.16799999999998	121.07	81.3738090496838
1.16899999999998	121.07	83.6383841311258
1.16999999999998	121.07	129.890967656499
1.17099999999998	121.07	168.635828650554
1.17199999999998	121.07	158.054096219945
1.17299999999998	121.07	99.9224639799802
1.17399999999998	121.07	66.9302154262081
1.17499999999998	121.07	98.6539149479504
1.17599999999998	121.07	148.065895165647
1.17699999999998	121.07	167.981610826088
1.17799999999998	121.07	132.959152696041
1.17899999999998	121.07	77.834424889134
1.17999999999998	121.07	82.3691735019823
1.18099999999998	121.07	122.663000207754
1.18199999999998	121.07	163.324280449848
1.18299999999998	121.07	164.319393169971
1.18399999999998	121.07	106.672482666821
1.18499999999998	121.07	68.5397413543623
1.18599999999998	121.07	93.8634173011889
1.18699999999998	121.07	143.086621364679
1.18799999999998	121.07	171.65837362767
1.18899999999998	121.07	143.693825329474
1.18999999999998	121.07	90.2277127406617
1.19099999999998	121.07	72.5820158515576
1.19199999999998	121.07	112.640326261918
1.19299999999998	121.07	156.581325591893
1.19399999999998	121.07	167.719567915225
1.19499999999998	121.07	120.288576713559
1.19599999999998	121.07	78.2896477201772
1.19699999999998	121.07	91.4220930695702
1.19799999999998	121.07	135.045568090491
1.19899999999998	121.07	172.376976852359
1.19999999999998	121.07	152.580092798175
1.20099999999998	121.07	96.58904144145
1.20199999999998	121.07	69.1535862473861
1.20299999999998	121.07	107.358182432432
1.20399999999998	121.07	154.507986845691
1.20499999999998	121.07	171.840251763984
1.20599999999998	121.07	126.874937603624
1.20699999999998	121.07	78.9018112279371
1.20799999999998	121.07	80.9064835729373
1.20899999999998	121.07	127.829187230426
1.20999999999998	121.07	163.225282608473
1.21099999999998	121.07	155.268979391723
1.21199999999998	121.07	98.1456692117016
1.21299999999998	121.07	71.03814358758
1.21399999999998	121.07	100.932181563833
1.21499999999998	121.07	146.721878177045
1.21599999999998	121.07	171.92991229872
1.21699999999998	121.07	136.076520457578
1.21799999999998	121.07	84.8361434527053
1.21899999999998	121.07	76.5293345716684
1.21999999999998	121.07	119.447841486652
1.22099999999998	121.07	165.536100990205
1.22199999999998	121.07	164.226512121867
1.22299999999998	121.07	111.448288364884
1.22399999999998	121.07	69.0919664984155
1.22499999999998	121.07	93.7038219808576
1.22599999999998	121.07	141.662364356886
1.22699999999998	121.07	168.477457519644
1.22799999999998	121.07	143.950538971875
1.22899999999998	121.07	86.7784827493147
1.22999999999998	121.07	78.2856567016226
1.23099999999998	121.07	111.284438714817
1.23199999999998	121.07	157.482417713171
1.23299999999998	121.07	168.668852936955
1.23399999999997	121.07	122.50230659696
1.23499999999997	121.07	77.0088817562279
1.23599999999997	121.07	88.3428388351461
1.23699999999997	121.07	134.118314796893
1.23799999999997	121.07	169.950939736415
1.23899999999997	121.07	155.084546751345
1.23999999999997	121.07	97.4772498132579
1.24099999999997	121.07	69.9199128481968
1.24199999999997	121.07	106.22304703697
1.24299999999997	121.07	153.313261551676
1.24399999999997	121.07	170.204011412614
1.24499999999997	121.07	127.442800681079
1.24599999999997	121.07	77.2063593124678
1.24699999999997	121.07	83.7285150274696
1.24799999999997	121.07	124.008606329861
1.24899999999997	121.07	166.01030606612
1.24999999999997	121.07	157.374680958886
1.25099999999997	121.07	103.42640845794
1.25199999999997	121.07	66.6092544095639
1.25299999999997	121.07	98.7242400562578
1.25399999999997	121.07	146.057027502276
1.25499999999997	121.07	171.433768333308
1.25599999999997	121.07	139.872071014275
1.25699999999997	121.07	86.9837549307606
1.25799999999997	121.07	75.7059576269476
1.25899999999997	121.07	119.266331911683
1.25999999999997	121.07	161.247401863525
1.26099999999997	121.07	164.02293766749
1.26199999999997	121.07	111.245231653476
1.26299999999997	121.07	71.2413108346884
1.26399999999997	121.07	93.1521507137544
1.26499999999997	121.07	136.407404948966
1.26599999999997	121.07	170.967995129744
1.26699999999997	121.07	147.075265034606
1.26799999999997	121.07	92.2093972044259
1.26899999999997	121.07	70.5303273091636
1.26999999999997	121.07	110.919015407677
1.27099999999997	121.07	156.809537911876
1.27199999999997	121.07	171.660214691225
1.27299999999997	121.07	126.82798077386
1.27399999999997	121.07	79.3835732062303
1.27499999999997	121.07	86.3317026736448
1.27599999999997	121.07	129.434692567444
1.27699999999997	121.07	170.006176336419
1.27799999999997	121.07	155.734139758615
1.27899999999997	121.07	96.6786038184944
1.27999999999997	121.07	71.103759649921
1.28099999999997	121.07	102.75838849591
1.28199999999997	121.07	149.608414626037
1.28299999999997	121.07	170.660598464856
1.28399999999997	121.07	133.848566361857
1.28499999999997	121.07	78.2533544014704
1.28599999999997	121.07	77.0613137740926
1.28699999999997	121.07	125.336676683078
1.28799999999997	121.07	164.225831082517
1.28899999999997	121.07	163.516380255804
1.28999999999997	121.07	107.600962006195
1.29099999999997	121.07	74.1251489666921
1.29199999999997	121.07	97.0409534249061
1.29299999999997	121.07	141.626109154157
1.29399999999997	121.07	171.400426160127
1.29499999999997	121.07	140.731162562936
1.29599999999997	121.07	87.069409278587
1.29699999999997	121.07	78.4946848088905
1.29799999999997	121.07	113.838423579559
1.29899999999997	121.07	158.45332023679
1.29999999999997	121.07	164.606479501207
1.30099999999997	121.07	116.130451310336
1.30199999999997	121.07	68.2814494743028
1.30299999999997	121.07	91.5466156528646
1.30399999999997	121.07	139.649869100381
1.30499999999997	121.07	170.424633023335
1.30599999999997	121.07	148.60581252492
1.30699999999997	121.07	91.3063112148926
1.30799999999997	121.07	68.7789900264468
1.30899999999997	121.07	110.023497267962
1.30999999999997	121.07	152.916243706938
1.31099999999997	121.07	168.684682217382
1.31199999999997	121.07	122.852577951073
1.31299999999997	121.07	74.9464506641195
1.31399999999997	121.07	84.9344994951806
1.31499999999997	121.07	127.444486152838
1.31599999999997	121.07	165.742334859519
1.31699999999997	121.07	159.960047630515
1.31799999999997	121.07	105.464432076995
1.31899999999997	121.07	67.0658299120144
1.31999999999997	121.07	102.097044503509
1.32099999999997	121.07	147.442739042215
1.32199999999997	121.07	177.025203906374
1.32299999999997	121.07	142.115127166565
1.32399999999996	121.07	84.5001067204266
1.32499999999996	121.07	79.0089195475022
1.32599999999996	121.07	118.837269902798
1.32699999999996	121.07	163.554987393868
1.32799999999996	121.07	167.068322004344
1.32899999999996	121.07	113.737267717308
1.32999999999996	121.07	70.4786841549431
1.33099999999996	121.07	93.1621354351562
1.33199999999996	121.07	139.394579636942
1.33299999999996	121.07	168.560631076571
1.33399999999996	121.07	144.824149309083
1.33499999999996	121.07	87.8861998402513
1.33599999999996	121.07	71.1787932937419
1.33699999999996	121.07	114.892975461622
1.33799999999996	121.07	156.708252224393
1.33899999999996	121.07	169.864906820633
1.33999999999996	121.07	120.280411178786
1.34099999999996	121.07	77.6023020086949
1.34199999999996	121.07	88.2001432178184
1.34299999999996	121.07	132.091358322385
1.34399999999996	121.07	169.176573241696
1.34499999999996	121.07	149.083719895936
1.34599999999996	121.07	92.4572900970932
1.34699999999996	121.07	69.538283401903
1.34799999999996	121.07	104.816317377661
1.34899999999996	121.07	151.808332797798
1.34999999999996	121.07	168.754210111411
1.35099999999996	121.07	128.374712962725
1.35199999999996	121.07	74.4512274144235
1.35299999999996	121.07	77.6599676765153
1.35399999999996	121.07	126.256323778407
1.35499999999996	121.07	165.169521743983
1.35599999999996	121.07	162.301970204423
1.35699999999996	121.07	109.08628614429
1.35799999999996	121.07	71.7548539961598
1.35899999999996	121.07	95.7166575510206
1.35999999999996	121.07	145.541017051765
1.36099999999996	121.07	174.12563380738
1.36199999999996	121.07	145.198949994055
1.36299999999996	121.07	86.4296319145928
1.36399999999996	121.07	71.5469524427374
1.36499999999996	121.07	117.447006106684
1.36599999999996	121.07	159.313876554629
1.36699999999996	121.07	169.266287368131
1.36799999999996	121.07	120.884174490485
1.36899999999996	121.07	71.2177897707405
1.36999999999996	121.07	90.2288904756431
1.37099999999996	121.07	135.815344410611
1.37199999999996	121.07	171.20585722137
1.37299999999996	121.07	154.488950120628
1.37399999999996	121.07	98.3173567901351
1.37499999999996	121.07	70.3927439397372
1.37599999999996	121.07	108.290053379032
1.37699999999996	121.07	155.026414831541
1.37799999999996	121.07	172.02202002848
1.37899999999996	121.07	126.77250118811
1.37999999999996	121.07	74.6597409983185
1.38099999999996	121.07	82.5345715808955
1.38199999999996	121.07	131.375236917937
1.38299999999996	121.07	165.990472542128
1.38399999999996	121.07	155.777481806589
1.38499999999996	121.07	96.7853052843931
1.38599999999996	121.07	66.7569664254946
1.38699999999996	121.07	103.781908295597
1.38799999999996	121.07	148.924970144474
1.38899999999996	121.07	167.874802270847
1.38999999999996	121.07	131.322478908065
1.39099999999996	121.07	80.2564047709581
1.39199999999996	121.07	78.4134264675151
1.39299999999996	121.07	121.966464590012
1.39399999999996	121.07	165.157193135699
1.39499999999996	121.07	163.114476007893
1.39599999999996	121.07	107.812036707195
1.39699999999996	121.07	67.766027095538
1.39799999999996	121.07	92.696030212682
1.39899999999996	121.07	141.660105833195
1.39999999999996	121.07	170.389028182644
1.40099999999996	121.07	145.081974929154
1.40199999999996	121.07	86.9614909834941
1.40299999999996	121.07	74.7701120053751
1.40399999999996	121.07	112.786666373615
1.40499999999996	121.07	158.978500248692
1.40599999999996	121.07	169.393775092943
1.40699999999996	121.07	124.233817136182
1.40799999999996	121.07	77.0070078961107
1.40899999999996	121.07	87.2819846737042
1.40999999999996	121.07	135.009249313549
1.41099999999996	121.07	171.467099771277
1.41199999999996	121.07	157.947572435489
1.41299999999996	121.07	102.647117835449
1.41399999999996	121.07	69.7466489557965
1.41499999999995	121.07	102.616445444608
1.41599999999995	121.07	152.326449223982
1.41699999999995	121.07	170.333359361637
1.41799999999995	121.07	132.673807507346
1.41899999999995	121.07	80.5129380506355
1.41999999999995	121.07	85.3107319988093
1.42099999999995	121.07	126.358214816839
1.42199999999995	121.07	164.2536720344
1.42299999999995	121.07	157.614598878272
1.42399999999995	121.07	104.017218342917
1.42499999999995	121.07	68.4407050157976
1.42599999999995	121.07	98.712371696091
1.42699999999995	121.07	147.228079526497
1.42799999999995	121.07	171.266723609535
1.42899999999995	121.07	133.357207771976
1.42999999999995	121.07	81.6805501394707
1.43099999999995	121.07	75.495095412705
1.43199999999995	121.07	120.015534156815
1.43299999999995	121.07	158.612503462813
1.43399999999995	121.07	157.534128061523
1.43499999999995	121.07	106.955802655261
1.43599999999995	121.07	68.3889174698649
1.43699999999995	121.07	94.2374470027019
1.43799999999995	121.07	138.403778952969
1.43899999999995	121.07	171.028337988111
1.43999999999995	121.07	145.852320203173
1.44099999999995	121.07	90.0642018624454
1.44199999999995	121.07	71.1211163331844
1.44299999999995	121.07	111.910736849388
1.44399999999995	121.07	159.499921959266
1.44499999999995	121.07	173.136684599508
1.44599999999995	121.07	127.586977050103
1.44699999999995	121.07	79.9019031295541
1.44799999999995	121.07	86.8992908019668
1.44899999999995	121.07	130.755281643218
1.44999999999995	121.07	166.905708556733
1.45099999999995	121.07	158.873924690268
1.45199999999995	121.07	99.7743897104692
1.45299999999995	121.07	72.7377513596795
1.45399999999995	121.07	104.39879805548
1.45499999999995	121.07	150.031649578914
1.45599999999995	121.07	173.761386271809
1.45699999999995	121.07	135.487031693181
1.45799999999995	121.07	84.7417741213639
1.45899999999995	121.07	80.8899629799236
1.45999999999995	121.07	122.487524268056
1.46099999999995	121.07	168.252756747709
1.46199999999995	121.07	161.986350474203
1.46299999999995	121.07	105.539619732167
1.46399999999995	121.07	67.2839699932653
1.46499999999995	121.07	96.8318276191798
1.46599999999995	121.07	144.77928550032
1.46699999999995	121.07	166.14543360554
1.46799999999995	121.07	134.904827492137
1.46899999999995	121.07	79.0697120788452
1.46999999999995	121.07	79.3798147423257
1.47099999999995	121.07	116.178756421986
1.47199999999995	121.07	158.747770065017
1.47299999999995	121.07	161.561228990698
1.47399999999995	121.07	109.938951402999
1.47499999999995	121.07	68.7691577991046
1.47599999999995	121.07	92.7892300598909
1.47699999999995	121.07	138.089676746961
1.47799999999995	121.07	170.654178549324
1.47899999999995	121.07	149.286985088429
1.47999999999995	121.07	96.0407823466912
1.48099999999995	121.07	72.6987071523737
1.48199999999995	121.07	110.259958649264
1.48299999999995	121.07	155.501458472726
1.48399999999995	121.07	169.884415518918
1.48499999999995	121.07	125.986001552463
1.48599999999995	121.07	76.2293502377203
1.48699999999995	121.07	87.8511794473201
1.48799999999995	121.07	128.874847468103
1.48899999999995	121.07	170.113354425776
1.48999999999995	121.07	158.378645366218
1.49099999999995	121.07	103.613295844009
1.49199999999995	121.07	67.6749059378317
1.49299999999995	121.07	102.322450992263
1.49399999999995	121.07	149.818542399014
1.49499999999995	121.07	173.457641653519
1.49599999999995	121.07	138.770949939378
1.49699999999995	121.07	85.2540399093552
1.49799999999995	121.07	78.0669715538437
1.49899999999995	121.07	123.356333702668
1.49999999999995	121.07	161.853494070746
1.50099999999995	121.07	161.407685503035
1.50199999999995	121.07	105.15653802396
1.50299999999995	121.07	69.5497756051944
1.50399999999995	121.07	96.3697128420505
1.50499999999995	121.07	139.635572060413
1.50599999999994	121.07	172.242956678689
1.50699999999994	121.07	140.055653689301
1.50799999999994	121.07	85.3682583949939
1.50899999999994	121.07	73.264016332416
1.50999999999994	121.07	117.480384330235
1.51099999999994	121.07	161.293542399322
1.51199999999994	121.07	164.917614499146
1.51299999999994	121.07	116.7403001571
1.51399999999994	121.07	75.1344468857984
1.51499999999994	121.07	91.0471706643298
1.51599999999994	121.07	136.146570628759
1.51699999999994	121.07	167.036054698744
1.51799999999994	121.07	146.318590435694
1.51899999999994	121.07	89.211604007939
1.51999999999994	121.07	72.4648560339
1.52099999999994	121.07	108.522312010937
1.52199999999994	121.07	153.681625934815
1.52299999999994	121.07	169.822859942042
1.52399999999994	121.07	127.667362343172
1.52499999999994	121.07	75.8260512685981
1.52599999999994	121.07	82.2616167139312
1.52699999999994	121.07	131.863424446514
1.52799999999994	121.07	168.064594444717
1.52899999999994	121.07	160.967668225179
1.52999999999994	121.07	103.917135489666
1.53099999999994	121.07	74.4373220412464
1.53199999999994	121.07	102.722971658109
1.53299999999994	121.07	147.730682294217
1.53399999999994	121.07	171.435523223145
1.53499999999994	121.07	135.164281368003
1.53599999999994	121.07	85.0149026933832
1.53699999999994	121.07	80.5315792330886
1.53799999999994	121.07	119.182316934794
1.53899999999994	121.07	161.371642746526
1.53999999999994	121.07	161.954905382055
1.54099999999994	121.07	110.606928351271
1.54199999999994	121.07	66.7688898063851
1.54299999999994	121.07	96.1435707955694
1.54399999999994	121.07	144.169081622888
1.54499999999994	121.07	170.974129535835
1.54599999999994	121.07	143.333374827305
1.54699999999994	121.07	86.0082676149167
1.54799999999994	121.07	71.2202279053384
1.54899999999994	121.07	115.234752423433
1.54999999999994	121.07	155.454590662787
1.55099999999994	121.07	164.633522275468
1.55199999999994	121.07	114.831019538605
1.55299999999994	121.07	71.9734436563151
1.55399999999994	121.07	89.745956545254
1.55499999999994	121.07	133.734370456719
1.55599999999994	121.07	168.048713555784
1.55699999999994	121.07	151.932657523855
1.55799999999994	121.07	97.6769388693862
1.55899999999994	121.07	68.7891081590142
1.55999999999994	121.07	108.712495630784
1.56099999999994	121.07	153.544560528226
1.56199999999994	121.07	176.284808377324
1.56299999999994	121.07	133.500550160989
1.56399999999994	121.07	83.1547698275158
1.56499999999994	121.07	83.1503038770192
1.56599999999994	121.07	124.867823367068
1.56699999999994	121.07	167.992900769239
1.56799999999994	121.07	160.661109793022
1.56899999999994	121.07	102.105405871055
1.56999999999994	121.07	70.3042382352341
1.57099999999994	121.07	98.7846162253506
1.57199999999994	121.07	148.236890334716
1.57299999999994	121.07	169.831415565605
1.57399999999994	121.07	137.873516824048
1.57499999999994	121.07	81.0333946229845
1.57599999999994	121.07	73.2713979922444
1.57699999999994	121.07	122.903510661674
1.57799999999994	121.07	160.296402642058
1.57899999999994	121.07	165.265676681131
1.57999999999994	121.07	112.195054175291
1.58099999999994	121.07	75.2627175193453
1.58199999999994	121.07	93.4438980290193
1.58299999999994	121.07	138.361485886438
1.58399999999994	121.07	169.473764412599
1.58499999999994	121.07	142.88472193724
1.58599999999994	121.07	86.3450332534631
1.58699999999994	121.07	77.1689568285255
1.58799999999994	121.07	112.221759386252
1.58899999999994	121.07	158.337429665014
1.58999999999994	121.07	166.725563760246
1.59099999999994	121.07	119.716870693543
1.59199999999994	121.07	69.1666472800565
1.59299999999994	121.07	87.3767024318531
1.59399999999994	121.07	135.811845545873
1.59499999999994	121.07	167.195083562796
1.59599999999994	121.07	152.225187095044
1.59699999999993	121.07	99.2434066449042
1.59799999999993	121.07	69.7935030696904
1.59899999999993	121.07	105.01735084611
1.59999999999993	121.07	150.554819122351
1.60099999999993	121.07	170.804295733126
1.60199999999993	121.07	130.167318116947
1.60299999999993	121.07	78.4164542696235
1.60399999999993	121.07	81.7487941341604
1.60499999999993	121.07	125.845120351445
1.60599999999993	121.07	165.867792781046
1.60699999999993	121.07	163.612125561505
1.60799999999993	121.07	108.653006419881
1.60899999999993	121.07	66.8495044139463
1.60999999999993	121.07	97.8240973566139
1.61099999999993	121.07	144.479931853171
1.61199999999993	121.07	173.6605879803
1.61299999999993	121.07	142.686864686157
1.61399999999993	121.07	86.9045533229743
1.61499999999993	121.07	78.3234650565249
1.61599999999993	121.07	115.985926941655
1.61699999999993	121.07	162.461160345687
1.61799999999993	121.07	167.126723723337
1.61899999999993	121.07	117.069436202447
1.61999999999993	121.07	71.1357132340761
1.62099999999993	121.07	90.2504726156783
1.62199999999993	121.07	139.190761176687
1.62299999999993	121.07	168.621622600687
1.62399999999993	121.07	146.547783826177
1.62499999999993	121.07	89.5574301230467
1.62599999999993	121.07	69.5091631032215
1.62699999999993	121.07	112.25410050856
1.62799999999993	121.07	155.429495807029
1.62899999999993	121.07	168.14711773631
1.62999999999993	121.07	123.164815467356
1.63099999999993	121.07	75.7656601817244
1.63199999999993	121.07	86.5578214882407
1.63299999999993	121.07	130.596316108034
1.63399999999993	121.07	170.622491235963
1.63499999999993	121.07	153.754036896475
1.63599999999993	121.07	96.6552972826581
1.63699999999993	121.07	68.1863583845571
1.63799999999993	121.07	101.430516016483
1.63899999999993	121.07	150.599974345258
1.63999999999993	121.07	168.945113607267
1.64099999999993	121.07	133.275398415854
1.64199999999993	121.07	76.6918057255902
1.64299999999993	121.07	76.0573372879853
1.64399999999993	121.07	121.988079753548
1.64499999999993	121.07	163.929006063634
1.64599999999993	121.07	164.323959342496
1.64699999999993	121.07	113.312516029503
1.64799999999993	121.07	74.1862989866946
1.64899999999993	121.07	95.1307986885278
1.64999999999993	121.07	144.490633608101
1.65099999999993	121.07	175.649822588959
1.65199999999993	121.07	148.262641087764
1.65299999999993	121.07	88.4777916847318
1.65399999999993	121.07	70.2566658820096
1.65499999999993	121.07	114.314160663201
1.65599999999993	121.07	157.969680295836
1.65699999999993	121.07	167.218213600675
1.65799999999993	121.07	120.084757508195
1.65899999999993	121.07	70.7608101829019
1.65999999999993	121.07	89.9192625614872
1.66099999999993	121.07	133.606980545211
1.66199999999993	121.07	170.340414601324
1.66299999999993	121.07	153.714519105276
1.66399999999993	121.07	99.659081330139
1.66499999999993	121.07	70.2158839792012
1.66599999999993	121.07	107.5439710705
1.66699999999993	121.07	155.546904720945
1.66799999999993	121.07	173.229871977708
1.66899999999993	121.07	127.768430497322
1.66999999999993	121.07	74.61953097335
1.67099999999993	121.07	80.9806091799227
1.67199999999993	121.07	129.59881210696
1.67299999999993	121.07	164.87110871286
1.67399999999993	121.07	154.702178530023
1.67499999999993	121.07	97.9762680884709
1.67599999999993	121.07	67.3524192833191
1.67699999999993	121.07	102.806127576983
1.67799999999993	121.07	148.15237899806
1.67899999999993	121.07	169.116530110299
1.67999999999993	121.07	134.558869809326
1.68099999999993	121.07	85.7546192282075
1.68199999999993	121.07	78.2274567875845
1.68299999999993	121.07	120.459092315095
1.68399999999993	121.07	165.33095431088
1.68499999999993	121.07	164.17228989912
1.68599999999993	121.07	109.053642549025
1.68699999999993	121.07	67.4047161304001
1.68799999999992	121.07	91.8024539034838
1.68899999999992	121.07	139.906706374063
1.68999999999992	121.07	169.149188710056
1.69099999999992	121.07	143.153531589581
1.69199999999992	121.07	86.7580786918196
1.69299999999992	121.07	75.4089663090102
1.69399999999992	121.07	113.437477712429
1.69499999999992	121.07	159.12614742468
1.69599999999992	121.07	169.934145964176
1.69699999999992	121.07	124.554959570136
1.69799999999992	121.07	80.1876405966348
1.69899999999992	121.07	86.4342174502111
1.69999999999992	121.07	134.27103600217
1.70099999999992	121.07	170.836526979441
1.70199999999992	121.07	156.413257016864
1.70299999999992	121.07	100.824228179199
1.70399999999992	121.07	69.3395569437495
1.70499999999992	121.07	102.734253802554
1.70599999999992	121.07	150.215870734745
1.70699999999992	121.07	169.164646133251
1.70799999999992	121.07	130.839962879165
1.70899999999992	121.07	80.4531194594172
1.70999999999992	121.07	85.3503812533976
1.71099999999992	121.07	127.27594305189
1.71199999999992	121.07	165.870635205822
1.71299999999992	121.07	158.726267535564
1.71399999999992	121.07	104.534415096443
1.71499999999992	121.07	68.5673455928004
1.71599999999992	121.07	97.9513837865243
1.71699999999992	121.07	147.360676821989
1.71799999999992	121.07	170.777091546246
1.71899999999992	121.07	133.604087355694
1.71999999999992	121.07	78.8644346088681
1.72099999999992	121.07	74.1587573063912
1.72199999999992	121.07	120.218029903548
1.72299999999992	121.07	159.53397299117
1.72399999999992	121.07	159.194714587198
1.72499999999992	121.07	109.216290009173
1.72599999999992	121.07	69.2577382775769
1.72699999999992	121.07	94.2782374983328
1.72799999999992	121.07	138.522009846588
1.72899999999992	121.07	173.031346652879
1.72999999999992	121.07	147.37654681663
1.73099999999992	121.07	95.3507625264727
1.73199999999992	121.07	71.6171097119658
1.73299999999992	121.07	110.890547307436
1.73399999999992	121.07	158.127765133567
1.73499999999992	121.07	173.636442085034
1.73599999999992	121.07	126.179767982167
1.73699999999992	121.07	79.0299450048275
1.73799999999992	121.07	84.1915471714716
1.73899999999992	121.07	131.843393439918
1.73999999999992	121.07	167.202288886588
1.74099999999992	121.07	157.277404980506
1.74199999999992	121.07	98.6722423298435
1.74299999999992	121.07	72.2535354604067
1.74399999999992	121.07	103.47040386973
1.74499999999992	121.07	149.925259962516
1.74599999999992	121.07	173.018879534429
1.74699999999992	121.07	134.449099353078
1.74799999999992	121.07	83.4619443702804
1.74899999999992	121.07	81.336321386933
1.74999999999992	121.07	122.919597432557
1.75099999999992	121.07	165.793057973371
1.75199999999992	121.07	161.10015931318
1.75299999999992	121.07	104.520879057255
1.75399999999992	121.07	67.4866460309493
1.75499999999992	121.07	97.1074876464885
1.75599999999992	121.07	146.051647908386
1.75699999999992	121.07	167.916829315342
1.75799999999992	121.07	135.894619191558
1.75899999999992	121.07	80.0582511969691
1.75999999999992	121.07	79.9952218866418
1.76099999999992	121.07	116.024914418767
1.76199999999992	121.07	158.961948483483
1.76299999999992	121.07	162.356765840339
1.76399999999992	121.07	110.968105145321
1.76499999999992	121.07	69.2401008357145
1.76599999999992	121.07	92.5801277201341
1.76699999999992	121.07	138.393214027079
1.76799999999992	121.07	171.101869784663
1.76899999999992	121.07	149.400197310382
1.76999999999992	121.07	95.7322817324564
1.77099999999992	121.07	72.3247193203468
1.77199999999992	121.07	109.215542987284
1.77299999999992	121.07	156.444433614625
1.77399999999992	121.07	171.333792781556
1.77499999999992	121.07	125.645782998538
1.77599999999992	121.07	76.717931138627
1.77699999999992	121.07	86.1203326416701
1.77799999999991	121.07	128.025937499366
1.77899999999991	121.07	169.823836719189
1.77999999999991	121.07	158.157799301191
1.78099999999991	121.07	102.800635939263
1.78199999999991	121.07	67.5207060379225
1.78299999999991	121.07	102.208514750049
1.78399999999991	121.07	149.746385173576
1.78499999999991	121.07	173.496264966433
1.78599999999991	121.07	137.403566489025
1.78699999999991	121.07	84.9370423205172
1.78799999999991	121.07	77.6902662923035
1.78899999999991	121.07	122.148440180743
1.78999999999991	121.07	162.581435813214
1.79099999999991	121.07	161.311862409804
1.79199999999991	121.07	105.412643442284
1.79299999999991	121.07	70.550191379169
1.79399999999991	121.07	96.5395410694746
1.79499999999991	121.07	139.799286319627
1.79599999999991	121.07	170.67725138586
1.79699999999991	121.07	141.06837529928
1.79799999999991	121.07	86.3315731068696
1.79899999999991	121.07	73.213693505159
1.79999999999991	121.07	116.427793552588
1.80099999999991	121.07	161.534572750867
1.80199999999991	121.07	168.659125612529
1.80299999999991	121.07	117.117248523515
1.80399999999991	121.07	75.0642317129187
1.80499999999991	121.07	89.5136420181303
1.80599999999991	121.07	134.517727846912
1.80699999999991	121.07	167.721785216546
1.80799999999991	121.07	148.293992462634
1.80899999999991	121.07	90.1936442069992
1.80999999999991	121.07	72.7669431728786
1.81099999999991	121.07	107.248914194919
1.81199999999991	121.07	153.164106292431
1.81299999999991	121.07	170.374771102625
1.81399999999991	121.07	129.081113273334
1.81499999999991	121.07	75.521045107603
1.81599999999991	121.07	80.3998758625145
1.81699999999991	121.07	130.135181251268
1.81799999999991	121.07	168.345467133776
1.81899999999991	121.07	164.822684950778
1.81999999999991	121.07	103.793983506417
1.82099999999991	121.07	74.1435186806107
1.82199999999991	121.07	100.070158330772
1.82299999999991	121.07	145.412167189555
1.82399999999991	121.07	171.95728890666
1.82499999999991	121.07	136.388814036107
1.82599999999991	121.07	84.9787215409067
1.82699999999991	121.07	80.8875552869556
1.82799999999991	121.07	117.846283664014
1.82899999999991	121.07	160.941868762107
1.82999999999991	121.07	162.66124581925
1.83099999999991	121.07	111.228435202053
1.83199999999991	121.07	67.0223333070483
1.83299999999991	121.07	94.2375522231147
1.83399999999991	121.07	142.633187630832
1.83499999999991	121.07	172.152321647254
1.83599999999991	121.07	144.497688598786
1.83699999999991	121.07	86.9906464815611
1.83799999999991	121.07	70.2168164369862
1.83899999999991	121.07	114.428654193096
1.83999999999991	121.07	155.442809390464
1.84099999999991	121.07	166.274231205822
1.84199999999991	121.07	116.819261325289
1.84299999999991	121.07	72.3415019257367
1.84399999999991	121.07	89.0115545148992
1.84499999999991	121.07	132.328326240985
1.84599999999991	121.07	167.527701310239
1.84699999999991	121.07	154.21625721204
1.84799999999991	121.07	99.3954286072915
1.84899999999991	121.07	67.3786763346497
1.84999999999991	121.07	105.637503524351
1.85099999999991	121.07	151.05782462136
1.85199999999991	121.07	176.837701900015
1.85299999999991	121.07	136.41179273344
1.85399999999991	121.07	80.3687546124938
1.85499999999991	121.07	81.4520390131788
1.85599999999991	121.07	123.124673249803
1.85699999999991	121.07	165.822384628846
1.85799999999991	121.07	164.07358750172
1.85899999999991	121.07	106.044793042877
1.85999999999991	121.07	69.3008006250411
1.86099999999991	121.07	96.6345080282035
1.86199999999991	121.07	144.349691612639
1.86299999999991	121.07	170.277061956064
1.86399999999991	121.07	142.712202964926
1.86499999999991	121.07	85.4956089792076
1.86599999999991	121.07	72.6542132207682
1.86699999999991	121.07	118.533913833057
1.86799999999991	121.07	158.806214529714
1.8689999999999	121.07	169.800668165667
1.8699999999999	121.07	117.700207915575
1.8709999999999	121.07	76.6156961370126
1.8719999999999	121.07	90.918352367283
1.8729999999999	121.07	135.37582914232
1.8739999999999	121.07	170.949283043383
1.8749999999999	121.07	147.276009298784
1.8759999999999	121.07	89.5387942534177
1.8769999999999	121.07	71.7001328573953
1.8779999999999	121.07	108.713077717904
1.8789999999999	121.07	155.347838915776
1.8799999999999	121.07	168.600859372563
1.8809999999999	121.07	123.322476656811
1.8819999999999	121.07	70.6939573866946
1.8829999999999	121.07	83.6761669138251
1.8839999999999	121.07	131.124116836757
1.8849999999999	121.07	165.76472180896
1.8859999999999	121.07	155.417354619939
1.8869999999999	121.07	101.716348650086
1.8879999999999	121.07	72.8649360774063
1.8889999999999	121.07	101.528507771912
1.8899999999999	121.07	148.485385775814
1.8909999999999	121.07	171.5898598771
1.8919999999999	121.07	134.797490601904
1.8929999999999	121.07	80.2926770985685
1.8939999999999	121.07	78.0625497682974
1.8949999999999	121.07	121.666798349759
1.8959999999999	121.07	162.57233842921
1.8969999999999	121.07	165.247100230997
1.8979999999999	121.07	112.725032565872
1.8989999999999	121.07	68.4996147130097
1.8999999999999	121.07	94.0311941630071
1.9009999999999	121.07	139.864524317147
1.9019999999999	121.07	171.956521417169
1.9029999999999	121.07	147.679402126532
1.9039999999999	121.07	93.945663192325
1.9049999999999	121.07	71.4734563513769
1.9059999999999	121.07	112.959850311076
1.9069999999999	121.07	158.516148888466
1.9079999999999	121.07	170.977265157632
1.9089999999999	121.07	123.504355420655
1.9099999999999	121.07	73.5007671542718
1.9109999999999	121.07	85.4466788313726
1.9119999999999	121.07	135.135191868766
1.9129999999999	121.07	168.68598356298
1.9139999999999	121.07	155.248879197018
1.9149999999999	121.07	94.8497215131686
1.9159999999999	121.07	67.7689004601849
1.9169999999999	121.07	107.417042139203
1.9179999999999	121.07	152.918340649633
1.9189999999999	121.07	169.279295446466
1.9199999999999	121.07	129.292412237904
1.9209999999999	121.07	78.4465374053267
1.9219999999999	121.07	81.0419858772167
1.9229999999999	121.07	125.778343725765
1.9239999999999	121.07	167.986506672373
1.9249999999999	121.07	159.289778142128
1.9259999999999	121.07	104.753253678799
1.9269999999999	121.07	68.3210155026719
1.9279999999999	121.07	95.3797668875387
1.9289999999999	121.07	145.222437558686
1.9299999999999	121.07	169.037064159
1.9309999999999	121.07	138.085411326506
1.9319999999999	121.07	79.7414691437664
1.9329999999999	121.07	76.1019564144759
1.9339999999999	121.07	117.460977980707
1.9349999999999	121.07	162.333866581432
1.9359999999999	121.07	165.092906661897
1.9369999999999	121.07	116.620917714644
1.9379999999999	121.07	74.309416731651
1.9389999999999	121.07	90.2503852489394
1.9399999999999	121.07	140.556127483592
1.9409999999999	121.07	172.330596222766
1.9419999999999	121.07	151.491718107559
1.9429999999999	121.07	96.3975873573518
1.9439999999999	121.07	70.854756202896
1.9449999999999	121.07	107.727098521389
1.9459999999999	121.07	154.159528134323
1.9469999999999	121.07	168.607867389641
1.9479999999999	121.07	127.654587629734
1.9489999999999	121.07	78.5325991296144
1.9499999999999	121.07	88.0264520262268
1.9509999999999	121.07	130.796362991604
1.9519999999999	121.07	166.855179212319
1.9529999999999	121.07	156.54311026311
1.9539999999999	121.07	102.252085510205
1.9549999999999	121.07	69.136892991442
1.9559999999999	121.07	102.208116478195
1.9569999999999	121.07	151.204330359701
1.9579999999999	121.07	172.986320666446
1.9589999999999	121.07	131.631373918054
1.95999999999989	121.07	76.7021605421102
1.96099999999989	121.07	77.3079284732071
1.96199999999989	121.07	124.210141058456
1.96299999999989	121.07	161.862170084689
1.96399999999989	121.07	157.501807645115
1.96499999999989	121.07	102.894127366165
1.96599999999989	121.07	67.4997729839731
1.96699999999989	121.07	97.4864745368786
1.96799999999989	121.07	142.062713592943
1.96899999999989	121.07	170.430872147452
1.96999999999989	121.07	140.585122553726
1.97099999999989	121.07	90.4345976575157
1.97199999999989	121.07	73.4218617601684
1.97299999999989	121.07	114.969250390242
1.97399999999989	121.07	162.133490916017
1.97499999999989	121.07	171.133123558116
1.97599999999989	121.07	120.063062899868
1.97699999999989	121.07	70.968579769277
1.97799999999989	121.07	90.7877552837703
1.97899999999989	121.07	135.493338975195
1.97999999999989	121.07	168.557580922022
1.98099999999989	121.07	151.35973611123
1.98199999999989	121.07	93.5243651999467
1.98299999999989	121.07	73.2720584881686
1.98399999999989	121.07	107.489486660775
1.98499999999989	121.07	153.353180445559
1.98599999999989	121.07	171.764503482547
1.98699999999989	121.07	130.764764244855
1.98799999999989	121.07	82.2612032079348
1.98899999999989	121.07	83.3925433906725
1.98999999999989	121.07	126.440542756438
1.99099999999989	121.07	172.133607157966
1.99199999999989	121.07	160.710001043271
1.99299999999989	121.07	102.796185590237
1.99399999999989	121.07	67.9383763131759
1.99499999999989	121.07	100.159233169814
1.99599999999989	121.07	148.296060641776
1.99699999999989	121.07	168.211006936066
1.99799999999989	121.07	133.507226991363
1.99899999999989	121.07	77.8242141208701
2	121.07	81.4050366044006
