"Time [s]"	"Moving1.Speed [rpm]"
0	0
0.001	-4.07962404561857
0.002	-23.7438077889184
0.003	-65.7852831830347
0.004	-122.046015992221
0.005	-170.298819566615
0.006	-180.21111452249
0.007	-132.780633123423
0.008	-45.4465834629166
0.009	32.5272694515155
0.01	54.6520398534722
0.011	19.0168967781288
0.012	-38.0516560373535
0.013	-86.6733723982418
0.014	-116.297036188706
0.015	-129.990409018581
0.016	-135.648181015255
0.017	-138.715589238753
0.018	-145.391487599807
0.019	-160.249501090414
0.02	-182.282781181801
0.021	-214.708016017785
0.022	-262.444547902133
0.023	-331.613253956406
0.024	-404.136118009812
0.025	-406.864614635502
0.026	-340.585369146489
0.027	-285.906920221336
0.028	-278.425073297223
0.029	-312.832874521966
0.03	-315.401631962767
0.031	-230.66697269068
0.032	-98.3393694253241
0.033	25.9392438316111
0.034	98.6163936528202
0.035	116.018617698323
0.036	125.093534363565
0.037	167.668984576382
0.038	209.880791814731
0.039	202.647257755219
0.04	187.102313652485
0.041	204.856548153191
0.042	191.045760270619
0.043	118.076871780015
0.044	53.6450345606363
0.045	35.4929882965354
0.046	70.1416702239796
0.047	143.413622560432
0.048	160.132869962712
0.049	89.6932084969531
0.05	23.4809167558134
0.051	4.39760629415996
0.052	32.3315276674584
0.053	111.787098282273
0.054	219.093473978855
0.055	277.377492196617
0.056	302.891390553945
0.057	357.651668808982
0.058	391.043101303773
0.059	417.193595839936
0.06	427.498766192065
0.061	422.531059317062
0.062	427.027785857932
0.063	397.529775900296
0.064	397.880250684612
0.065	372.072993221696
0.066	304.063943068015
0.067	309.710798560241
0.068	288.112582423244
0.069	198.959949074864
0.07	162.351496237292
0.071	217.31496711899
0.0720000000000001	253.412174057045
0.0730000000000001	214.975503459268
0.0740000000000001	208.276140913831
0.0750000000000001	274.043556953712
0.0760000000000001	318.265448021449
0.0770000000000001	335.986162916979
0.0780000000000001	388.678713505666
0.0790000000000001	421.578462508337
0.0800000000000001	460.44505226827
0.0810000000000001	491.960281285188
0.0820000000000001	516.735862523009
0.0830000000000001	533.150318646913
0.0840000000000001	547.964740152683
0.0850000000000001	554.175594443067
0.0860000000000001	559.086637352213
0.0870000000000001	550.824098058996
0.0880000000000001	547.113983508955
0.0890000000000001	538.735261639093
0.0900000000000001	523.888862143977
0.0910000000000001	508.597226184332
0.0920000000000001	475.137268322563
0.0930000000000001	481.36433113086
0.0940000000000001	468.089191720814
0.0950000000000001	490.46241236873
0.0960000000000001	503.414310639765
0.0970000000000001	521.410823443022
0.0980000000000001	546.198143547864
0.0990000000000001	568.610260326766
0.1	604.300247816909
0.101	623.616726459319
0.102	664.391944985615
0.103	675.412147448245
0.104	707.642133598077
0.105	751.894996558939
0.106	754.670108759379
0.107	801.941317350489
0.108	851.967659771786
0.109	842.700084986267
0.11	869.510346346868
0.111	947.247896856628
0.112	984.85422616164
0.113	961.121080441637
0.114	944.868646476752
0.115	999.394649502042
0.116	1088.77593153956
0.117	1163.55819544106
0.118	1222.8286225025
0.119	1276.71805753432
0.12	1339.21109719847
0.121	1414.94376109068
0.122	1472.82471648462
0.123	1471.56838643335
0.124	1436.35404635715
0.125	1422.01552928258
0.126	1448.07744626986
0.127	1508.92160893957
0.128	1548.15753881667
0.129	1529.16802464157
0.13	1507.90971800495
0.131	1533.52692485425
0.132	1585.04959809076
0.133	1586.43152452536
0.134	1553.66497401958
0.135	1562.01881594055
0.136	1597.95295435488
0.137	1594.62399301478
0.138	1563.77486308122
0.139	1567.28849553375
0.14	1588.98100245046
0.141	1578.67173444066
0.142	1550.1233320079
0.143	1549.46041932489
0.144	1563.72621213351
0.145	1552.32621366096
0.146	1521.77314829198
0.147	1511.22099230887
0.148	1522.89168344585
0.149	1525.53549675724
0.15	1499.33087539074
0.151	1469.33351050218
0.152	1458.32965909732
0.153	1464.24879902812
0.154	1470.79735246295
0.155	1458.86971686069
0.156	1431.6161325257
0.157	1407.62357074072
0.158	1396.59846397478
0.159	1398.12159714733
0.16	1405.72914409843
0.161	1408.80922495435
0.162	1401.943279755
0.163	1389.28675694762
0.164	1378.81644275515
0.165	1376.4752128045
0.166	1384.95782474764
0.167	1402.38598123903
0.168	1420.36050228698
0.169	1428.68931302641
0.17	1425.5104138431
0.171	1420.48709659868
0.172	1423.95832369644
0.173	1438.84513945474
0.174	1460.65762219247
0.175	1476.78153459495
0.176	1477.41792634106
0.177	1472.41993373363
0.178	1476.58117924752
0.179	1491.5078086922
0.18	1506.57662239136
0.181	1509.18671145597
0.182	1503.84110781929
0.183	1504.35082542917
0.184	1513.47105509152
0.185	1520.76379804052
0.186	1516.62441297994
0.187	1508.10114648897
0.188	1506.12265190906
0.189	1510.34597683994
0.19	1510.92734340941
0.191	1501.97790159804
0.192	1490.91149475963
0.193	1485.39170076411
0.194	1484.64434727762
0.195	1481.85486393343
0.196	1472.08972743242
0.197	1459.0836698411
0.198	1449.46410850268
0.199	1445.68381377739
0.2	1445.24937209857
0.201	1442.14614652772
0.202	1433.15640875132
0.203	1422.00014387797
0.204	1414.82175005879
0.205	1414.98514496431
0.206	1421.65468405508
0.207	1429.41652192163
0.208	1431.84300357753
0.209	1427.0568090727
0.21	1420.97458352329
0.211	1420.92728021555
0.212	1429.29301547634
0.213	1443.8978916781
0.214	1456.60899972177
0.215	1459.97554116778
0.216	1456.82001290206
0.217	1457.15056588937
0.218	1466.76399856806
0.219	1482.3021783312
0.22	1493.03454722327
0.221	1492.77941796662
0.222	1489.45971990041
0.223	1493.12660415887
0.224	1503.70261555966
0.225	1511.10280394697
0.226	1508.34169046798
0.227	1502.6838829497
0.228	1503.34015087792
0.229	1509.31695779982
0.23	1511.55793495189
0.231	1504.87231035224
0.232	1496.48477462709
0.233	1493.82851724711
0.234	1495.40159811393
0.235	1493.97897571799
0.236	1485.54883557513
0.237	1475.53644517331
0.238	1470.19075561308
0.239	1469.84532606325
0.24	1469.82635013346
0.241	1464.80412098778
0.242	1455.36216921464
0.243	1447.58357102618
0.244	1445.62180498733
0.245	1448.80943929193
0.246	1452.16810272749
0.247	1449.91982554012
0.248	1442.51913746789
0.249	1436.54335667505
0.25	1437.11918706841
0.251	1444.63162750317
0.252	1453.96795957569
0.253	1457.14412512975
0.254	1452.71579389648
0.255	1447.9106396042
0.256	1449.92157818905
0.257	1459.03643085257
0.258	1469.59385855201
0.259	1473.66326509052
0.26	1470.31479773747
0.261	1467.63749761828
0.262	1472.25557133426
0.263	1482.80060114983
0.264	1490.52594015367
0.265	1489.25854052328
0.266	1484.39421378859
0.267	1484.86674101831
0.268	1492.08741911592
0.269	1498.6672957578
0.27	1497.16907164179
0.271	1490.4724107176
0.272	1487.26521766237
0.273	1490.35039584632
0.274	1494.21705331706
0.275	1491.67567609893
0.276	1483.34545757283
0.277	1477.19634482381
0.278	1477.13694490429
0.279	1480.03550139103
0.28	1479.22937343308
0.281	1471.86582359775
0.282	1463.78878403816
0.283	1460.84436822876
0.284	1463.28605197831
0.285	1466.32905635117
0.286	1464.01115264492
0.287	1456.56270076633
0.288	1450.29561765097
0.289	1450.08688095909
0.29	1455.57299145866
0.291	1461.07648945078
0.292	1460.25008714797
0.293	1453.96771488248
0.294	1449.42813576404
0.295	1451.54650663463
0.296	1459.5213948308
0.297	1467.11115379994
0.298	1467.79026121288
0.299	1462.73061789206
0.3	1460.00297902759
0.301	1465.04696298653
0.302	1474.88440607066
0.303	1481.45971622649
0.304	1479.81884685221
0.305	1474.72553826391
0.306	1474.56186822316
0.307	1481.10846382346
0.308	1488.07244367448
0.309	1488.1233904329
0.31	1482.44025411
0.311	1479.11042680616
0.312	1482.35138797151
0.313	1488.61140208169
0.314	1490.03106990337
0.315	1483.97592411252
0.316	1477.55151733024
0.317	1477.21426975362
0.318	1481.74220511238
0.319	1484.2018048269
0.32	1479.42959251959
0.321	1471.4810763209
0.322	1467.79900704017
0.323	1470.22129918023
0.324	1474.30095968755
0.325	1473.34778518901
0.326	1466.12246874417
0.327	1459.41664149478
0.328	1458.66876016752
0.329	1463.22176146658
0.33	1467.55478765499
0.331	1466.04072580962
0.332	1459.42316049776
0.333	1454.59740615043
0.334	1456.67208729633
0.335	1463.84193562583
0.336	1469.24248328193
0.337	1467.59875244546
0.338	1461.59427160691
0.339	1458.86010641049
0.34	1463.36776605424
0.341	1471.58125991201
0.342	1475.80694174213
0.343	1472.2718120508
0.344	1466.84332441555
0.345	1466.89847473092
0.346	1473.52409192995
0.347	1480.79742101208
0.348	1481.30547512907
0.349	1475.344962655
0.35	1471.12221796152
0.351	1474.23624551933
0.352	1481.53389365456
0.353	1484.98902743508
0.354	1480.88072755527
0.355	1474.69554512957
0.356	1473.80785959272
0.357	1478.8648960567
0.358	1483.54178214695
0.359	1481.36671300002
0.36	1474.21155129167
0.361	1469.83149995605
0.362	1471.89218286806
0.363	1477.22072938596
0.364	1478.55806550906
0.365	1472.78555965661
0.366	1465.77382677785
0.367	1464.32589630167
0.368	1468.90903185599
0.369	1473.92989166703
0.37	1473.06490197484
0.371	1466.59067897154
0.372	1461.29919660497
0.373	1462.50063182434
0.374	1468.7066042915
0.375	1472.89355965909
0.376	1469.86278755639
0.377	1463.49095017771
0.378	1460.86465877525
0.379	1464.81468129792
0.38	1471.99396274448
0.381	1474.83342567867
0.382	1470.02235442351
0.383	1463.96580058883
0.384	1464.16015018767
0.385	1470.67256289747
0.386	1477.40057473463
0.387	1477.39891433122
0.388	1471.24666667448
0.389	1467.01146487567
0.39	1469.80512803301
0.391	1477.03936864818
0.392	1480.87646543928
0.393	1476.85034933991
0.394	1470.68303391246
0.395	1469.49043396167
0.396	1474.55095528515
0.397	1480.54247949231
0.398	1480.25115946326
0.399	1473.72544391221
0.4	1468.66937235324
0.401	1470.52099364777
0.402	1476.81985927725
0.403	1480.18149688733
0.404	1476.36084963107
0.405	1470.03619554728
0.406	1468.05436151827
0.407	1472.09884510255
0.408	1477.41749671044
0.409	1476.88244954121
0.41	1470.62103996258
0.411	1465.56917936966
0.412	1466.60829094138
0.413	1472.53870768756
0.414	1476.51260121051
0.415	1473.23806741503
0.416	1466.32257931787
0.417	1463.45335617536
0.418	1467.29479022224
0.419	1474.02357165365
0.42	1476.00372211228
0.421	1470.98160120405
0.422	1465.33382263709
0.423	1465.10755140745
0.424	1470.78837914675
0.425	1476.49068729595
0.426	1475.34502031462
0.427	1469.22731876774
0.428	1465.46781542444
0.429	1468.12440281467
0.43	1474.99701446087
0.431	1478.55383973319
0.432	1474.24376145509
0.433	1467.65114030994
0.434	1466.49523649147
0.435	1471.75455147138
0.436	1478.15420695122
0.437	1478.32885328457
0.438	1472.05097069005
0.439	1467.25682741666
0.44	1469.11025054157
0.441	1475.46307193481
0.442	1479.29789867362
0.443	1475.61128942415
0.444	1469.06133715743
0.445	1466.88751402055
0.446	1471.02611778765
0.447	1477.09930980244
0.448	1477.78995335162
0.449	1471.67930104624
0.45	1466.01132347058
0.451	1466.76136102113
0.452	1472.886368291
0.453	1477.77977602279
0.454	1475.63953094629
0.455	1469.55665608821
0.456	1466.70968434752
0.457	1470.42288739734
0.458	1476.92125773461
0.459	1478.42509563571
0.46	1472.75943243546
0.461	1466.69926109803
0.462	1466.59097901886
0.463	1472.09732048031
0.464	1477.212475081
0.465	1475.58389025292
0.466	1468.68169422841
0.467	1464.45819828951
0.468	1466.97611330832
0.469	1473.39985139434
0.47	1476.7609360014
0.471	1473.04526744321
0.472	1467.26388394902
0.473	1466.16558338251
0.474	1471.34251885767
0.475	1477.65496087969
0.476	1477.588373384
0.477	1471.23792341298
0.478	1466.13399220979
0.479	1467.54009809708
0.48	1473.7886997517
0.481	1477.88109799294
0.482	1474.42461856808
0.483	1467.73566225133
0.484	1465.62887416895
0.485	1469.88670094687
0.486	1476.31441294708
0.487	1477.86627467832
0.488	1472.78987316918
0.489	1467.54577293897
0.49	1468.23396533813
0.491	1474.40972530977
0.492	1479.17887114289
0.493	1476.54073476239
0.494	1469.79429226142
0.495	1466.56366833252
0.496	1469.85867695591
0.497	1476.16776490111
0.498	1478.18010831872
0.499	1472.82017977033
0.5	1466.66542688884
0.501	1466.486794322
0.502	1472.11518607918
0.503	1477.6070825551
0.504	1476.29993568824
0.505	1469.49071703712
0.506	1465.12812900125
0.507	1467.78883886209
0.508	1474.41683696917
0.509	1477.59121527304
0.51	1473.24975878665
0.511	1466.54571829913
0.512	1464.89243013902
0.513	1469.60010301447
0.514	1475.60179565959
0.515	1475.81652481681
0.516	1469.53251137615
0.517	1464.59514228492
0.518	1466.4524086875
0.519	1473.07834944249
0.52	1477.74429653064
0.521	1475.14212457176
0.522	1468.8769223662
0.523	1466.36820796121
0.524	1470.53452711435
0.525	1477.19568069887
0.526	1478.85211688294
0.527	1473.39685307059
0.528	1467.33833459659
0.529	1467.38155020219
0.53	1473.0708672811
0.531	1478.05262901435
0.532	1475.9681246453
0.533	1469.18256801577
0.534	1465.71216044285
0.535	1469.09813235329
0.536	1475.87952834534
0.537	1478.55660229383
0.538	1473.89297922132
0.539	1467.75982424311
0.54	1467.13600595707
0.541	1472.65022371327
0.542	1478.36464331618
0.543	1477.32919296475
0.544	1470.53042559187
0.545	1465.9348520404
0.546	1468.07919331959
0.547	1474.28430693585
0.548	1477.52111798404
0.549	1473.17163459676
0.55	1466.50416546986
0.551	1464.99204754728
0.552	1469.76468798445
0.553	1476.01412058897
0.554	1476.71848822343
0.555	1470.89305424965
0.556	1465.61097988757
0.557	1466.89517350659
0.558	1473.44960417924
0.559	1478.14114872017
0.56	1475.31479105985
0.561	1468.49648396576
0.562	1465.68313224476
0.563	1469.6729020945
0.564	1476.18316428591
0.565	1477.80553049768
0.566	1472.08141049573
0.567	1466.1888292505
0.568	1466.53665188912
0.569	1472.38083254537
0.57	1477.64330404113
0.571	1476.33288297895
0.572	1469.87519916153
0.573	1465.69727037919
0.574	1468.60179657577
0.575	1475.45441304918
0.576	1478.39468272959
0.577	1473.61687397541
0.578	1467.23491393802
0.579	1466.39291871218
0.58	1471.64763315204
0.581	1477.50881513547
0.582	1476.85111105963
0.583	1470.15976719007
0.584	1465.28599178378
0.585	1467.22277846616
0.586	1473.68276857833
0.587	1477.40588927507
0.588	1474.11417253712
0.589	1467.9489740799
0.59	1465.8722311752
0.591	1470.48156518861
0.592	1477.03715965764
0.593	1477.96369276565
0.594	1471.93714828772
0.595	1466.28562439185
0.596	1467.20525650016
0.597	1473.41498590353
0.598	1478.16729247636
0.599	1475.51948953086
0.6	1468.88096883132
0.601	1465.93385961285
0.602	1469.5462229011
0.603	1476.09798759554
0.604	1477.94571698037
0.605	1472.47449188223
0.606	1466.33886158798
0.607	1466.30940821354
0.608	1472.26916096361
0.609	1477.8930033189
0.61	1476.85734307319
0.611	1470.35498330749
0.612	1466.13460934621
0.613	1468.77907455357
0.614	1475.19833141646
0.615	1478.20154489021
0.616	1473.74787779763
0.617	1467.20198997462
0.618	1465.7183256665
0.619	1470.72959803061
0.62	1476.74524530822
0.621	1476.52669245291
0.622	1470.15109582842
0.623	1465.26079577418
0.624	1467.25434884988
0.625	1474.01538574087
0.626	1478.37265696652
0.627	1475.39103759317
0.628	1469.09097859734
0.629	1466.77761011434
0.63	1470.82392894404
0.631	1476.84828842838
0.632	1477.51762997729
0.633	1471.61592632872
0.634	1466.0805081581
0.635	1466.53941330267
0.636	1472.56625755857
0.637	1477.53133558626
0.638	1475.56969609597
0.639	1469.38317892472
0.64	1466.35450001417
0.641	1470.12514140877
0.642	1477.02062725849
0.643	1479.33455283586
0.644	1474.05637000456
0.645	1467.51133074052
0.646	1466.94689194645
0.647	1472.32007311797
0.648	1477.3898534423
0.649	1475.74990544106
0.65	1469.20016288385
0.651	1465.1839441196
0.652	1467.53963321494
0.653	1473.95745977259
0.654	1477.21248960805
0.655	1473.02838694717
0.656	1466.52353274025
0.657	1465.23709178751
0.658	1470.49774663752
0.659	1476.96104187399
0.66	1477.39551026828
0.661	1471.26574477985
0.662	1465.91435767643
0.663	1467.07923128858
0.664	1473.37413274484
0.665	1477.67599585479
0.666	1474.55542761504
0.667	1468.13216319716
0.668	1465.78943334301
0.669	1469.92280978561
0.67	1476.43880327164
0.671	1477.94303663894
0.672	1472.28907474559
0.673	1466.32432416528
0.674	1466.89868319423
0.675	1473.27147805711
0.676	1478.71336999371
0.677	1477.22173962522
0.678	1470.77003364239
0.679	1467.03224697906
0.68	1469.96969677112
0.681	1476.30489814836
0.682	1478.43546369857
0.683	1473.24515895291
0.684	1467.19921409792
0.685	1466.78490131446
0.686	1472.37098046422
0.687	1477.99499743084
0.688000000000001	1476.92391956261
0.689000000000001	1470.27678008798
0.690000000000001	1465.64222706988
0.691000000000001	1467.98567023218
0.692000000000001	1474.5641841898
0.693000000000001	1477.88204263854
0.694000000000001	1474.06151729738
0.695000000000001	1467.8697557337
0.696000000000001	1466.22684899444
0.697000000000001	1470.74859609768
0.698000000000001	1476.4627333857
0.699000000000001	1476.26387430628
0.700000000000001	1470.06532402771
0.701000000000001	1464.98268072813
0.702000000000001	1466.34011548991
0.703000000000001	1472.82428036824
0.704000000000001	1477.35325372947
0.705000000000001	1474.41741515408
0.706000000000001	1467.60028875772
0.707000000000001	1464.83109190596
0.708000000000001	1468.87123820148
0.709000000000001	1475.58853154345
0.710000000000001	1477.46412346166
0.711000000000001	1472.48390828224
0.712000000000001	1467.0201483063
0.713000000000001	1467.1987178583
0.714000000000001	1473.05807236846
0.715000000000001	1478.22965725591
0.716000000000001	1476.70397830527
0.717000000000001	1470.73288660214
0.718000000000001	1467.23114639318
0.719000000000001	1470.15067099485
0.720000000000001	1476.79076355194
0.721000000000001	1479.45406287661
0.722000000000001	1474.40219999546
0.723000000000001	1467.88441010071
0.724000000000001	1467.21119314567
0.725000000000001	1472.56732093772
0.726000000000001	1478.25360163962
0.727000000000001	1477.3776054045
0.728000000000001	1470.70379526016
0.729000000000001	1466.18122408384
0.730000000000001	1468.38525641027
0.731000000000001	1474.54926613736
0.732000000000001	1477.46146969076
0.733000000000001	1473.06592025194
0.734000000000001	1466.50311467491
0.735000000000001	1464.5842336693
0.736000000000001	1468.92735527036
0.737000000000001	1474.93265297609
0.738000000000001	1475.38129556193
0.739000000000001	1469.26369586858
0.740000000000001	1463.82235083523
0.741000000000001	1464.89440163759
0.742000000000001	1471.35475088705
0.743000000000001	1476.56108824471
0.744000000000001	1474.68499211702
0.745000000000001	1468.6784544071
0.746000000000001	1465.81076098624
0.747000000000001	1469.76783758923
0.748000000000001	1476.81440373655
0.749000000000001	1479.03875090891
0.750000000000001	1473.94370270731
0.751000000000001	1467.95577102036
0.752000000000001	1467.75938539841
0.753000000000001	1473.39021929445
0.754000000000001	1478.76175203601
0.755000000000001	1477.23723006169
0.756000000000001	1470.37748788467
0.757000000000001	1466.29149460866
0.758000000000001	1468.98340638439
0.759000000000001	1475.42511838542
0.760000000000001	1478.39199527951
0.761000000000001	1474.2187392327
0.762000000000001	1468.30490740716
0.763000000000001	1467.24917522259
0.764000000000001	1472.37966458593
0.765000000000001	1478.19102531611
0.766000000000001	1477.3536585241
0.767000000000001	1471.01986531337
0.768000000000001	1466.38620605048
0.769000000000001	1467.92064119037
0.770000000000001	1473.9217172983
0.771000000000001	1477.35684285768
0.772000000000001	1473.29868953418
0.773000000000001	1466.57252632465
0.774000000000001	1464.84941227248
0.775000000000001	1469.39559199976
0.776000000000001	1475.59924353218
0.777000000000001	1476.60933504164
0.778000000000001	1470.90547818168
0.779000000000001	1465.31290935115
0.780000000000001	1465.94858717542
0.781000000000001	1472.07338830481
0.782000000000001	1476.90377111144
0.783000000000001	1474.36284740272
0.784000000000001	1467.7506472555
0.785000000000001	1464.59488991683
0.786000000000001	1467.92143061226
0.787000000000001	1474.50344338321
0.788000000000001	1477.04339533309
0.789000000000001	1471.96414450382
0.790000000000001	1465.68479268189
0.791000000000001	1465.31893802296
0.792000000000001	1471.08177146725
0.793000000000001	1477.25694306785
0.794000000000001	1477.04425897951
0.795000000000001	1470.89255539462
0.796000000000001	1466.39718363637
0.797000000000001	1468.76952631903
0.798000000000001	1475.65291215104
0.799000000000001	1479.43539738299
0.800000000000001	1475.36813634484
0.801000000000001	1468.74772320823
0.802000000000001	1467.06642097433
0.803000000000001	1471.68987954629
0.804000000000001	1477.59473968775
0.805000000000001	1477.55831296766
0.806000000000001	1471.06399988911
0.807000000000001	1465.99884240451
0.808000000000001	1467.60533399346
0.809000000000001	1473.95146552943
0.810000000000001	1478.18096447201
0.811000000000001	1475.01327360532
0.812000000000001	1468.45307011244
0.813000000000001	1465.7811136501
0.814000000000001	1469.71831001341
0.815000000000001	1475.99527864637
0.816000000000001	1476.96533101086
0.817000000000001	1470.93002922535
0.818000000000001	1464.86142661067
0.819000000000001	1465.00718883688
0.820000000000001	1470.73528922083
0.821000000000001	1475.91819290101
0.822000000000001	1474.07114860278
0.823000000000001	1467.16127290901
0.824000000000001	1463.33616698833
0.825000000000001	1466.5368095019
0.826000000000001	1473.56770596232
0.827000000000001	1477.00884164156
0.828000000000001	1473.03153536841
0.829000000000001	1466.82704800927
0.830000000000001	1465.75115766174
0.831000000000001	1471.25271318959
0.832000000000001	1477.703808509
0.833000000000001	1478.02082042827
0.834000000000001	1471.89256571101
0.835000000000001	1467.0022732437
0.836000000000001	1468.76761341399
0.837000000000001	1475.09031385808
0.838000000000001	1479.11236741098
0.839000000000001	1475.89991602006
0.840000000000001	1469.69360754737
0.841000000000001	1467.7377066714
0.842000000000001	1472.1253119614
0.843000000000001	1478.33362036963
0.844000000000001	1479.08466958653
0.845000000000001	1473.06946506411
0.846000000000001	1467.49463687977
0.847000000000001	1468.40910104884
0.848000000000001	1474.52006613389
0.849000000000001	1478.76879465254
0.850000000000001	1475.52253344071
0.851000000000001	1468.31135256882
0.852000000000001	1465.17600471507
0.853000000000001	1468.75888843852
0.854000000000001	1474.80346486992
0.855000000000001	1476.10421663022
0.856000000000001	1470.2310517963
0.857000000000001	1464.05251850383
0.858000000000001	1463.88396936441
0.859000000000001	1469.48675203022
0.860000000000001	1474.91854967229
0.861000000000001	1473.94992955545
0.862000000000001	1467.59827759622
0.863000000000001	1463.3253621689
0.864000000000001	1466.15983376467
0.865000000000001	1473.37376602383
0.866000000000001	1477.35794889311
0.867000000000001	1473.53135698708
0.868000000000001	1467.1021614078
0.869000000000001	1465.70431339946
0.870000000000001	1470.63689587228
0.871000000000001	1476.91454272406
0.872000000000001	1477.32577470366
0.873000000000001	1471.36650964483
0.874000000000001	1466.2997822307
0.875000000000001	1467.54813699815
0.876000000000001	1473.99588253496
0.877000000000001	1478.61957120865
0.878000000000001	1476.09709216428
0.879000000000001	1469.91546744412
0.880000000000001	1467.54912054999
0.881000000000001	1471.81988030834
0.882000000000001	1478.3548577962
0.883000000000001	1479.63108936783
0.884000000000001	1473.69711810156
0.885000000000001	1467.5629063351
0.886000000000001	1467.8725902627
0.887000000000001	1473.71965272241
0.888000000000001	1478.39826383399
0.889000000000001	1475.87561734307
0.890000000000001	1469.24481384258
0.891000000000001	1466.08485760793
0.892000000000001	1469.22758401122
0.893000000000001	1475.42564487796
0.894000000000001	1477.29111445527
0.895000000000001	1471.86790831491
0.896000000000001	1465.41176504126
0.897000000000001	1464.86235732521
0.898000000000001	1470.45605922761
0.899000000000001	1476.17276125608
0.900000000000001	1475.54490446136
0.901000000000001	1469.26665535013
0.902000000000001	1464.61068584902
0.903000000000001	1466.62543935982
0.904000000000001	1473.23490865829
0.905000000000001	1477.06308629393
0.906000000000001	1473.33453783081
0.907000000000001	1467.03855957693
0.908000000000001	1465.37803518522
0.909000000000001	1470.21790265659
0.910000000000001	1476.64593526293
0.911000000000001	1477.29282614696
0.912000000000001	1471.24425813416
0.913000000000001	1465.81518065337
0.914000000000001	1467.16751142927
0.915000000000001	1473.77621413341
0.916000000000001	1478.7247923877
0.917000000000001	1476.50752514907
0.918000000000001	1470.31278024773
0.919000000000001	1467.48561744756
0.920000000000001	1471.03227508068
0.921000000000001	1477.31815373843
0.922000000000001	1478.670326993
0.923000000000001	1473.0476273277
0.924000000000001	1467.38560776207
0.925000000000001	1467.61203777774
0.926000000000001	1473.42859866619
0.927000000000001	1478.47838537765
0.928000000000001	1476.73943617908
0.929000000000001	1470.18662108295
0.930000000000001	1466.25222012806
0.931000000000001	1469.36068903243
0.932000000000001	1476.02712813316
0.933000000000001	1478.47472316172
0.934000000000001	1473.39391363776
0.935000000000001	1466.88625679425
0.936000000000001	1466.0415119139
0.937000000000001	1471.03849139857
0.938000000000001	1476.29201272885
0.939000000000001	1475.15892232739
0.940000000000001	1468.85336971255
0.941000000000001	1464.5031198659
0.942000000000001	1466.3866247141
0.943000000000001	1472.84531429047
0.944000000000001	1476.67831390063
0.945000000000001	1473.32118098327
0.946000000000001	1467.13302143734
0.947000000000001	1465.37139029665
0.948000000000001	1470.15315354805
0.949000000000001	1476.82667551889
0.950000000000001	1477.95774706651
0.951000000000001	1472.14926551453
0.952000000000001	1466.71195955682
0.953000000000001	1467.72378631998
0.954000000000001	1473.88169152706
0.955000000000001	1478.37138110223
0.956000000000001	1475.62389255109
0.957000000000001	1469.23238383988
0.958000000000001	1466.41709002994
0.959000000000001	1470.03957756973
0.960000000000001	1476.52031162978
0.961000000000001	1478.35331760084
0.962000000000001	1472.79921677644
0.963000000000001	1466.54874448783
0.964000000000001	1466.48581501149
0.965000000000001	1472.30382430286
0.966000000000001	1477.93922190342
0.967000000000001	1476.91412547621
0.968000000000001	1470.60842343548
0.969000000000001	1466.79639748192
0.970000000000001	1469.64224354631
0.971000000000001	1476.01223566037
0.972000000000001	1478.57183613923
0.973000000000001	1473.73729402032
0.974000000000001	1467.4325988576
0.975000000000001	1466.32230047967
0.976000000000001	1471.31684660858
0.977000000000001	1477.0168963323
0.978000000000001	1476.44553508289
0.979000000000001	1469.9040582699
0.980000000000001	1465.01222372109
0.981000000000001	1466.93189081322
0.982000000000001	1473.40426281443
0.983000000000001	1477.44221140557
0.984000000000001	1474.30722660054
0.985000000000001	1468.23670004815
0.986000000000001	1466.28203091265
0.987000000000001	1470.69254722639
0.988000000000001	1476.90363115899
0.989000000000001	1477.3983869036
0.990000000000001	1471.37385482868
0.991000000000001	1465.933801166
0.992000000000001	1466.76283900238
0.993000000000001	1472.88210599401
0.994000000000001	1477.68408074186
0.995000000000001	1475.23959345507
0.996000000000001	1468.35689901727
0.997000000000001	1465.17596705984
0.998000000000001	1468.79628667771
0.999000000000001	1475.40690681611
1	1477.66900245322
1.001	1472.91885985409
1.002	1467.35970836392
1.003	1467.23916351294
1.004	1472.9092210806
1.005	1478.41583051265
1.006	1477.03993821851
1.007	1470.63263672748
1.008	1466.55929572206
1.009	1468.81581978534
1.01	1475.17967634865
1.011	1478.34223525089
1.012	1473.7971194553
1.013	1467.27123263997
1.014	1466.49078468617
1.015	1471.87617936895
1.016	1477.92566999213
1.017	1477.73832558978
1.018	1471.29216536125
1.019	1466.40486230109
1.02	1468.07095433035
1.021	1474.1325042986
1.022	1477.61405293774
1.023	1473.75808807163
1.024	1467.07390386727
1.025	1464.73324674901
1.026	1468.76866691308
1.027	1474.98278030211
1.028	1476.21195772758
1.029	1470.4330913079
1.03	1464.84806904992
1.031	1465.70143454283
1.032	1472.17058321677
1.033	1477.73086423541
1.034	1475.89985220073
1.035	1469.51795389018
1.036	1466.20789203043
1.037	1469.66843529995
1.038	1476.4807312779
1.039	1478.74898405993
1.04	1473.60726625687
1.041	1467.31880280485
1.042	1466.74344745718
1.043	1472.08829608999
1.044	1477.59780319457
1.045	1476.62723632391
1.046	1469.90770082449
1.047	1465.62139757235
1.048	1468.21103896145
1.049	1474.90628614095
1.05	1478.51585973199
1.051	1474.8957365859
1.05199999999999	1468.94635940429
1.05299999999999	1467.38437369856
1.05399999999999	1472.0789787976
1.05499999999999	1477.94275986777
1.05599999999999	1477.68746973621
1.05699999999999	1471.33667930188
1.05799999999999	1466.17405152623
1.05899999999999	1467.61112735041
1.05999999999999	1473.88317327257
1.06099999999999	1477.87245226641
1.06199999999999	1474.31509934503
1.06299999999999	1467.52433691245
1.06399999999999	1465.31125080409
1.06499999999999	1469.47172726937
1.06599999999999	1475.75458902049
1.06699999999999	1477.17145172772
1.06799999999999	1471.70026283076
1.06899999999999	1465.84914219651
1.06999999999999	1466.09027697925
1.07099999999999	1472.06302605573
1.07199999999999	1477.21336473345
1.07299999999999	1475.23745778032
1.07399999999999	1468.46592818091
1.07499999999999	1464.86991338588
1.07599999999999	1468.12119886916
1.07699999999999	1474.85702404584
1.07799999999999	1477.70098333863
1.07899999999999	1472.78132126
1.07999999999999	1466.2970743734
1.08099999999999	1465.56874370503
1.08199999999999	1471.01671299576
1.08299999999999	1477.03195119
1.08399999999999	1476.94054984376
1.08499999999999	1470.93002528984
1.08599999999999	1466.23206083233
1.08699999999999	1468.3078600204
1.08799999999999	1475.07381443816
1.08899999999999	1479.04784420815
1.08999999999999	1475.34399476493
1.09099999999999	1468.77726905045
1.09199999999999	1467.07911575538
1.09299999999999	1471.84100203692
1.09399999999999	1478.009960744
1.09499999999999	1478.29015435067
1.09599999999999	1471.81142472243
1.09699999999999	1466.44576383181
1.09799999999999	1467.77534346776
1.09899999999999	1473.83393058464
1.09999999999999	1477.98529542844
1.10099999999999	1475.06679375497
1.10199999999999	1468.56389547466
1.10299999999999	1465.75701129718
1.10399999999999	1469.67865294507
1.10499999999999	1476.22747010895
1.10599999999999	1477.6321797867
1.10699999999999	1471.81791450398
1.10799999999999	1465.6227401538
1.10899999999999	1465.66705367761
1.10999999999999	1471.47296365535
1.11099999999999	1476.76790069459
1.11199999999999	1474.95292762711
1.11299999999999	1467.91594385938
1.11399999999999	1463.76195026875
1.11499999999999	1466.66732702328
1.11599999999999	1473.45883965079
1.11699999999999	1476.69182871204
1.11799999999999	1472.72090701023
1.11899999999999	1466.66360728584
1.11999999999999	1465.68141208041
1.12099999999999	1471.21689529565
1.12199999999999	1477.70790396874
1.12299999999999	1478.09098148579
1.12399999999999	1472.0310404627
1.12499999999999	1466.99568436885
1.12599999999999	1468.70490542494
1.12699999999999	1475.07419374426
1.12799999999999	1479.0683224957
1.12899999999999	1475.84354719543
1.12999999999999	1469.60481791445
1.13099999999999	1467.53007675529
1.13199999999999	1471.82160803174
1.13299999999999	1478.05769335834
1.13399999999999	1478.99848785786
1.13499999999999	1473.18258378391
1.13599999999999	1467.64868384673
1.13699999999999	1468.64426742868
1.13799999999999	1474.99875774401
1.13899999999999	1479.53857586402
1.13999999999999	1476.43608129025
1.14099999999999	1469.16818683195
1.14199999999999	1465.85724709764
1.14299999999998	1469.32584122705
1.14399999999998	1475.22010524674
1.14499999999998	1476.34414982561
1.14599999999998	1470.4352352047
1.14699999999998	1464.26853391406
1.14799999999998	1464.07296669065
1.14899999999998	1469.59111363772
1.14999999999998	1475.0212425555
1.15099999999998	1474.15311013771
1.15199999999998	1467.92415966582
1.15299999999998	1463.81991942202
1.15399999999998	1466.77137239852
1.15499999999998	1474.06874357259
1.15599999999998	1478.10457859033
1.15699999999998	1474.23135142007
1.15799999999998	1467.79529272402
1.15899999999998	1466.35809713533
1.15999999999998	1471.2243167198
1.16099999999998	1477.2307214733
1.16199999999998	1477.19539949487
1.16299999999998	1471.04889730003
1.16399999999998	1466.17029754206
1.16499999999998	1467.67421356016
1.16599999999998	1474.12613289039
1.16699999999998	1478.56318688388
1.16799999999998	1475.89150241372
1.16899999999998	1469.69076304681
1.16999999999998	1467.32759481818
1.17099999999998	1471.68656050779
1.17199999999998	1478.27230506133
1.17299999999998	1479.42326060564
1.17399999999998	1473.36770496144
1.17499999999998	1467.21248658619
1.17599999999998	1467.4743854321
1.17699999999998	1473.21889308627
1.17799999999998	1477.76808837523
1.17899999999998	1475.18763730819
1.17999999999998	1468.60665075682
1.18099999999998	1465.57156243555
1.18199999999998	1468.93897195358
1.18299999999998	1475.6003668162
1.18399999999998	1477.78083138448
1.18499999999998	1472.38647550163
1.18599999999998	1465.97973153354
1.18699999999998	1465.46907180747
1.18799999999998	1471.11073297928
1.18899999999998	1476.79981824254
1.18999999999998	1476.04849114244
1.19099999999998	1469.67349124469
1.19199999999998	1465.07164347337
1.19299999999998	1467.1132152556
1.19399999999998	1473.51041366949
1.19499999999998	1477.03677820679
1.19599999999998	1473.49034948806
1.19699999999998	1467.66147275053
1.19799999999998	1466.32166926224
1.19899999999998	1471.38419752361
1.19999999999998	1477.83289419399
1.20099999999998	1478.28734090273
1.20199999999998	1472.14409743872
1.20299999999998	1466.85318852419
1.20399999999998	1468.31294655213
1.20499999999998	1474.87199893577
1.20599999999998	1479.24504143782
1.20699999999998	1476.26773456866
1.20799999999998	1469.65542465983
1.20899999999998	1466.91316014426
1.20999999999998	1470.68121118701
1.21099999999998	1476.61888308415
1.21199999999998	1477.40919098997
1.21299999999998	1471.53814556579
1.21399999999998	1465.88810447162
1.21499999999998	1466.2239627576
1.21599999999998	1472.17451584526
1.21699999999998	1477.28257077075
1.21799999999998	1475.50241135639
1.21899999999998	1469.01326418206
1.21999999999998	1465.26202178699
1.22099999999998	1468.55012708864
1.22199999999998	1475.37912964368
1.22299999999998	1477.92995716204
1.22399999999998	1472.95695074769
1.22499999999998	1466.58120476915
1.22599999999998	1465.94524231488
1.22699999999998	1471.22267067728
1.22799999999998	1476.68049742402
1.22899999999998	1475.67670323714
1.22999999999998	1469.48002967598
1.23099999999998	1465.22203524114
1.23199999999998	1467.22761701573
1.23299999999998	1473.77114765582
1.23399999999997	1477.54763935172
1.23499999999997	1474.07495140531
1.23599999999997	1467.90121576353
1.23699999999997	1466.24454921801
1.23799999999997	1471.04189546481
1.23899999999997	1477.49682633739
1.23999999999997	1478.21960777091
1.24099999999997	1472.20721022264
1.24199999999997	1466.88712490969
1.24299999999997	1468.16262237089
1.24399999999997	1474.49780176197
1.24499999999997	1478.78638393683
1.24599999999997	1475.71993494853
1.24699999999997	1469.19676223056
1.24799999999997	1466.37555485272
1.24899999999997	1470.06174738573
1.24999999999997	1476.38625214767
1.25099999999997	1477.7607264138
1.25199999999997	1471.95700626907
1.25299999999997	1465.78205412865
1.25399999999997	1465.89074016582
1.25499999999997	1471.74950550015
1.25599999999997	1477.11852938274
1.25699999999997	1475.80839287073
1.25799999999997	1469.42393697937
1.25899999999997	1465.59319046245
1.25999999999997	1468.52774510791
1.26099999999997	1475.00148559135
1.26199999999997	1477.5201923373
1.26299999999997	1472.70113909575
1.26399999999997	1466.45175885745
1.26499999999997	1465.35657805097
1.26599999999997	1470.41543555025
1.26699999999997	1476.31741353348
1.26799999999997	1475.99025994727
1.26899999999997	1469.60971317079
1.26999999999997	1464.70947872453
1.27099999999997	1466.63300242405
1.27199999999997	1473.3599359517
1.27299999999997	1477.71512425854
1.27399999999997	1474.77230978445
1.27499999999997	1468.62726033581
1.27599999999997	1466.44108175655
1.27699999999997	1470.87239241182
1.27799999999997	1477.3830895513
1.27899999999997	1478.09408886937
1.27999999999997	1472.11216429425
1.28099999999997	1466.61170429002
1.28199999999997	1467.32021966059
1.28299999999997	1473.39858446904
1.28399999999997	1478.22996641295
1.28499999999997	1475.75294560021
1.28599999999997	1468.78527109925
1.28699999999997	1465.54185690693
1.28799999999997	1469.19202582065
1.28899999999997	1475.86118661168
1.28999999999997	1478.05155567782
1.29099999999997	1473.17233783453
1.29199999999997	1467.45854809923
1.29299999999997	1467.08355579627
1.29399999999997	1472.58919570908
1.29499999999997	1478.02347933664
1.29599999999997	1476.78799472104
1.29699999999997	1470.63079235375
1.29799999999997	1466.59123323473
1.29899999999997	1468.87548279189
1.29999999999997	1475.17439909306
1.30099999999997	1478.12560216858
1.30199999999997	1473.45876142586
1.30299999999997	1466.84826536953
1.30399999999997	1465.88252785851
1.30499999999997	1471.1548059381
1.30599999999997	1477.13479845294
1.30699999999997	1476.85720958764
1.30799999999997	1470.26667414271
1.30899999999997	1465.15707281401
1.30999999999997	1466.70184525863
1.31099999999997	1472.88555937388
1.31199999999997	1476.6910774768
1.31299999999997	1473.0830394385
1.31399999999997	1466.47671531735
1.31499999999997	1464.02280336084
1.31599999999997	1467.9596815432
1.31699999999997	1474.4675951367
1.31799999999997	1476.2078397613
1.31899999999997	1470.60150120414
1.31999999999997	1464.72948530462
1.32099999999997	1465.21456481906
1.32199999999997	1471.62515787577
1.32299999999997	1477.61376958046
1.32399999999996	1476.28455046903
1.32499999999996	1469.96485881385
1.32599999999996	1466.36135812197
1.32699999999996	1469.44441717434
1.32799999999996	1476.34143447152
1.32899999999996	1479.2979670686
1.32999999999996	1474.61554902561
1.33099999999996	1468.30650955886
1.33199999999996	1467.44823693028
1.33299999999996	1472.55279790065
1.33399999999996	1478.08620761011
1.33499999999996	1477.23900969484
1.33599999999996	1470.56777557136
1.33699999999996	1466.03305439548
1.33799999999996	1468.26274902802
1.33899999999996	1474.83956652422
1.33999999999996	1478.53485423828
1.34099999999996	1474.93331194241
1.34199999999996	1468.79516789771
1.34299999999996	1466.9668499009
1.34399999999996	1471.5426072637
1.34499999999996	1477.46168883632
1.34599999999996	1477.31290167741
1.34699999999996	1470.87340629618
1.34799999999996	1465.41199290861
1.34899999999996	1466.45732499793
1.34999999999996	1472.55895146574
1.35099999999996	1476.80671671615
1.35199999999996	1473.59621369021
1.35299999999996	1466.37536235269
1.35399999999996	1463.25219819548
1.35499999999996	1467.04988367513
1.35599999999996	1473.6977760601
1.35699999999996	1475.90971955539
1.35799999999996	1470.96065894125
1.35899999999996	1464.95483288876
1.35999999999996	1464.78490311212
1.36099999999996	1470.81583330166
1.36199999999996	1476.8190852547
1.36299999999996	1475.8864054621
1.36399999999996	1469.12918908611
1.36499999999996	1464.82567355497
1.36599999999996	1467.46349918417
1.36699999999996	1474.19908333653
1.36799999999996	1477.89481629541
1.36899999999996	1473.83614182084
1.36999999999996	1467.35360879235
1.37099999999996	1465.98036171505
1.37199999999996	1471.01117388682
1.37299999999996	1477.51824188202
1.37399999999996	1478.26035739518
1.37499999999996	1472.35179134493
1.37599999999996	1467.23255802222
1.37699999999996	1468.80698244731
1.37799999999996	1475.42137274394
1.37899999999996	1479.80064975046
1.37999999999996	1476.47971517956
1.38099999999996	1469.66067325711
1.38199999999996	1467.32761704767
1.38299999999996	1471.59475605037
1.38399999999996	1477.79125133352
1.38499999999996	1478.51409978633
1.38599999999996	1472.19681435646
1.38699999999996	1466.43353581097
1.38799999999996	1467.16896756792
1.38899999999996	1472.97297362826
1.38999999999996	1477.38429877195
1.39099999999996	1474.86598539546
1.39199999999996	1468.16371932108
1.39299999999996	1464.76073531284
1.39399999999996	1468.2180844351
1.39499999999996	1474.92919122242
1.39599999999996	1477.10453076204
1.39699999999996	1471.73915417029
1.39799999999996	1465.17893971381
1.39899999999996	1464.46319885457
1.39999999999996	1469.89173123669
1.40099999999996	1475.59030304636
1.40199999999996	1474.69052936156
1.40299999999996	1468.23036298948
1.40399999999996	1463.81323810112
1.40499999999996	1466.05604603924
1.40599999999996	1472.77529907315
1.40699999999996	1476.74612227861
1.40799999999996	1473.41027253984
1.40899999999996	1467.15253089149
1.40999999999996	1465.48248025544
1.41099999999996	1470.47024652029
1.41199999999996	1477.27154208504
1.41299999999996	1478.6296161016
1.41399999999996	1473.01232988005
1.41499999999995	1467.39324163424
1.41599999999995	1468.30544017135
1.41699999999995	1474.57280883933
1.41799999999995	1479.28531693747
1.41899999999995	1476.89402229748
1.41999999999995	1470.75738106692
1.42099999999995	1468.24700568384
1.42199999999995	1471.97995531435
1.42299999999995	1478.18437613738
1.42399999999995	1479.62443023305
1.42499999999995	1474.01214693723
1.42599999999995	1467.98095084022
1.42699999999995	1468.18115645815
1.42799999999995	1474.11916462311
1.42899999999995	1478.95957843339
1.42999999999995	1476.71469079359
1.43099999999995	1469.89411961771
1.43199999999995	1466.10593096078
1.43299999999995	1468.89131695546
1.43399999999995	1474.64348054512
1.43499999999995	1476.30982931403
1.43599999999995	1470.92607039099
1.43699999999995	1464.53707854784
1.43799999999995	1463.68575050401
1.43899999999995	1468.90737151273
1.43999999999995	1474.7175017509
1.44099999999995	1474.12408835322
1.44199999999995	1467.62074684062
1.44299999999995	1462.84580719381
1.44399999999995	1465.06065707471
1.44499999999995	1472.11722793166
1.44599999999995	1476.64928404112
1.44699999999995	1473.80755507712
1.44799999999995	1467.74844911462
1.44899999999995	1465.71165607825
1.44999999999995	1470.00224819105
1.45099999999995	1476.51611919346
1.45199999999995	1477.72032382397
1.45299999999995	1472.11246690542
1.45399999999995	1466.87095319628
1.45499999999995	1467.74264722022
1.45599999999995	1474.09967818194
1.45699999999995	1479.30581088004
1.45799999999995	1477.47142593954
1.45899999999995	1471.31954687969
1.45999999999995	1468.15339556759
1.46099999999995	1471.89652824682
1.46199999999995	1478.76296996112
1.46299999999995	1480.66910642123
1.46399999999995	1475.08565466733
1.46499999999995	1468.81417794582
1.46599999999995	1468.67194490609
1.46699999999995	1474.0112439073
1.46799999999995	1478.56905851558
1.46899999999995	1476.24012167742
1.46999999999995	1469.5203319983
1.47099999999995	1465.73595700197
1.47199999999995	1468.22863069398
1.47299999999995	1474.31003448875
1.47399999999995	1476.53080706429
1.47499999999995	1471.41301082663
1.47599999999995	1464.93951457315
1.47699999999995	1463.94878717459
1.47799999999995	1469.11596311423
1.47899999999995	1475.16812390235
1.47999999999995	1475.31896860671
1.48099999999995	1469.41294854574
1.48199999999995	1464.63207757211
1.48299999999995	1466.4000296545
1.48399999999995	1472.88309300704
1.48499999999995	1477.03129284697
1.48599999999995	1473.77248886969
1.48699999999995	1467.49823328405
1.48799999999995	1465.38802985446
1.48899999999995	1469.78361044657
1.48999999999995	1476.51200291005
1.49099999999995	1477.98063437063
1.49199999999995	1472.27595416355
1.49299999999995	1466.46982276569
1.49399999999995	1467.16049994909
1.49499999999995	1473.4767012763
1.49599999999995	1478.91856790613
1.49699999999995	1477.38442623215
1.49799999999995	1471.04979692056
1.49899999999995	1467.7291220118
1.49999999999995	1471.03490791099
1.50099999999995	1477.34956760722
1.50199999999995	1479.17975914362
1.50299999999995	1473.74530902266
1.50399999999995	1467.61656561672
1.50499999999995	1467.03106749106
1.50599999999994	1472.44592702157
1.50699999999994	1477.89343263821
1.50799999999994	1476.46999608859
1.50899999999994	1469.76461243804
1.50999999999994	1465.59948697609
1.51099999999994	1468.39645835393
1.51199999999994	1474.94461797701
1.51299999999994	1477.96866513685
1.51399999999994	1473.89203892094
1.51499999999994	1467.78396968345
1.51599999999994	1466.50159010218
1.51699999999994	1471.22878600911
1.51799999999994	1476.75991606997
1.51899999999994	1476.13581922796
1.51999999999994	1469.67118337228
1.52099999999994	1464.73439607321
1.52199999999994	1466.22099987371
1.52299999999994	1472.55529376481
1.52399999999994	1476.83162498703
1.52499999999994	1473.67390702984
1.52599999999994	1466.92570358621
1.52699999999994	1464.6098541871
1.52799999999994	1469.07982144972
1.52899999999994	1475.85098677984
1.52999999999994	1477.54844683148
1.53099999999994	1472.40262992789
1.53199999999994	1467.16295835461
1.53299999999994	1467.72012381351
1.53399999999994	1473.71124982842
1.53499999999994	1478.70795356914
1.53599999999994	1476.86969237456
1.53699999999994	1470.7111121826
1.53799999999994	1467.25526420692
1.53899999999994	1470.19287345571
1.53999999999994	1476.51277318005
1.54099999999994	1478.81734854994
1.54199999999994	1473.5940273033
1.54299999999994	1467.22747338143
1.54399999999994	1466.98266229919
1.54499999999994	1472.6557039804
1.54599999999994	1478.26206166909
1.54699999999994	1477.14843184498
1.54799999999994	1470.33197189764
1.54899999999994	1465.82757850023
1.54999999999994	1467.98516891197
1.55099999999994	1474.0491318743
1.55199999999994	1476.89979199325
1.55299999999994	1472.42225673416
1.55399999999994	1465.96140322621
1.55499999999994	1464.38548169306
1.55599999999994	1469.0021485657
1.55699999999994	1475.05751585045
1.55799999999994	1475.54700052438
1.55899999999994	1469.46115589006
1.55999999999994	1464.24871085099
1.56099999999994	1465.73955826925
1.56199999999994	1472.57409436611
1.56299999999994	1477.82277967216
1.56399999999994	1475.70588235423
1.56499999999994	1469.60738538226
1.56599999999994	1466.80835894576
1.56699999999994	1470.71926844549
1.56799999999994	1477.46042618863
1.56899999999994	1478.99025019572
1.56999999999994	1473.3741890588
1.57099999999994	1467.4961296125
1.57199999999994	1467.78185948375
1.57299999999994	1473.68616213476
1.57399999999994	1478.77027064758
1.57499999999994	1476.83138330439
1.57599999999994	1469.78374952732
1.57699999999994	1466.04811134974
1.57799999999994	1469.19507062789
1.57899999999994	1475.69183063925
1.57999999999994	1478.38389011257
1.58099999999994	1473.95792614057
1.58199999999994	1468.04955621545
1.58299999999994	1467.13186772872
1.58399999999994	1472.22696522383
1.58499999999994	1477.67923214168
1.58599999999994	1476.55679881262
1.58699999999994	1470.23747399227
1.58799999999994	1465.96524549598
1.58899999999994	1468.11252516952
1.58999999999994	1474.56992289997
1.59099999999994	1477.97238712072
1.59199999999994	1473.65918350164
1.59299999999994	1466.78888677016
1.59399999999994	1465.18984695431
1.59499999999994	1469.9032484658
1.59599999999994	1475.91417554903
1.59699999999993	1476.5506236276
1.59799999999993	1470.66802431945
1.59899999999993	1465.24268913832
1.59999999999993	1466.20479519504
1.60099999999993	1472.36943946046
1.60199999999993	1476.92111837761
1.60299999999993	1474.16596070774
1.60399999999993	1467.58201718476
1.60499999999993	1464.74959685449
1.60599999999993	1468.56987281111
1.60699999999993	1475.3764986016
1.60799999999993	1477.65767020059
1.60899999999993	1472.28627691316
1.60999999999993	1466.0590991687
1.61099999999993	1465.97185327269
1.61199999999993	1471.88200379982
1.61299999999993	1477.64973761432
1.61399999999993	1476.55589794715
1.61499999999993	1470.37212776191
1.61599999999993	1466.48888353534
1.61699999999993	1469.25993592335
1.61799999999993	1476.07508895152
1.61899999999993	1479.29978905728
1.61999999999993	1474.93285117521
1.62099999999993	1468.44546931923
1.62199999999993	1467.34080248948
1.62299999999993	1472.4340836555
1.62399999999993	1478.10864072603
1.62499999999993	1477.52992254037
1.62599999999993	1470.85878583685
1.62699999999993	1465.98330250845
1.62799999999993	1467.9031826303
1.62899999999993	1474.24305072857
1.62999999999993	1478.03065029202
1.63099999999993	1474.51200266202
1.63199999999993	1468.0987475087
1.63299999999993	1466.02236524129
1.63399999999993	1470.59431076673
1.63499999999993	1476.99716567513
1.63599999999993	1477.5497535931
1.63699999999993	1471.33530306911
1.63799999999993	1465.49916274933
1.63899999999993	1466.1811682183
1.63999999999993	1472.20235965905
1.64099999999993	1476.85282523144
1.64199999999993	1474.2070788681
1.64299999999993	1467.03661905563
1.64399999999993	1463.44910420488
1.64499999999993	1466.81112661712
1.64599999999993	1473.52085384969
1.64699999999993	1476.22695367162
1.64799999999993	1471.80438292849
1.64899999999993	1465.94444097221
1.64999999999993	1465.64503463222
1.65099999999993	1471.71338167808
1.65199999999993	1478.07940769261
1.65299999999993	1477.550904708
1.65399999999993	1470.85349758363
1.65499999999993	1466.20005429344
1.65599999999993	1468.48372667005
1.65699999999993	1474.95097217196
1.65799999999993	1478.42146630897
1.65899999999993	1474.26340015768
1.65999999999993	1467.72021338343
1.66099999999993	1466.14780550271
1.66199999999993	1470.93551812571
1.66299999999993	1477.31290866933
1.66399999999993	1478.09990763666
1.66499999999993	1472.28347546012
1.66599999999993	1467.09125189728
1.66699999999993	1468.64784731223
1.66799999999993	1475.39893667376
1.66899999999993	1479.95249866498
1.66999999999993	1476.7071316877
1.67099999999993	1469.76199496028
1.67199999999993	1467.16554929907
1.67299999999993	1471.20369223604
1.67399999999993	1477.22665482386
1.67499999999993	1477.95869494131
1.67599999999993	1471.78272762044
1.67699999999993	1465.98939401187
1.67799999999993	1466.58658557759
1.67899999999993	1472.42773838883
1.67999999999993	1477.19325587701
1.68099999999993	1475.36572800097
1.68199999999993	1469.08352794518
1.68299999999993	1465.54654698399
1.68399999999993	1468.89837696627
1.68499999999993	1475.70684104642
1.68599999999993	1478.06397576825
1.68699999999993	1472.76814617817
1.68799999999992	1466.1086148993
1.68899999999992	1465.18347516704
1.68999999999992	1470.37524224094
1.69099999999992	1475.823222388
1.69199999999992	1474.75484150696
1.69299999999992	1468.32911384869
1.69399999999992	1464.01397544576
1.69499999999992	1466.31991298779
1.69599999999992	1473.09355834279
1.69699999999992	1477.13249147945
1.69799999999992	1474.07355414589
1.69899999999992	1468.00025445269
1.69999999999992	1466.20471065215
1.70099999999992	1471.08417999285
1.70199999999992	1477.71422497344
1.70299999999992	1478.80676678403
1.70399999999992	1473.0131173077
1.70499999999992	1467.37115677677
1.70599999999992	1468.12575749527
1.70699999999992	1474.13379797618
1.70799999999992	1478.60888489664
1.70899999999992	1476.06788257661
1.70999999999992	1469.92970795702
1.71099999999992	1467.49510443211
1.71199999999992	1471.42856144859
1.71299999999992	1477.84880961161
1.71399999999992	1479.41769966767
1.71499999999992	1473.85634460654
1.71599999999992	1467.77498947813
1.71699999999992	1467.92551405596
1.71799999999992	1473.8353050022
1.71899999999992	1478.65654091465
1.71999999999992	1476.2084842307
1.72099999999992	1469.05955395889
1.72199999999992	1465.1817627226
1.72299999999992	1468.05610495529
1.72399999999992	1474.01252706454
1.72499999999992	1475.98901390516
1.72599999999992	1470.85275063898
1.72699999999992	1464.5356928135
1.72799999999992	1463.69693875802
1.72899999999992	1469.08631881099
1.72999999999992	1475.17538579009
1.73099999999992	1475.12056903946
1.73199999999992	1469.07445958359
1.73299999999992	1464.25794813924
1.73399999999992	1466.28350172572
1.73499999999992	1473.27100076733
1.73599999999992	1477.73121353542
1.73699999999992	1474.70916281717
1.73799999999992	1468.36689716012
1.73899999999992	1466.20198133719
1.73999999999992	1470.60205393851
1.74099999999992	1477.01307316342
1.74199999999992	1478.00382062812
1.74299999999992	1472.27049255632
1.74399999999992	1466.91725471167
1.74499999999992	1467.7071125326
1.74599999999992	1473.9970129588
1.74699999999992	1479.06234727703
1.74799999999992	1477.04468142534
1.74899999999992	1470.82692200583
1.74999999999992	1467.73027829084
1.75099999999992	1471.3130808812
1.75199999999992	1477.91495517851
1.75299999999992	1479.67050545337
1.75399999999992	1474.02258802056
1.75499999999992	1467.78901599311
1.75599999999992	1467.76927870504
1.75699999999992	1473.34935384334
1.75799999999992	1478.12557667074
1.75899999999992	1475.95312090023
1.75999999999992	1469.36019513281
1.76099999999992	1465.61233007793
1.76199999999992	1468.10978275099
1.76299999999992	1474.27104881285
1.76399999999992	1476.63612870888
1.76499999999992	1471.6369568892
1.76599999999992	1465.18414915099
1.76699999999992	1464.20087276202
1.76799999999992	1469.42744279675
1.76899999999992	1475.5239397944
1.76999999999992	1475.65931403753
1.77099999999992	1469.69929594552
1.77199999999992	1464.80623142042
1.77299999999992	1466.56615289567
1.77399999999992	1473.23840660092
1.77499999999992	1477.47429448803
1.77599999999992	1474.2271905365
1.77699999999992	1467.85465762429
1.77799999999991	1465.5404106342
1.77899999999991	1469.84595414457
1.77999999999991	1476.5339828185
1.78099999999991	1477.92087835655
1.78199999999991	1472.13974001843
1.78299999999991	1466.31241476972
1.78399999999991	1466.98838608391
1.78499999999991	1473.30194764414
1.78599999999991	1478.63874008068
1.78699999999991	1476.97141030393
1.78799999999991	1470.58195170022
1.78899999999991	1467.13599122201
1.78999999999991	1470.40386460316
1.79099999999991	1476.76856052987
1.79199999999991	1478.61146623362
1.79299999999991	1473.27642777742
1.79399999999991	1467.2402629431
1.79499999999991	1466.68116594859
1.79599999999991	1471.98517075465
1.79699999999991	1477.38897849341
1.79799999999991	1476.12185470365
1.79899999999991	1469.48869437699
1.79999999999991	1465.23636037485
1.80099999999991	1467.96917658992
1.80199999999991	1474.83233074832
1.80299999999991	1478.18208708326
1.80399999999991	1474.12969337613
1.80499999999991	1467.89477342797
1.80599999999991	1466.36229145879
1.80699999999991	1471.01491854742
1.80799999999991	1476.75652400331
1.80899999999991	1476.36631230647
1.80999999999991	1470.00320907776
1.81099999999991	1464.98957853005
1.81199999999991	1466.33453107651
1.81299999999991	1472.67154192791
1.81399999999991	1477.1033213434
1.81499999999991	1474.0332655805
1.81599999999991	1467.11367527505
1.81699999999991	1464.51390157785
1.81799999999991	1468.86941847012
1.81899999999991	1475.96769286908
1.81999999999991	1477.96027178252
1.82099999999991	1472.78144124997
1.82199999999991	1467.30870888309
1.82299999999991	1467.4727101185
1.82399999999991	1473.32176891784
1.82499999999991	1478.45661186646
1.82599999999991	1476.71234506448
1.82699999999991	1470.57906371494
1.82799999999991	1467.04571516455
1.82899999999991	1469.84369088222
1.82999999999991	1476.18549182998
1.83099999999991	1478.59510293148
1.83199999999991	1473.44098958993
1.83299999999991	1466.94374831515
1.83399999999991	1466.42675422763
1.83499999999991	1472.07155412158
1.83599999999991	1477.86321209289
1.83699999999991	1476.91937646714
1.83799999999991	1470.10126301202
1.83899999999991	1465.45377868593
1.83999999999991	1467.54671683001
1.84099999999991	1473.73953733079
1.84199999999991	1476.87721325232
1.84299999999991	1472.58601993272
1.84399999999991	1466.09617618002
1.84499999999991	1464.35096718681
1.84599999999991	1468.81523913527
1.84699999999991	1475.01002034282
1.84799999999991	1475.81601253135
1.84899999999991	1469.75450167954
1.84999999999991	1464.18730170781
1.85099999999991	1465.23831095165
1.85199999999991	1471.91995669343
1.85299999999991	1477.4426565347
1.85399999999991	1475.33567959556
1.85499999999991	1468.88256410329
1.85599999999991	1465.81143190056
1.85699999999991	1469.4129030084
1.85799999999991	1476.25238255036
1.85899999999991	1478.36371514961
1.85999999999991	1472.97986936949
1.86099999999991	1466.85242782227
1.86199999999991	1466.66074419088
1.86299999999991	1472.29296156709
1.86399999999991	1477.79509128761
1.86499999999991	1476.59182696331
1.86599999999991	1469.84827220993
1.86699999999991	1465.71823484665
1.86799999999991	1468.40180358483
1.8689999999999	1475.1394349718
1.8699999999999	1478.62555843929
1.8709999999999	1474.74193261242
1.8719999999999	1468.7407568268
1.8729999999999	1467.38716550175
1.8739999999999	1472.36282973418
1.8749999999999	1478.27907334912
1.8759999999999	1477.75645377618
1.8769999999999	1471.25710071735
1.8779999999999	1466.27481399442
1.8789999999999	1467.9081747478
1.8799999999999	1474.2774789928
1.8809999999999	1478.11342856159
1.8819999999999	1474.20614196599
1.8829999999999	1467.16392227002
1.8839999999999	1464.90146882296
1.8849999999999	1469.13105782892
1.8859999999999	1475.28138846189
1.8869999999999	1476.36590567193
1.8879999999999	1470.9217858243
1.8889999999999	1465.46340696967
1.8899999999999	1465.98591747816
1.8909999999999	1472.04905578183
1.8919999999999	1477.02906878883
1.8929999999999	1474.78845349383
1.8939999999999	1468.06130243398
1.8949999999999	1464.60687748905
1.8959999999999	1467.83611383968
1.8969999999999	1474.51148953058
1.8979999999999	1477.24406845181
1.8989999999999	1472.32522862148
1.8999999999999	1465.92856790028
1.9009999999999	1465.17635752643
1.9019999999999	1470.5868037252
1.9029999999999	1476.61471521942
1.9039999999999	1476.47262994944
1.9049999999999	1470.30394628544
1.9059999999999	1465.63964664171
1.9069999999999	1467.85946884923
1.9079999999999	1474.66726544519
1.9089999999999	1478.70549765129
1.9099999999999	1475.03452683343
1.9109999999999	1468.35424411975
1.9119999999999	1466.54893901793
1.9129999999999	1471.32664993294
1.9139999999999	1477.69451810024
1.9149999999999	1478.22248479387
1.9159999999999	1471.83217830104
1.9169999999999	1466.43644500439
1.9179999999999	1467.77517147093
1.9189999999999	1474.00601050568
1.9199999999999	1478.36777618889
1.9209999999999	1475.54571231391
1.9219999999999	1468.90815711574
1.9229999999999	1466.0144680815
1.9239999999999	1469.99693889123
1.9249999999999	1476.62918491922
1.9259999999999	1478.26002409089
1.9269999999999	1472.69657202185
1.9279999999999	1466.39243640586
1.9289999999999	1466.17057988602
1.9299999999999	1471.77378741338
1.9309999999999	1476.81197308917
1.9319999999999	1474.78780619741
1.9329999999999	1467.86199958042
1.9339999999999	1463.91991841808
1.9349999999999	1466.79773746871
1.9359999999999	1473.44214201312
1.9369999999999	1476.4707104759
1.9379999999999	1472.31949695623
1.9389999999999	1466.08327517789
1.9399999999999	1465.08673594543
1.9409999999999	1470.58147680515
1.9419999999999	1476.940470461
1.9429999999999	1477.29376490538
1.9439999999999	1471.26999028133
1.9449999999999	1466.1428518722
1.9459999999999	1467.60427084296
1.9469999999999	1473.88017734716
1.9479999999999	1478.0593206707
1.9489999999999	1475.11456154281
1.9499999999999	1469.03621948258
1.9509999999999	1467.09173045839
1.9519999999999	1471.3814776646
1.9529999999999	1477.70692338293
1.9539999999999	1478.9226691446
1.9549999999999	1473.22590308825
1.9559999999999	1467.52628672222
1.9569999999999	1468.31744198588
1.9579999999999	1474.70588210331
1.9589999999999	1479.5457470495
1.95999999999989	1476.77060940619
1.96099999999989	1469.69970152228
1.96199999999989	1466.38663884281
1.96299999999989	1469.76072676227
1.96399999999989	1475.76725750378
1.96499999999989	1477.10974304489
1.96599999999989	1471.33440014202
1.96699999999989	1465.13202732709
1.96799999999989	1464.82697487168
1.96899999999989	1470.29061815249
1.96999999999989	1475.63683287056
1.97099999999989	1474.656104168
1.97199999999989	1468.36398921209
1.97299999999989	1464.01283349084
1.97399999999989	1466.67775265001
1.97499999999989	1473.78402208604
1.97599999999989	1477.56247290294
1.97699999999989	1473.41917096436
1.97799999999989	1466.96115874284
1.97899999999989	1465.60666995826
1.97999999999989	1470.4025995403
1.98099999999989	1476.45279897277
1.98199999999989	1476.56846798233
1.98299999999989	1470.50869432826
1.98399999999989	1465.5539921879
1.98499999999989	1466.93288306124
1.98599999999989	1473.39471317175
1.98699999999989	1478.06950020731
1.98799999999989	1475.66557485937
1.98899999999989	1469.51557965838
1.98999999999989	1466.8600990203
1.99099999999989	1471.22285175275
1.99199999999989	1478.29529782249
1.99299999999989	1479.88355086958
1.99399999999989	1474.13495107229
1.99499999999989	1468.1784505014
1.99599999999989	1468.5775287414
1.99699999999989	1474.35830099031
1.99799999999989	1478.96890396664
1.99899999999989	1476.43090598194
2	1469.77277559745
