"Time [s]"	"Current(EndConnection) [kA]"	"RingCurrent(EndConnection) [kA]"
0	0	0
0.001	-0.126000687273364	2.26581905118228
0.002	-0.49614270033836	5.15274164264224
0.003	-1.0628635818413	7.62059679873019
0.004	-1.74758577205936	9.29298923505501
0.005	-2.45096895956718	10.0269512570242
0.006	-3.08639790710149	9.7664316890272
0.007	-3.63212717304991	8.55867476634942
0.008	-3.99738937009341	6.56885626725991
0.009	-4.1026753715996	3.8360005619619
0.01	-3.90373191496805	0.718336650504357
0.011	-3.4918847079779	-2.27808035501494
0.012	-2.90298850240073	-4.93706423257964
0.013	-2.13494317231657	-7.08574824524641
0.014	-1.21191107304623	-8.58443389787081
0.015	-0.277644902045959	-9.13741564316997
0.016	0.603381078261824	-8.70543129327985
0.017	1.31932046354719	-7.39344860588258
0.018	1.79769819139754	-5.4648581949627
0.019	2.00439771645468	-3.16702319940687
0.02	1.99782248092496	-0.533278561984434
0.021	1.78067822169607	2.17611023113557
0.022	1.29720799641567	4.92471913414319
0.023	0.615419369960333	7.28634378367786
0.024	-0.144863809832337	8.83015333913252
0.025	-0.965304922282892	9.49833896020806
0.026	-1.77307083478636	9.23482019381788
0.027	-2.3931924945147	8.08897014516987
0.028	-2.81448244267478	6.1223728667105
0.029	-2.96681451593531	3.49900790086914
0.03	-2.85433000757333	0.499514539525365
0.031	-2.54024297689791	-2.40298777403858
0.032	-2.04074767266738	-5.00098191890612
0.033	-1.33044127632358	-7.22265184126134
0.034	-0.482030128673574	-8.75293124900935
0.035	0.408198535531834	-9.34622429487641
0.036	1.23611615054834	-8.98046891364493
0.037	1.92105883497572	-7.67033468258028
0.038	2.3355871643972	-5.81460329734312
0.039	2.53169040629451	-3.37331456704521
0.04	2.48561822169757	-0.635512598570066
0.041	2.22206403497623	2.18659219864137
0.042	1.70526197529293	4.88709801919058
0.043	0.986913153711692	7.2441545991594
0.044	0.194269205353909	8.76986621071149
0.045	-0.639968355820865	9.39011893573473
0.046	-1.45977926398574	9.09929056625179
0.047	-2.12318523798211	7.96966698379617
0.048	-2.55772134475225	6.00890894007622
0.049	-2.71825492141124	3.43944633839205
0.05	-2.62613930742273	0.470889185573535
0.051	-2.33248135921516	-2.39890094837343
0.052	-1.84810103777404	-4.99832904441714
0.053	-1.15207373727524	-7.24254997730211
0.054	-0.313711033546486	-8.78611307689532
0.055	0.567309210564943	-9.39025013175455
0.056	1.38087767939502	-9.03637382320253
0.057	2.06082245696605	-7.72952753588601
0.058	2.46147415985487	-5.88647898070568
0.059	2.6532643181181	-3.43340038215518
0.06	2.59791486598721	-0.67390110685953
0.061	2.32133803910526	2.18079469052984
0.062	1.80097710852927	4.86066300823945
0.063	1.07325717449307	7.21872978070664
0.064	0.270557110646003	8.7443389382589
0.065	-0.564269768404263	9.35213666430336
0.066	-1.38706148791465	9.05466238953414
0.067	-2.06092187717732	7.92812432410065
0.068	-2.49893839779355	5.97715755824012
0.069	-2.66340821724753	3.4293975273758
0.07	-2.57716651943973	0.480265225775912
0.071	-2.28791328017065	-2.37959346579405
0.0720000000000001	-1.80501641559754	-4.9822080139281
0.0730000000000001	-1.10966296966388	-7.23703753582217
0.0740000000000001	-0.272753061933739	-8.78411698009682
0.0750000000000001	0.606751353637928	-9.39287113945667
0.0760000000000001	1.41768054200204	-9.04324694966924
0.0770000000000001	2.09536441071454	-7.74149735556094
0.0780000000000001	2.49533521396942	-5.89836189530527
0.0790000000000001	2.68376752517488	-3.46041571022022
0.0800000000000001	2.62649072769916	-0.694323768462128
0.0810000000000001	2.34554966821156	2.1690222725748
0.0820000000000001	1.82627837631872	4.83870654591912
0.0830000000000001	1.09654779667284	7.19904166133582
0.0840000000000001	0.291906203318846	8.72495866074001
0.0850000000000001	-0.542649146470509	9.32865120936995
0.0860000000000001	-1.36651495695894	9.02885432389296
0.0870000000000001	-2.04296769576332	7.90391510860088
0.0880000000000001	-2.48319167092867	5.96187121054382
0.0890000000000001	-2.65151253714075	3.43038913439228
0.0900000000000001	-2.56801599913229	0.4952727193467
0.0910000000000001	-2.27937907974912	-2.36294265530348
0.0920000000000001	-1.79493426689285	-4.96735667817505
0.0930000000000001	-1.09699828834854	-7.22916375240194
0.0940000000000001	-0.259965576929259	-8.77724415419358
0.0950000000000001	0.619546293443615	-9.38859218595998
0.0960000000000001	1.43016295210081	-9.04181712013434
0.0970000000000001	2.1067836705038	-7.74405809292484
0.0980000000000001	2.50725905343992	-5.90178810914046
0.0990000000000001	2.69424254995641	-3.47741066799222
0.1	2.63672999253321	-0.707138531209165
0.101	2.35442359540412	2.15362897924634
0.102	1.83569484498981	4.82169139343613
0.103	1.10577625419538	7.18306053389908
0.104	0.301709796349949	8.7082906088074
0.105	-0.532529943077894	9.31004609915761
0.106	-1.35690572509209	9.00882724742419
0.107	-2.03444535172073	7.88507168774485
0.108	-2.47661980485413	5.95119148331559
0.109	-2.64924729492234	3.43346643330077
0.11	-2.56779286372209	0.508895043597648
0.111	-2.27887174097835	-2.34778124355706
0.112	-1.7922015414722	-4.95550700138454
0.113	-1.09100858538403	-7.22300126540463
0.114	-0.253626810783744	-8.77113248521252
0.115	0.626116046102466	-9.38430687964964
0.116	1.43679582005155	-9.03984055004853
0.117	2.11275220040953	-7.74564560880019
0.118	2.51407805787004	-5.90399667887177
0.119	2.69999224312267	-3.49024115729052
0.12	2.64248018865001	-0.716261491618847
0.121	2.35972386961146	2.13979933496462
0.122	1.84110964046998	4.8076848387214
0.123	1.11137124030446	7.16971457071397
0.124	0.308485853556516	8.69380911305217
0.125	-0.525475330735413	9.29426077538613
0.126	-1.35023836175345	8.99203036335221
0.127	-2.02841597525926	7.86914533405666
0.128	-2.47228136939252	5.94262893279636
0.129	-2.64933247817701	3.43680014396086
0.13	-2.56976021910053	0.52071407692607
0.131	-2.28042837130229	-2.3336559928563
0.132	-1.79133644502833	-4.9461778340136
0.133	-1.08686493351178	-7.21836517535594
0.134	-0.249185729858806	-8.76620508026109
0.135	0.630780686783804	-9.38083364279624
0.136	1.44150036855941	-9.03823829661491
0.137	2.11697618198059	-7.74728976548849
0.138	2.51902620330321	-5.90636181277968
0.139	2.70419363178142	-3.50019311658519
0.14	2.64672250016257	-0.722786942246965
0.141	2.3637021576597	2.1281201953227
0.142	1.84490511156914	4.79668043224427
0.143	1.11551093703251	7.1582383857649
0.144	0.313699931172574	8.68131158520481
0.145	-0.520085064509993	9.28089884983752
0.146	-1.34517577500841	8.97794661681202
0.147	-2.02378010687861	7.85560259808907
0.148	-2.46893481876965	5.93567348589209
0.149	-2.65017544494628	3.44001089994945
0.15	-2.57243609484685	0.531105918127867
0.151	-2.28271285370086	-2.32222186203022
0.152	-1.79118857397455	-4.93798949406289
0.153	-1.08358491803247	-7.21457311355877
0.154	-0.2457013572018	-8.76196533606296
0.155	0.634434585491321	-9.37777567365915
0.156	1.44511730669745	-9.03668173386551
0.157	2.12019717853184	-7.74877949473674
0.158	2.52277172427233	-5.90867791813268
0.159	2.70750403671003	-3.50793326326356
0.16	2.65001982451582	-0.728096073199496
0.161	2.36678584727614	2.11842049704441
0.162	1.84772362425056	4.78842910551428
0.163	1.11217688562313	7.14678968439234
0.164	0.317008995679262	8.6722576993183
0.165	-0.515786336728861	9.26995680435734
0.166	-1.3411712691821	8.96635970975607
0.167	-2.0201045716799	7.84430577627521
0.168	-2.46637946540136	5.92929026787118
0.169	-2.6511719903164	3.44322282430954
0.17	-2.57518171821588	0.54060423465751
0.171	-2.28504304613483	-2.31212291915548
0.172	-1.79121432930113	-4.9306236699383
0.173	-1.08077867175691	-7.21114066471044
0.174	-0.242790514069973	-8.75796412141831
0.175	0.637453796787557	-9.37471821821269
0.176	1.44803342058361	-9.03487727436422
0.177	2.122755860961	-7.74985819882019
0.178	2.52570753592384	-5.91062553138825
0.179	2.7102109283415	-3.51407224552832
0.18	2.65268713257282	-0.731997405531577
0.181	2.37113298812662	2.10406345459684
0.182	1.85006402707593	4.77975512360103
0.183	1.12097365842206	7.1415726469844
0.184	0.319963987477428	8.66362725267972
0.185	-0.51345064668383	9.26139688474211
0.186	-1.33896587247057	8.95745458065591
0.187	-2.01806588032131	7.83552562943102
0.188	-2.46492632581029	5.92496522964881
0.189	-2.65280097308264	3.44656282192477
0.19	-2.57843141232214	0.54942277502828
0.191	-2.28788681416121	-2.3025966043878
0.192	-1.79176759932625	-4.92383127334439
0.193	-1.07882298492021	-7.20770973715737
0.194	-0.240778697293601	-8.75389148136821
0.195	0.639543516562164	-9.37141665246142
0.196	1.44999582453002	-9.0326674859976
0.197	2.12441218966684	-7.75039744537646
0.198	2.52762733201325	-5.91197704460953
0.199	2.71205500680669	-3.51877355846453
0.2	2.65448216396299	-0.734621235013486
0.201	2.37250845855496	2.09921345447379
0.202	1.8515436469617	4.77350315477321
0.203	1.12256525205886	7.13505623971081
0.204	0.323203309058435	8.65610190164881
0.205	-0.512231613273178	9.25458032706847
0.206	-1.33768700685521	8.95001407272345
0.207	-2.01690916596283	7.82817300645929
0.208	-2.46405100743069	5.9214384840012
0.209	-2.65443664995665	3.44959488252167
0.21	-2.58158490716349	0.557343861927487
0.211	-2.29069041234999	-2.29393283720762
0.212	-1.79237598097348	-4.91779335480002
0.213	-1.07729169665722	-7.20457642046433
0.214	-0.239207374838717	-8.75023767778501
0.215	0.641130939864081	-9.36826767074444
0.216	1.45143116346878	-9.03046144778538
0.217	2.12556261167543	-7.75085640930256
0.218	2.52899661987612	-5.91305638262598
0.219	2.71344023292214	-3.52227303040678
0.22	2.65576459947678	-0.73635140918642
0.221	2.37342036842891	2.09547830417537
0.222	1.85258314545723	4.76816727507982
0.223	1.12362191418524	7.12963120434369
0.224	0.321696815707919	8.65192815022521
0.225	-0.51154635310869	9.24864389561539
0.226	-1.33710443500395	8.94408428094459
0.227	-2.01645529616862	7.82220692608753
0.228	-2.46365864264351	5.91864118519765
0.229	-2.65599866776576	3.45252509468681
0.23	-2.58457753947288	0.564680770842808
0.231	-2.29336225509256	-2.28584088318125
0.232	-1.79299641099431	-4.91214348247687
0.233	-1.07615531891575	-7.20131632489841
0.234	-0.238045700560662	-8.74655916644206
0.235	0.642308694588281	-9.36508614600003
0.236	1.45244507080431	-9.02812114973102
0.237	2.12631183134918	-7.75109899492824
0.238	2.5299512534564	-5.91390453243499
0.239	2.71445811076477	-3.52480650390688
0.24	2.65665137712642	-0.73748492312496
0.241	2.37397371921785	2.09264006585661
0.242	1.85335413909286	4.76331869058278
0.243	1.1242680803788	7.12525013069157
0.244	0.321483756656411	8.64777359086278
0.245	-0.511754839151346	9.24417844302421
0.246	-1.33721838468981	8.93938634201147
0.247	-2.01670822641375	7.81737401505684
0.248	-2.46369641312325	5.91657827983632
0.249	-2.65750883598215	3.45517784284773
0.25	-2.58740505307559	0.571434616027688
0.251	-2.29588384314844	-2.2783251089003
0.252	-1.79364497077808	-4.90688444524189
0.253	-1.07534795932194	-7.19811162887586
0.254	-0.237232444960262	-8.74296579463602
0.255	0.643115922747204	-9.36189413014473
0.256	1.453089098738	-9.02569926907361
0.257	2.12671027298137	-7.75118737019047
0.258	2.53056772375932	-5.9145602056987
0.259	2.71514943085686	-3.52640894949805
0.26	2.65718247201622	-0.738094295500686
0.261	2.3742090752502	2.09044307572172
0.262	1.85373044554804	4.75974801623186
0.263	1.124564731423	7.1215017984528
0.264	0.320630742906595	8.64484233953998
0.265	-0.512541545047972	9.24061947547045
0.266	-1.33784608845128	8.93563346690681
0.267	-2.01741877514017	7.81339805560275
0.268	-2.46404175956199	5.91516967676899
0.269	-2.65889703079473	3.45761176443652
0.27	-2.59001805299099	0.577540701926878
0.271	-2.29821464261513	-2.27138223086073
0.272	-1.79431946383177	-4.9018909886726
0.273	-1.07480719010776	-7.19503271209733
0.274	-0.236699232807156	-8.73950797528684
0.275	0.643621421457836	-9.35874228722049
0.276	1.45343626326319	-9.02325425881252
0.277	2.12682688015073	-7.75121054671896
0.278	2.53091628376129	-5.91506647202699
0.279	2.71555903512411	-3.5276401409657
0.28	2.65665177911523	-0.738531852760876
0.281	2.3741708393604	2.08879214920644
0.282	1.85376494661296	4.75767207889258
0.283	1.12462543555922	7.11833525248445
0.284	0.319457183080307	8.64246887331486
0.285	-0.513739355125203	9.23782188981829
0.286	-1.33883581675231	8.93265530228137
0.287	-2.01850225244435	7.81014433904276
0.288	-2.46466578873052	5.91400667223121
0.289	-2.66013443254977	3.4598204438866
0.29	-2.59204192323956	0.584968372258611
0.291	-2.30031782896991	-2.26514063046607
0.292	-1.7949571323843	-4.89761115589009
0.293	-1.07447452068341	-7.19213608317952
0.294	-0.236371914116251	-8.73629405166424
0.295	0.643893765589763	-9.35569932032636
0.296	1.45355354421168	-9.02086495802427
0.297	2.12673049639866	-7.75117743230273
0.298	2.53106695190278	-5.9155067053982
0.299	2.71575861509093	-3.5285599785833
0.3	2.65669396189493	-0.738274652764107
0.301	2.37398098697792	2.08749012730112
0.302	1.85365813276544	4.75553589894133
0.303	1.12441277765494	7.11559548235395
0.304	0.318000000235448	8.64058561521086
0.305	-0.51531016949705	9.23561784112718
0.306	-1.34014433062612	8.93027554945398
0.307	-2.01987964257261	7.80743948638298
0.308	-2.46552152161884	5.9131171933883
0.309	-2.66128066383427	3.46181156897827
0.31	-2.59414539683342	0.589937417424173
0.311	-2.30221369382379	-2.25914410200874
0.312	-1.79562340926118	-4.8932905739906
0.313	-1.07432764480197	-7.18916522916877
0.314	-0.236245898583158	-8.73300269778127
0.315	0.643973897744223	-9.35262818123008
0.316	1.45347985951666	-9.01841464708302
0.317	2.12645107238722	-7.75097414361892
0.318	2.53105594301911	-5.9157066232904
0.319	2.7157940134373	-3.5291308813892
0.32	2.6565581433003	-0.737815892425183
0.321	2.37363545257759	2.08682002088207
0.322	1.85343276029143	4.7539332261322
0.323	1.12399269423693	7.11343856794022
0.324	0.316380185170812	8.63914591168016
0.325	-0.517130836741851	9.23394352472474
0.326	-1.34166664351117	8.92842533753323
0.327	-2.02148067342782	7.80521657427778
0.328	-2.46651733185646	5.91249102847642
0.329	-2.66232252728624	3.46363194450566
0.33	-2.5960001892514	0.594492732553182
0.331	-2.30389400073961	-2.25373075907499
0.332	-1.79629470416098	-4.88913056810679
0.333	-1.07432294540947	-7.18626643137152
0.334	-0.236273227749592	-8.72974065987875
0.335	0.643902796464341	-9.34960684411109
0.336	1.45325674189931	-9.01598703440604
0.337	2.12600490251117	-7.75069463691207
0.338	2.53089958585806	-5.91584309107426
0.339	2.71569583749422	-3.52943447350867
0.34	2.65629880456522	-0.737150648346391
0.341	2.37317491564959	2.08650255146112
0.342	1.85310111370108	4.7527426283191
0.343	1.12345190130669	7.11162681243428
0.344	0.31465579289376	8.6380415014526
0.345	-0.519122208591556	9.23268100237439
0.346	-1.34333102546541	8.92699457295596
0.347	-2.02326694689276	7.80329766176082
0.348	-2.4675985728876	5.91207987357823
0.349	-2.66326831589963	3.46530327091208
0.35	-2.59762449533229	0.598673841335243
0.351	-2.30538881024185	-2.24872182251333
0.352	-1.79696613572595	-4.88516179577337
0.353	-1.07442877504401	-7.18341948787842
0.354	-0.236391193056217	-8.72664956857506
0.355	0.643713384740715	-9.34665502377165
0.356	1.45291560836988	-9.01359553758458
0.357	2.12542464713524	-7.75033997834506
0.358	2.53063714552598	-5.91589700833375
0.359	2.71549307851945	-3.52953256188184
0.36	2.65594404158241	-0.73636367845373
0.361	2.37262621978649	2.08647080668639
0.362	1.85273662121182	4.75168078896959
0.363	1.12285937129826	7.11024186588996
0.364	0.312856440380674	8.63723882517231
0.365	-0.521241415487784	9.23178788833291
0.366	-1.34510481965337	8.92592267528589
0.367	-2.02506610386597	7.80178567488188
0.368	-2.46874458362033	5.91180969562465
0.369	-2.66414123618322	3.46684665166514
0.37	-2.59906037326157	0.602500684850753
0.371	-2.30673449532908	-2.24407810507676
0.372	-1.79765436531644	-4.88135438838376
0.373	-1.07462676031311	-7.18066266287384
0.374	-0.236594218851385	-8.72369692117003
0.375	0.643422373958194	-9.34377747856632
0.376	1.45247613356687	-9.01125601081067
0.377	2.12475277718316	-7.74997436933388
0.378	2.53028065990543	-5.91590668375376
0.379	2.71520428162457	-3.52948319012906
0.38	2.65551258970151	-0.735530132476566
0.381	2.37200853837182	2.0866913508126
0.382	1.85226566424915	4.75100088654956
0.383	1.12224298284942	7.10906869406402
0.384	0.311045047295849	8.63660523979253
0.385	-0.523440012105275	9.23115662656725
0.386	-1.34694861362081	8.92512305736275
0.387	-2.02692861381132	7.80038060410916
0.388	-2.4699270561156	5.91162662174543
0.389	-2.66494615920661	3.46827341408064
0.39	-2.60033213477825	0.605994048595979
0.391	-2.30794780035793	-2.23974664672221
0.392	-1.79834299550181	-4.87770552844917
0.393	-1.0748821150254	-7.17802424513815
0.394	-0.236883314325727	-8.72075741381987
0.395	0.643056956578812	-9.34098559490539
0.396	1.451966528433	-9.0089783865845
0.397	2.12399794814434	-7.74959025242603
0.398	2.52984845112531	-5.91506290238534
0.399	2.71485297254763	-3.52929187670666
0.4	2.65502608253526	-0.734744015262578
0.401	2.37133641668889	2.08706673977743
0.402	1.85176009888063	4.75036747607848
0.403	1.12160760137347	7.10801324143507
0.404	0.309232978817556	8.63617910966819
0.405	-0.525688688924498	9.23071961231719
0.406	-1.34883210485008	8.92451243703521
0.407	-2.02882731552614	7.79915143556702
0.408	-2.47104792520488	5.90598796477399
0.409	-2.6659444001824	3.46933223697355
0.41	-2.6014859914865	0.609333939086722
0.411	-2.30903820900162	-2.23534220667936
0.412	-1.799026571414	-4.87381471799253
0.413	-1.07519005747964	-7.17509990072319
0.414	-0.237224239262338	-8.71760664904279
0.415	0.642632493525591	-9.33799152564767
0.416	1.45139937772256	-9.00649745663486
0.417	2.12318781500347	-7.74899469425506
0.418	2.52934920042018	-5.91500996509983
0.419	2.71444622955198	-3.52889293147561
0.42	2.65450396128934	-0.73350783823245
0.421	2.37064426783349	2.08776793828367
0.422	1.85096501974702	4.75328875073066
0.423	1.1143545954118	7.1052643755751
0.424	0.309910076508122	8.63465258623181
0.425	-0.527829849028099	9.23081315993917
0.426	-1.35050806496193	8.92411212829385
0.427	-2.03060171814106	7.79807738848836
0.428	-2.47207197159906	5.90573045756845
0.429	-2.66648058016854	3.47053982118977
0.43	-2.60233705416112	0.612348973519589
0.431	-2.30989495096176	-2.23151730950836
0.432	-1.79956881871309	-4.87045374258633
0.433	-1.07540949371899	-7.1726212902289
0.434	-0.237490982509413	-8.71484221615253
0.435	0.642274394688962	-9.33536378474597
0.436	1.45090424124752	-9.00434201151406
0.437	2.12246913893086	-7.74867398951754
0.438	2.52896597310605	-5.9149257683305
0.439	2.71412228979269	-3.52842515739737
0.44	2.65404244577129	-0.732385904030818
0.441	2.37000378788731	2.08839027893778
0.442	1.85073732533785	4.75006988027775
0.443	1.12036678152402	7.106794907074
0.444	0.305814733209041	8.63592394057247
0.445	-0.530144848201404	9.23057921677637
0.446	-1.3525484989078	8.92402228239587
0.447	-2.03253602982537	7.79733781346079
0.448	-2.47338834825068	5.90558268460717
0.449	-2.6672703425289	3.47179133630511
0.45	-2.60336506995301	0.61520614724241
0.451	-2.31092706362484	-2.22785547830045
0.452	-1.80032872437792	-4.86721480539566
0.453	-1.07586386477131	-7.17017384889239
0.454	-0.237978279847479	-8.71214067683419
0.455	0.641686678604812	-9.33274561133223
0.456	1.45020079666399	-9.00217731681836
0.457	2.12161436671075	-7.74838140102536
0.458	2.52839910091563	-5.9147208873754
0.459	2.71360024027443	-3.5279606717014
0.46	2.65341175536431	-0.731227194936808
0.461	2.36921723235032	2.08911429344365
0.462	1.85006668029153	4.75026430749928
0.463	1.11967671129345	7.10622668435261
0.464	0.304135940227463	8.63584252219631
0.465	-0.532415106156046	9.23061223132053
0.466	-1.35444070976602	8.92391015795109
0.467	-2.0342369670671	7.79652073058511
0.468	-2.47459063764128	5.90541612477268
0.469	-2.66795021991174	3.47286011543496
0.47	-2.60424532441879	0.617783702037375
0.471	-2.31183451205709	-2.22448741015448
0.472	-1.80102465409028	-4.86418011863547
0.473	-1.07627942679161	-7.16791831688779
0.474	-0.238437787977547	-8.70960810186854
0.475	0.641115022715609	-9.3302723105373
0.476	1.44951624152038	-9.00013926100638
0.477	2.12081273751622	-7.74818883386069
0.478	2.52786207515977	-5.91450333377929
0.479	2.71310609430648	-3.52739210552108
0.48	2.65279946083613	-0.730042235853655
0.481	2.36845177332864	2.08984484208565
0.482	1.84943132486238	4.75043121383501
0.483	1.11900683206644	7.10576533336865
0.484	0.302524743880918	8.63586547256187
0.485	-0.534625496490446	9.23068945896211
0.486	-1.35628624137862	8.92386057094359
0.487	-2.03602573367385	7.79566615252834
0.488	-2.47572832130896	5.90525953180047
0.489	-2.66859037378835	3.47387297412896
0.49	-2.60504170556082	0.620176913271664
0.491	-2.31267225000042	-2.22130283200515
0.492	-1.80169981141257	-4.86125368078741
0.493	-1.07669368445003	-7.16577229858131
0.494	-0.238893130704686	-8.70720404643032
0.495	0.6405342142098	-9.32788984949917
0.496	1.44882624668539	-8.9981771181104
0.497	2.11998697713858	-7.7479881383235
0.498	2.52733200213802	-5.91425470274945
0.499	2.71258840775681	-3.52691655060732
0.5	2.6521976281369	-0.728840527259614
0.501	2.36769488674979	2.09064399100656
0.502	1.8488324023872	4.75059895296486
0.503	1.11835129327761	7.10538942985836
0.504	0.301001318930266	8.63590063565908
0.505	-0.536792772296401	9.2308783243352
0.506	-1.35809082922685	8.92390068583274
0.507	-2.03782615984472	7.79490685000983
0.508	-2.47681538365875	5.90511112168841
0.509	-2.66918146661145	3.47488010333535
0.51	-2.60578097028672	0.622433901151347
0.511	-2.31346097095548	-2.21827073434699
0.512	-1.80236081514174	-4.85843767816085
0.513	-1.07711057626269	-7.16371943656034
0.514	-0.239354137775585	-8.70489284021074
0.515	0.639938340130942	-9.32558221044941
0.516	1.44812568185272	-8.99627741839331
0.517	2.11919096641662	-7.74783060255581
0.518	2.52679301893145	-5.91400341495211
0.519	2.71207325889502	-3.52640618326198
0.52	2.65160685884701	-0.727547478321388
0.521	2.36694261838064	2.09147927000887
0.522	1.84817987401638	4.7510846438487
0.523	1.11770853627882	7.10502818283563
0.524	0.299563944287414	8.63584175769816
0.525	-0.538905067063157	9.2310970367473
0.526	-1.35985338106148	8.92398705368998
0.527	-2.03956039940312	7.79430768275383
0.528	-2.4778494863915	5.90501658561334
0.529	-2.66977338010833	3.47577127794682
0.53	-2.60648163440926	0.624578806750447
0.531	-2.31421870996966	-2.21535600374974
0.532	-1.80301786211299	-4.85573994627457
0.533	-1.07754082527459	-7.16174500925345
0.534	-0.239825915419155	-8.70268511724181
0.535	0.639324556557174	-9.32336758470473
0.536	1.44741164364856	-8.99445549906916
0.537	2.11838439669941	-7.74767466232332
0.538	2.52622828348145	-5.91385433198409
0.539	2.71156251459793	-3.5257902046985
0.54	2.65102562816309	-0.726182418864947
0.541	2.36619317606594	2.09232722561455
0.542	1.84757237497997	4.75145308846219
0.543	1.11706943912905	7.10476898432271
0.544	0.298154461598466	8.63590724257377
0.545	-0.54096686383435	9.23138380616467
0.546	-1.36349525632496	8.92550485493073
0.547	-2.04110701056869	7.79421984453451
0.548	-2.47871218546165	5.90496104084167
0.549	-2.67028244887934	3.47656797879379
0.55	-2.60708478046326	0.626535943571613
0.551	-2.31488860213555	-2.21264635633662
0.552	-1.80361469478303	-4.85319057574606
0.553	-1.07792640109356	-7.15991479959657
0.554	-0.240254599921474	-8.70062315214218
0.555	0.638741714421249	-9.32126967786039
0.556	1.44673573076251	-8.99273851195254
0.557	2.11761380363393	-7.74761320026629
0.558	2.52569773986923	-5.91374178204748
0.559	2.71109397534987	-3.52523936727962
0.56	2.65048554127323	-0.724884379554472
0.561	2.36549314664502	2.09315932363228
0.562	1.84700755609933	4.75183338831715
0.563	1.116471437514	7.10453101110701
0.564	0.296949880261933	8.63552025478373
0.565	-0.542926984582813	9.23168136085812
0.566	-1.36514104936007	8.92567083374045
0.567	-2.04266970225895	7.79363215109115
0.568	-2.47961161069529	5.90496297612406
0.569	-2.67082008900081	3.47737160085912
0.57	-2.60769464437538	0.628436574011999
0.571	-2.31556423566461	-2.21001280464776
0.572	-1.8042262955166	-4.85071989010896
0.573	-1.07833847916453	-7.15814198492939
0.574	-0.240708796911284	-8.69861714117542
0.575	0.638121753145155	-9.31920543181417
0.576	1.4460306626442	-8.99104840935981
0.577	2.11684940524455	-7.74756985118654
0.578	2.5251432381768	-5.91363409531521
0.579	2.71060158170128	-3.52459422034604
0.58	2.64992236964567	-0.723655471776175
0.581	2.36478215054065	2.09404638900528
0.582	1.84643710519332	4.75228513635429
0.583	1.11587278331478	7.10435641413785
0.584	0.295639938020044	8.63558355293367
0.585	-0.544833093404955	9.23199721182833
0.586	-1.36674666090647	8.92587451887763
0.587	-2.04425707850532	7.79299807023065
0.588	-2.48045587181771	5.90501883580433
0.589	-2.671348166261	3.47815098914789
0.59	-2.60828385430621	0.630244440539238
0.591	-2.31622144628611	-2.20747618080015
0.592	-1.80482442854184	-4.84836173396631
0.593	-1.07875299464718	-7.15644943278852
0.594	-0.241163329777974	-8.69670015793327
0.595	0.637485322821525	-9.31719625760024
0.596	1.44531946449634	-8.98940880428841
0.597	2.11607452206388	-7.74752202031995
0.598	2.52461041407291	-5.91342163851378
0.599	2.71010718001736	-3.52396474536414
0.6	2.64933718275022	-0.722623367987383
0.601	2.36408020887924	2.09496558527081
0.602	1.84587999086068	4.75276022790708
0.603	1.11527638222259	7.10428903036668
0.604	0.294393172641227	8.63556183609367
0.605	-0.546684811098703	9.23234571403102
0.606	-1.36831028998215	8.9261245463794
0.607	-2.04576791411692	7.79242056636195
0.608	-2.48123438188896	5.9052138988976
0.609	-2.67186939514591	3.47889118689571
0.61	-2.60885740658415	0.631956905179909
0.611	-2.31686423250293	-2.20504049982673
0.612	-1.8054172405291	-4.84609405855893
0.613	-1.07917161169285	-7.15483342029202
0.614	-0.24162275548909	-8.69485874563775
0.615	0.636834965197069	-9.31525483178213
0.616	1.4446055727832	-8.98782941982924
0.617	2.11532195711556	-7.74756943837863
0.618	2.52408066031036	-5.91321300829
0.619	2.70960783742645	-3.52338361907133
0.62	2.64876535917138	-0.72157108971265
0.621	2.36338624319386	2.09589386901528
0.622	1.84532793642101	4.75330810197327
0.623	1.11469192301222	7.10423728389275
0.624	0.293129780006031	8.63570526703849
0.625	-0.548476954115687	9.23270187087409
0.626	-1.36982574580191	8.92638889783075
0.627	-2.04720022718414	7.79188952581804
0.628	-2.48198550876727	5.90539433604209
0.629	-2.67238069620508	3.47959576102013
0.63	-2.60941450017356	0.633578902983552
0.631	-2.31749069754361	-2.20269906778548
0.632	-1.80600212748421	-4.84390909864297
0.633	-1.07958689606009	-7.15330696187629
0.634	-0.242094797597083	-8.6930461097371
0.635	0.636175265679773	-9.31338536229313
0.636	1.44389506221875	-8.9863119368889
0.637	2.11458121510117	-7.74763779189258
0.638	2.52356697679159	-5.91299022511693
0.639	2.70911245413084	-3.52279062425822
0.64	2.6481990839255	-0.72057806593959
0.641	2.36270309042544	2.0968094800954
0.642	1.84478497980751	4.75389362264045
0.643	1.11411368670268	7.10423288938612
0.644	0.291901056222194	8.63594396408894
0.645	-0.550211691402443	9.23306781954555
0.646	-1.3712915150263	8.92666064912538
0.647	-2.04857918967107	7.791369989012
0.648	-2.4827121161074	5.90550489892177
0.649	-2.67287888814949	3.48027231760476
0.65	-2.60995380172202	0.6351243830731
0.651	-2.31809926505002	-2.20043525065761
0.652	-1.8065715696453	-4.84182029360842
0.653	-1.07999475456498	-7.15186401208213
0.654	-0.242567134396319	-8.69129012639779
0.655	0.635507753872696	-9.31157863030742
0.656	1.44318743949863	-8.98484473463622
0.657	2.11384838737163	-7.74769003176867
0.658	2.52305812826721	-5.91279932801719
0.659	2.70862228481471	-3.52222254531082
0.66	2.6476536591939	-0.719540717046033
0.661	2.36203189394455	2.09772581849908
0.662	1.84425690725405	4.75442712431088
0.663	1.11355007337619	7.10425566433195
0.664	0.290654063249776	8.63627889732582
0.665	-0.551886671725626	9.23343620101302
0.666	-1.37270711167683	8.92694192870338
0.667	-2.04990413324026	7.79085699307544
0.668	-2.48343041944979	5.90553435985141
0.669	-2.67336133381378	3.48093481004318
0.67	-2.61047482707993	0.636602229593715
0.671	-2.31868778584615	-2.19827500729185
0.672	-1.80712344051141	-4.83981716376013
0.673	-1.08039268721858	-7.15049437418767
0.674	-0.243033570960088	-8.68959667903823
0.675	0.634835379549972	-9.30982561428491
0.676	1.44247901854254	-8.98341843445858
0.677	2.11315146274064	-7.74775359633194
0.678	2.5225462409183	-5.91266480830833
0.679	2.70813666357275	-3.52165952907416
0.68	2.64712541009172	-0.718460263694682
0.681	2.36137643418921	2.0986399701359
0.682	1.84374673176228	4.75491149089875
0.683	1.11299806827262	7.10431744357952
0.684	0.28947458856123	8.63647715691945
0.685	-0.55351199629537	9.23385007505219
0.686	-1.37407561449519	8.92724645825499
0.687	-2.05117147828035	7.79036293882563
0.688000000000001	-2.48411103190759	5.90556781491315
0.689000000000001	-2.67383316361124	3.48158994466387
0.690000000000001	-2.61098239292527	0.638025754116231
0.691000000000001	-2.31926367372009	-2.1961467778324
0.692000000000001	-1.8076616850876	-4.8378950496456
0.693000000000001	-1.08078662358543	-7.14918261198409
0.694000000000001	-0.243503327149512	-8.68793672134701
0.695000000000001	0.634156955350332	-9.30812533521221
0.696000000000001	1.44177007987893	-8.98203499557856
0.697000000000001	2.11246212592101	-7.74785342459734
0.698000000000001	2.52200373430938	-5.91269463488103
0.699000000000001	2.70765667511874	-3.52109187047774
0.700000000000001	2.64661064060659	-0.717360849988018
0.701000000000001	2.36074025346368	2.09956348848349
0.702000000000001	1.84325227627291	4.75536709032093
0.703000000000001	1.11246055853907	7.10443424259735
0.704000000000001	0.288327903934822	8.63669772371293
0.705000000000001	-0.555081772709587	9.23428821256778
0.706000000000001	-1.37539202242764	8.92756831476562
0.707000000000001	-2.05234669994021	7.78979423071139
0.708000000000001	-2.48479550186565	5.9055165337494
0.709000000000001	-2.67426069544347	3.48226752171589
0.710000000000001	-2.61145080360282	0.639409639096767
0.711000000000001	-2.3198049816022	-2.19410292372529
0.712000000000001	-1.80816830134298	-4.83605103499441
0.713000000000001	-1.08115695046097	-7.14794264627089
0.714000000000001	-0.24395161345881	-8.68634817960325
0.715000000000001	0.633487280327403	-9.30648303335002
0.716000000000001	1.44107223189455	-8.98069988438317
0.717000000000001	2.11180143144461	-7.74798035831164
0.718000000000001	2.52150978944138	-5.9126119003643
0.719000000000001	2.70719079766613	-3.52055459498188
0.720000000000001	2.64611560337759	-0.716210608955224
0.721000000000001	2.36012358017658	2.10047010968718
0.722000000000001	1.84274666127642	4.75601323404829
0.723000000000001	1.11194877557655	7.104548279863
0.724000000000001	0.287232197758693	8.63691372693862
0.725000000000001	-0.55659395884994	9.23471494515689
0.726000000000001	-1.37665920199304	8.92787509861745
0.727000000000001	-2.05361956659469	7.78940243287303
0.728000000000001	-2.4853704862035	5.90562736786231
0.729000000000001	-2.67472750688759	3.4828443164587
0.730000000000001	-2.61194172909125	0.640726464570574
0.731000000000001	-2.32035659770525	-2.19214065588107
0.732000000000001	-1.80868387713775	-4.83427575449738
0.733000000000001	-1.08154011462375	-7.14675215672094
0.734000000000001	-0.244406234616941	-8.68483081869308
0.735000000000001	0.632795754936913	-9.30487363026124
0.736000000000001	1.44036107422067	-8.97938790530516
0.737000000000001	2.11112232299458	-7.74810966870175
0.738000000000001	2.52102944406553	-5.91242515362653
0.739000000000001	2.70672233624313	-3.52005144996026
0.740000000000001	2.64560724600499	-0.715203195783341
0.741000000000001	2.3595161746667	2.10135088304669
0.742000000000001	1.8422000687541	4.757026779275
0.743000000000001	1.11145120474091	7.10463854142967
0.744000000000001	0.286169419965383	8.63717301887888
0.745000000000001	-0.558050430255533	9.23511316639083
0.746000000000001	-1.37787920276423	8.92816178420141
0.747000000000001	-2.05478602581597	7.78892121900843
0.748000000000001	-2.4859576697533	5.90564185831412
0.749000000000001	-2.67515810997417	3.4834023538052
0.750000000000001	-2.6123981657651	0.641993722195229
0.751000000000001	-2.32087841500362	-2.1902902470601
0.752000000000001	-1.80917159599795	-4.83259239184337
0.753000000000001	-1.08190443736078	-7.14562720725179
0.754000000000001	-0.244834500285433	-8.68342225805954
0.755000000000001	0.632114048283163	-9.30333215037505
0.756000000000001	1.43966914664802	-8.97813676307476
0.757000000000001	2.11046419583935	-7.74830211792458
0.758000000000001	2.5205644325344	-5.91228372502995
0.759000000000001	2.70626736736502	-3.5196072206348
0.760000000000001	2.64513282373606	-0.714177232737013
0.761000000000001	2.35893243761131	2.10220160251797
0.762000000000001	1.84171031434488	4.75773608307043
0.763000000000001	1.11097113119608	7.10478832615971
0.764000000000001	0.285157698698991	8.63747367925727
0.765000000000001	-0.559450285251565	9.23551639116896
0.766000000000001	-1.3790505627389	8.92845548352234
0.767000000000001	-2.05588565367087	7.78842558738215
0.768000000000001	-2.48652228066044	5.90565361891329
0.769000000000001	-2.67557453486045	3.48394566447499
0.770000000000001	-2.61283865050047	0.643225250862183
0.771000000000001	-2.32138377053511	-2.188496185449
0.772000000000001	-1.80964374576791	-4.83096633490494
0.773000000000001	-1.08226035136755	-7.14453665693325
0.774000000000001	-0.245249099387667	-8.68208379685009
0.775000000000001	0.631434286138501	-9.30183830507415
0.776000000000001	1.43898880428087	-8.97692279742578
0.777000000000001	2.10983666853182	-7.74851153484502
0.778000000000001	2.52011356665503	-5.91214897076935
0.779000000000001	2.70584228942481	-3.51902324790582
0.780000000000001	2.644666920624	-0.713216991704862
0.781000000000001	2.35836233924849	2.1030564635235
0.782000000000001	1.84125088257749	4.75829673087422
0.783000000000001	1.11049844715058	7.10497371294511
0.784000000000001	0.284181916428655	8.63783438262171
0.785000000000001	-0.560804479579709	9.23592471780063
0.786000000000001	-1.3801793263469	8.92874722603135
0.787000000000001	-2.05695927594898	7.78790348701652
0.788000000000001	-2.48705933600385	5.90566418057995
0.789000000000001	-2.67598126458113	3.48446072894324
0.790000000000001	-2.61326612471642	0.644419177890637
0.791000000000001	-2.32187355068927	-2.18677769389215
0.792000000000001	-1.81010176384138	-4.82940259768728
0.793000000000001	-1.0826063732966	-7.14350036008259
0.794000000000001	-0.24565170292388	-8.68081345462214
0.795000000000001	0.63075601155679	-9.30039118586017
0.796000000000001	1.43831856181505	-8.97573771696922
0.797000000000001	2.10921594725219	-7.74869715907209
0.798000000000001	2.519662664309	-5.91204359724347
0.799000000000001	2.70543490116451	-3.51839319364128
0.800000000000001	2.64421429698322	-0.7122983835399
0.801000000000001	2.35780884136281	2.10388504439656
0.802000000000001	1.84080523854492	4.75887263023305
0.803000000000001	1.11003219333638	7.10521230073694
0.804000000000001	0.283248435674956	8.63819180846614
0.805000000000001	-0.562112947491383	9.2363334586916
0.806000000000001	-1.38126380689628	8.92903245780597
0.807000000000001	-2.05797203501811	7.7873930547216
0.808000000000001	-2.48756886024027	5.90566502597741
0.809000000000001	-2.67637825895396	3.4849479255412
0.810000000000001	-2.61368169812198	0.645563104213452
0.811000000000001	-2.32234934355868	-2.18513032501273
0.812000000000001	-1.81054521258829	-4.82790259280526
0.813000000000001	-1.08294311345367	-7.14251689910495
0.814000000000001	-0.246041564236732	-8.67961546844709
0.815000000000001	0.630079492186776	-9.29899143836613
0.816000000000001	1.43765229968902	-8.97458976673049
0.817000000000001	2.10862136421304	-7.74892524821065
0.818000000000001	2.5192452511488	-5.91186038360407
0.819000000000001	2.70502815929256	-3.51785814162444
0.820000000000001	2.64377071593035	-0.711390561044238
0.821000000000001	2.35727126404915	2.10470767853024
0.822000000000001	1.84036832123892	4.75946266123109
0.823000000000001	1.10958656603599	7.10541893153378
0.824000000000001	0.282373426894126	8.63847858024366
0.825000000000001	-0.563377025528529	9.23675264805731
0.826000000000001	-1.38231112197213	8.92932263964632
0.827000000000001	-2.05894204826281	7.7868988166814
0.828000000000001	-2.48806284928387	5.9056874802093
0.829000000000001	-2.67676657332054	3.48542051722937
0.830000000000001	-2.61408692199387	0.646670783111122
0.831000000000001	-2.32281349951865	-2.18353493197509
0.832000000000001	-1.81097643608495	-4.82646304685174
0.833000000000001	-1.08327270757502	-7.14157641800521
0.834000000000001	-0.24642350748161	-8.67846863078383
0.835000000000001	0.629405130648114	-9.29763741702047
0.836000000000001	1.43699155302961	-8.97347398983998
0.837000000000001	2.1080034402208	-7.74910066133146
0.838000000000001	2.51886020194627	-5.91157253725766
0.839000000000001	2.70462218627878	-3.5173661046707
0.840000000000001	2.64333562341501	-0.71051956021137
0.841000000000001	2.35674743823866	2.10553227088637
0.842000000000001	1.83995093447837	4.75999545208321
0.843000000000001	1.10915360575567	7.10563325420822
0.844000000000001	0.28174328608667	8.63874352447048
0.845000000000001	-0.564662757348598	9.23735479954701
0.846000000000001	-1.38332372066111	8.92958452295487
0.847000000000001	-2.0598672020397	7.78635853503951
0.848000000000001	-2.48853944803624	5.90571076825131
0.849000000000001	-2.6771442965599	3.48585834196683
0.850000000000001	-2.61448127499778	0.64772724940286
0.851000000000001	-2.32326629972044	-2.18201264277272
0.852000000000001	-1.81139619697184	-4.82508523313041
0.853000000000001	-1.08359513516939	-7.14069205456548
0.854000000000001	-0.246798916065394	-8.67737939167338
0.855000000000001	0.628734319794485	-9.29634278257391
0.856000000000001	1.43634221197334	-8.97240245581014
0.857000000000001	2.10742185556105	-7.74934227821582
0.858000000000001	2.5184271661906	-5.91154136940655
0.859000000000001	2.70423764676561	-3.51686280213331
0.860000000000001	2.64291509284147	-0.709662755447304
0.861000000000001	2.35623893505849	2.10636189389392
0.862000000000001	1.83954385799339	4.76053982270226
0.863000000000001	1.10873158174212	7.10587676621865
0.864000000000001	0.280802813779108	8.63881948401672
0.865000000000001	-0.565792011722458	9.23763576104125
0.866000000000001	-1.3843037448212	8.92991605799992
0.867000000000001	-2.06078405870161	7.7859117360893
0.868000000000001	-2.48900270381113	5.90577506867547
0.869000000000001	-2.67751949958658	3.48632223576054
0.870000000000001	-2.61487031378977	0.648787325611004
0.871000000000001	-2.32370990273077	-2.18052951418887
0.872000000000001	-1.8118084607656	-4.82371880558849
0.873000000000001	-1.08391424009946	-7.13980239594002
0.874000000000001	-0.247169266001058	-8.67629807331554
0.875000000000001	0.628067628373017	-9.29505648961423
0.876000000000001	1.43569449673136	-8.97134970596391
0.877000000000001	2.10686084788314	-7.74954424527914
0.878000000000001	2.51802408691854	-5.91139026800402
0.879000000000001	2.70384966966736	-3.51640632446258
0.880000000000001	2.64249997240464	-0.708838519996966
0.881000000000001	2.35574435031494	2.10719299048073
0.882000000000001	1.83913928341806	4.76112860492462
0.883000000000001	1.10832355285678	7.10612508741435
0.884000000000001	0.280132550281573	8.63879296554789
0.885000000000001	-0.566938562252064	9.23809872291426
0.886000000000001	-1.38525076825415	8.93023871549732
0.887000000000001	-2.0616730079253	7.78542000508292
0.888000000000001	-2.48945300967247	5.90583139932547
0.889000000000001	-2.67788418182811	3.48676299901743
0.890000000000001	-2.61524759492765	0.649811309761872
0.891000000000001	-2.3241398576286	-2.17909170570249
0.892000000000001	-1.81220451460207	-4.82240875619075
0.893000000000001	-1.08422392223446	-7.1389512241143
0.894000000000001	-0.2475295297351	-8.67526219694516
0.895000000000001	0.62740855797694	-9.29381158995806
0.896000000000001	1.43504917830064	-8.97033861667658
0.897000000000001	2.10631032462965	-7.74972802040048
0.898000000000001	2.51763291418697	-5.91123750752755
0.899000000000001	2.7034688763033	-3.51597237928474
0.900000000000001	2.64209929007832	-0.708023492863328
0.901000000000001	2.35526466589149	2.10801612471995
0.902000000000001	1.83874491808716	4.76172052167211
0.903000000000001	1.10792908381297	7.10637034036316
0.904000000000001	0.279469156732865	8.63884980879025
0.905000000000001	-0.568041736138781	9.23855136732847
0.906000000000001	-1.38616261261828	8.93055160732676
0.907000000000001	-2.06251373173423	7.78490867767321
0.908000000000001	-2.48988098618372	5.90587741099633
0.909000000000001	-2.67823519548892	3.48720846271812
0.910000000000001	-2.61561244848016	0.650800551475421
0.911000000000001	-2.32455670717792	-2.17770470516058
0.912000000000001	-1.81258631936131	-4.82116305395785
0.913000000000001	-1.08452446908081	-7.13813987224473
0.914000000000001	-0.247879670406124	-8.67427422234841
0.915000000000001	0.626759095545014	-9.29260918625079
0.916000000000001	1.43441807195947	-8.96936935936872
0.917000000000001	2.10575632635403	-7.74990374328351
0.918000000000001	2.51723830727234	-5.91117528586511
0.919000000000001	2.7031102562421	-3.5154815271023
0.920000000000001	2.64170913464183	-0.707260106147053
0.921000000000001	2.35480069582104	2.10882737193168
0.922000000000001	1.83836559148904	4.76228569478722
0.923000000000001	1.10754751291035	7.10662040089452
0.924000000000001	0.278797291151976	8.63903472615671
0.925000000000001	-0.569102747382949	9.23898823534156
0.926000000000001	-1.38703853753669	8.93084990650229
0.927000000000001	-2.0632978012517	7.78443098774486
0.928000000000001	-2.49029039446248	5.9059186114533
0.929000000000001	-2.67857590455585	3.48762698489621
0.930000000000001	-2.61596590676265	0.65174425858137
0.931000000000001	-2.32496001268621	-2.17638132918542
0.932000000000001	-1.81295552350578	-4.81997246606752
0.933000000000001	-1.08481591842255	-7.13736952098142
0.934000000000001	-0.248221328000622	-8.67332825812309
0.935000000000001	0.626120170411425	-9.29145286978658
0.936000000000001	1.43379880494561	-8.96844473762311
0.937000000000001	2.10520479852068	-7.75008916992371
0.938000000000001	2.51686010305991	-5.91109827937721
0.939000000000001	2.70275342158579	-3.51511271763398
0.940000000000001	2.64133453852975	-0.706505827835225
0.941000000000001	2.35435200069297	2.10963340717969
0.942000000000001	1.8379990373693	4.76283778355992
0.943000000000001	1.10717579398438	7.10688195723851
0.944000000000001	0.278152465527799	8.63922578810047
0.945000000000001	-0.570122074763007	9.23941342259502
0.946000000000001	-1.38788272658503	8.93114200087529
0.947000000000001	-2.0640425837465	7.78402849233517
0.948000000000001	-2.4906849916546	5.9059480377074
0.949000000000001	-2.6789074977335	3.48802579879256
0.950000000000001	-2.61630927980258	0.652651805391743
0.951000000000001	-2.32535218031767	-2.17510849875421
0.952000000000001	-1.81331481327547	-4.81882257021849
0.953000000000001	-1.08509949427299	-7.13663356304523
0.954000000000001	-0.248554674473586	-8.67242408671832
0.955000000000001	0.625493293169307	-9.29034298276203
0.956000000000001	1.43320301525928	-8.96756428555613
0.957000000000001	2.10464692120794	-7.75025215438815
0.958000000000001	2.51649025919428	-5.91105293023663
0.959000000000001	2.70240623305769	-3.51479528971126
0.960000000000001	2.64097184997837	-0.705779700036577
0.961000000000001	2.35391762877033	2.110420080687
0.962000000000001	1.83764601848106	4.76337092227149
0.963000000000001	1.10681181095307	7.1071693663815
0.964000000000001	0.277523148658242	8.6394563052846
0.965000000000001	-0.571104070613634	9.23982818155533
0.966000000000001	-1.38869488981604	8.93142386602424
0.967000000000001	-2.06477706110001	7.78356598134435
0.968000000000001	-2.4910626000004	5.90597081776896
0.969000000000001	-2.6792254217421	3.48840662474189
0.970000000000001	-2.61663897004624	0.653520434444718
0.971000000000001	-2.32571928485704	-2.17585689628993
0.972000000000001	-1.81368088679393	-4.81724843326416
0.973000000000001	-1.08534946625184	-7.13586162914326
0.974000000000001	-0.248862620632244	-8.67147170200882
0.975000000000001	0.624887229405536	-9.28917231227333
0.976000000000001	1.43263617696879	-8.96662989350358
0.977000000000001	2.10414411760922	-7.7503899473803
0.978000000000001	2.51612160714842	-5.91098220848011
0.979000000000001	2.70207215665309	-3.51442433019481
0.980000000000001	2.6406268402791	-0.705011584092461
0.981000000000001	2.35349956562462	2.11126553828296
0.982000000000001	1.83730370745047	4.76398537686523
0.983000000000001	1.10646296853693	7.10750152019639
0.984000000000001	0.276917488887926	8.63975071561302
0.985000000000001	-0.572055196336089	9.24029579142551
0.986000000000001	-1.38947667913581	8.93174513622941
0.987000000000001	-2.06553253497275	7.78306251741793
0.988000000000001	-2.49141529296417	5.90604735186875
0.989000000000001	-2.67952887654653	3.48880874885779
0.990000000000001	-2.61695441923341	0.654384092907824
0.991000000000001	-2.3260829668034	-2.17464197547515
0.992000000000001	-1.81401097255398	-4.81614412892806
0.993000000000001	-1.08560956991849	-7.13517032786577
0.994000000000001	-0.249175892494455	-8.67060379139342
0.995000000000001	0.624289353087173	-9.28811333574721
0.996000000000001	1.43209197499302	-8.96579843185471
0.997000000000001	2.10366897901731	-7.75060552634085
0.998000000000001	2.51575578709287	-5.91100711738553
0.999000000000001	2.70175107324108	-3.51403356524573
1	2.64028804811956	-0.704312558933791
1.001	2.35309263862188	2.11203686297419
1.002	1.83696376456736	4.76458234118441
1.003	1.10612134099144	7.10779651821148
1.004	0.276339203668163	8.63998841521275
1.005	-0.572982926724188	9.24073544689771
1.006	-1.39023530647242	8.93203491487302
1.007	-2.06620191712467	7.78267712867467
1.008	-2.491757018259	5.90610713969076
1.009	-2.67983340249979	3.48916129278578
1.01	-2.61726759828028	0.655195195286039
1.011	-2.32644139660593	-2.17349959490058
1.012	-1.81433504147777	-4.81511155560619
1.013	-1.08586763123936	-7.13452428050323
1.014	-0.249484532319335	-8.6697933630425
1.015	0.623701573864935	-9.28711211779356
1.016	1.43155609116898	-8.96501476767286
1.017	2.10320644413417	-7.75084037487744
1.018	2.51540368926569	-5.91099457566012
1.019	2.70143714433828	-3.51365021931636
1.02	2.63995778133974	-0.703590034889706
1.021	2.35269375913255	2.11277865876819
1.022	1.83662786005296	4.76515447579581
1.023	1.10578725319723	7.10806070969194
1.024	0.275778407290838	8.64021037456742
1.025	-0.573887024444175	9.24116049422841
1.026	-1.39097370362749	8.9323114831361
1.027	-2.06686318443936	7.78226262974468
1.028	-2.49208933829358	5.90618125307253
1.029	-2.68013004058893	3.48949037600756
1.03	-2.61757162370979	0.655973949297313
1.031	-2.32678992484835	-2.17240637852845
1.032	-1.81464813585556	-4.81412974827987
1.033	-1.08611956522148	-7.1339076227299
1.034	-0.249785476142059	-8.66902269788686
1.035	0.623125708900994	-9.28615195745993
1.036	1.43104552117575	-8.96426873316658
1.037	2.10274661838412	-7.75107449584665
1.038	2.51507054423729	-5.9109581383694
1.039	2.70113423592991	-3.51326856612387
1.04	2.63963609829297	-0.702889658380044
1.041	2.35230607252299	2.11349716633272
1.042	1.83630405809858	4.76569156093496
1.043	1.1054588393539	7.10832292101331
1.044	0.275238043060448	8.64042100848625
1.045	-0.574766023817256	9.24158137436925
1.046	-1.39169041063966	8.93258339731028
1.047	-2.06752559347261	7.78178841503375
1.048	-2.49243183236765	5.91268821311123
1.049	-2.680298658073	3.48954809817387
1.05	-2.61787117327322	0.655858931448387
1.051	-2.32711771668416	-2.17003574478168
1.05199999999999	-1.8149243790901	-4.81403599930533
1.05299999999999	-1.08638494093576	-7.13367422194627
1.05399999999999	-0.250080675757175	-8.66870316372495
1.05499999999999	0.622560155168681	-9.28561282378289
1.05599999999999	1.43055714941343	-8.96391123760237
1.05699999999999	2.10228703909589	-7.75159444573501
1.05799999999999	2.5147473703229	-5.91122301113674
1.05899999999999	2.70084168720974	-3.51313331659105
1.05999999999999	2.63932424370655	-0.702431325040255
1.06099999999999	2.35193006732952	2.11395693313793
1.06199999999999	1.83599478679453	4.7659655512727
1.06299999999999	1.10513699785636	7.10838493069677
1.06399999999999	0.274709569356757	8.6404639018936
1.06499999999999	-0.575619730561191	9.24182295235134
1.06599999999999	-1.39238201575878	8.93268962629295
1.06699999999999	-2.06813583671138	7.78120869510107
1.06799999999999	-2.49274997362256	5.91255215886506
1.06899999999999	-2.68057400688996	3.48977689517488
1.06999999999999	-2.61815663418968	0.656486687838585
1.07099999999999	-2.32744567425578	-2.16912243895934
1.07199999999999	-1.81521768831012	-4.81323383119057
1.07299999999999	-1.08662273424577	-7.13319160096503
1.07399999999999	-0.25036333301312	-8.66808756214418
1.07499999999999	0.6220089473798	-9.28480090753904
1.07599999999999	1.43006987301877	-8.96329987552509
1.07699999999999	2.10185360150308	-7.75189351653538
1.07799999999999	2.51443330944148	-5.91123615704257
1.07899999999999	2.70055825644295	-3.51282966944999
1.07999999999999	2.63902232303289	-0.701822315373821
1.08099999999999	2.35156646177485	2.11457763873152
1.08199999999999	1.83569014795683	4.76643232833583
1.08299999999999	1.10482125107623	7.10860824071715
1.08399999999999	0.274196597294587	8.64066192024365
1.08499999999999	-0.576447593887466	9.24219970003843
1.08599999999999	-1.39305456538909	8.93291748533349
1.08699999999999	-2.06871259243971	7.78077737056947
1.08799999999999	-2.49306109960686	5.91250463515055
1.08899999999999	-2.68082903609239	3.49018063629521
1.08999999999999	-2.61843412727649	0.657155601705204
1.09099999999999	-2.3277643697886	-2.1681728452628
1.09199999999999	-1.81550266720893	-4.81238934484945
1.09299999999999	-1.08685476825601	-7.13266162102015
1.09399999999999	-0.250639374540906	-8.66743766358306
1.09499999999999	0.621468461890638	-9.28396284516838
1.09599999999999	1.42959545712331	-8.96266385448391
1.09699999999999	2.10145764192124	-7.75218162314285
1.09799999999999	2.5141404104206	-5.91115249853177
1.09899999999999	2.70028698772063	-3.51245327916433
1.09999999999999	2.63872655479476	-0.701213299572651
1.10099999999999	2.35121159529055	2.11521640593064
1.10199999999999	1.83538688732825	4.76694121729481
1.10299999999999	1.10450677624066	7.1088858469433
1.10399999999999	0.273705884231853	8.64086469957526
1.10499999999999	-0.577253570348697	9.24259576650307
1.10599999999999	-1.3937095797026	8.93316321992839
1.10699999999999	-2.0692725257342	7.78036756980266
1.10799999999999	-2.49336179618741	5.91247286842849
1.10899999999999	-2.68106419799088	3.49068938903687
1.10999999999999	-2.61870467746713	0.657802122138052
1.11099999999999	-2.32807516563428	-2.1672505394294
1.11199999999999	-1.81577999536357	-4.81156893209898
1.11299999999999	-1.08708115878262	-7.13215059842834
1.11399999999999	-0.250909043466538	-8.66681046299257
1.11499999999999	0.620938526042784	-9.28315045050565
1.11599999999999	1.42913067896991	-8.9620483062501
1.11699999999999	2.10105344762741	-7.75243130615164
1.11799999999999	2.51386113678433	-5.91107891548684
1.11899999999999	2.70002032656592	-3.51210846882669
1.11999999999999	2.6384381414509	-0.700623814424774
1.12099999999999	2.35086614419219	2.11585281174656
1.12199999999999	1.83508324115779	4.76749688621789
1.12299999999999	1.10420310723794	7.1091257738516
1.12399999999999	0.273232787999968	8.64106370923257
1.12499999999999	-0.578037477341359	9.24299171128427
1.12599999999999	-1.39434554049105	8.93340908586822
1.12699999999999	-2.06981705694725	7.77995638965983
1.12799999999999	-2.49364921529629	5.91245368396488
1.12899999999999	-2.68129225878489	3.49117680449323
1.12999999999999	-2.61896512575936	0.658442465166961
1.13099999999999	-2.3283768388676	-2.16635745514402
1.13199999999999	-1.81604822103248	-4.81078099641297
1.13299999999999	-1.08730129206814	-7.13166044657965
1.13399999999999	-0.251171482555839	-8.66620896465003
1.13499999999999	0.6204200427171	-9.28236638812662
1.13599999999999	1.42867295788791	-8.96145305334297
1.13699999999999	2.10064948435883	-7.75266487874861
1.13799999999999	2.51359170007559	-5.9110077678765
1.13899999999999	2.69976207259536	-3.51175500776247
1.13999999999999	2.63815832334243	-0.700051400769974
1.14099999999999	2.3505300347021	2.11647963900305
1.14199999999999	1.83478459405044	4.76806300369318
1.14299999999998	1.10391472677758	7.10930511259297
1.14399999999998	0.272776104626586	8.64125909241012
1.14499999999998	-0.578799704246627	9.24338717191321
1.14599999999998	-1.3949615219317	8.93365756008389
1.14699999999998	-2.07033272551349	7.77957506786533
1.14799999999998	-2.49392425801011	5.91244754748587
1.14899999999998	-2.68151810373996	3.491621275088
1.14999999999998	-2.61921823215539	0.659068052457014
1.15099999999998	-2.32867040649651	-2.16549755521883
1.15199999999998	-1.81630849211051	-4.81002184928515
1.15299999999998	-1.0875148199109	-7.13119637357742
1.15399999999998	-0.251427346333076	-8.66563108577249
1.15499999999998	0.61991188957433	-9.28160769976824
1.15599999999998	1.42822266999686	-8.9608727067295
1.15699999999998	2.10025325057745	-7.75290469453984
1.15799999999998	2.5133162573376	-5.91100421432166
1.15899999999998	2.69951185920881	-3.51139507197457
1.15999999999998	2.6378889683316	-0.699476590915804
1.16099999999998	2.35020462471409	2.11710261547245
1.16199999999998	1.83450176924447	4.76856664527888
1.16299999999998	1.10362653014566	7.10953172218795
1.16399999999998	0.27233223159392	8.64146404915226
1.16499999999998	-0.579538969410652	9.24377992794879
1.16599999999998	-1.39555645101939	8.93390824573669
1.16699999999998	-2.07082430381862	7.77921258512519
1.16799999999998	-2.49418883315067	5.91245127094862
1.16899999999998	-2.6817383324399	3.49204089313602
1.16999999999998	-2.61946586808086	0.659660389060416
1.17099999999998	-2.32895474505497	-2.16466371845561
1.17199999999998	-1.81655961869939	-4.80929116007167
1.17299999999998	-1.08772107424161	-7.13075278063774
1.17399999999998	-0.251675459060127	-8.6650753792805
1.17499999999998	0.619415490714369	-9.28087311361064
1.17599999999998	1.4277792375526	-8.96030760695422
1.17699999999998	2.09986749941399	-7.7531609380307
1.17799999999998	2.51306864865835	-5.91091825476007
1.17899999999998	2.6992689286342	-3.51105804996458
1.17999999999998	2.637627200162	-0.698930147183685
1.18099999999998	2.34988934145886	2.11771443573067
1.18199999999998	1.83422294808278	4.76907108257326
1.18299999999998	1.10334407403635	7.10976612159472
1.18399999999998	0.271897634368819	8.64167537318081
1.18499999999998	-0.580257205559257	9.24416476231892
1.18599999999998	-1.39613070268551	8.93415071413219
1.18699999999998	-2.07130386216593	7.77884279938096
1.18799999999998	-2.49444029638756	5.91246070729914
1.18899999999998	-2.68195110136935	3.49244036734402
1.18999999999998	-2.61970568554141	0.660228427151084
1.19099999999998	-2.32922939424142	-2.16385993983869
1.19199999999998	-1.81680114664493	-4.8085925094683
1.19299999999998	-1.08792004573113	-7.13033143628374
1.19399999999998	-0.251915692728973	-8.66454548791248
1.19499999999998	0.618931303036961	-9.28016709815492
1.19599999999998	1.42734527444738	-8.95976350968166
1.19699999999998	2.099499163719	-7.75342720610368
1.19799999999998	2.51278842452042	-5.91099806121389
1.19899999999998	2.69903986755702	-3.51070777481401
1.19999999999998	2.63737823100544	-0.698390221834049
1.20099999999998	2.34958627164432	2.1183326716575
1.20199999999998	1.83394563487079	4.7696279385917
1.20299999999998	1.10307426401019	7.10998158724858
1.20399999999998	0.271474048325737	8.64190771113273
1.20499999999998	-0.580951971159426	9.24454677775429
1.20599999999998	-1.3966841416877	8.93439281721823
1.20699999999998	-2.07177196182363	7.77846745272609
1.20799999999998	-2.49468655123217	5.91245390862228
1.20899999999998	-2.68215638190215	3.49281358064937
1.20999999999998	-2.61993287081607	0.660798218879548
1.21099999999998	-2.32949312102236	-2.16307555103773
1.21199999999998	-1.81703352750366	-4.80790487814823
1.21299999999998	-1.08811055401497	-7.12992520819589
1.21399999999998	-0.252147298548552	-8.66403286692376
1.21499999999998	0.618461961270827	-9.27948489858236
1.21599999999998	1.42692272835586	-8.95923545800729
1.21699999999998	2.09914651083274	-7.75368958054672
1.21799999999998	2.51253118328354	-5.91102634277417
1.21899999999998	2.69881899066356	-3.51038253735644
1.21999999999998	2.63713675138804	-0.69787070550428
1.22099999999998	2.34929221642869	2.11893192156302
1.22199999999998	1.83370039764446	4.76999747006104
1.22299999999998	1.10280906638965	7.11021090643846
1.22399999999998	0.27106327152911	8.64214994228656
1.22499999999998	-0.581628395066773	9.24493795920683
1.22599999999998	-1.39722192411504	8.93464288487463
1.22699999999998	-2.0722252153526	7.77810381187946
1.22799999999998	-2.49491742721268	5.91248153151968
1.22899999999998	-2.68236098473125	3.49314891494578
1.22999999999998	-2.62015395024473	0.661364597530786
1.23099999999998	-2.32975009855251	-2.16230414641166
1.23199999999998	-1.81725766916867	-4.80724888877817
1.23299999999998	-1.08829639463037	-7.12952671163857
1.23399999999997	-0.252372749055439	-8.66353685321128
1.23499999999997	0.618004906726164	-9.27882368220827
1.23599999999997	1.42650694245481	-8.95871944858406
1.23699999999997	2.09879337721945	-7.75394679552902
1.23799999999997	2.51229936010727	-5.91098328638192
1.23899999999997	2.6986030558326	-3.51009922051838
1.23999999999997	2.63690066610172	-0.697365821228943
1.24099999999997	2.34900581303698	2.11951310178722
1.24199999999997	1.83344314613459	4.77046855318106
1.24299999999997	1.10254796735493	7.11044009513422
1.24399999999997	0.270662708181884	8.64238933247004
1.24499999999997	-0.582284865803151	9.24531357286221
1.24599999999997	-1.3977438149338	8.93488042008826
1.24699999999997	-2.0726594326473	7.77774310005174
1.24799999999997	-2.49514600388702	5.91248357059399
1.24899999999997	-2.68255991309618	3.49345438331932
1.24999999999997	-2.62036765490371	0.661909085083422
1.25099999999997	-2.32999906866951	-2.16154938158076
1.25199999999997	-1.81747432513198	-4.80661716369389
1.25299999999997	-1.08847641820019	-7.12914240782853
1.25399999999997	-0.252589868065807	-8.66306977798429
1.25499999999997	0.617560114446753	-9.27819177775165
1.25599999999997	1.42610199859406	-8.95822552921359
1.25699999999997	2.09846634876174	-7.75421321567258
1.25799999999997	2.51206003058804	-5.91100944053445
1.25899999999997	2.69839344133379	-3.50982083835148
1.25999999999997	2.63667238194012	-0.696870815561631
1.26099999999997	2.34872889516661	2.12008357468424
1.26199999999997	1.83319342538152	4.770932791465
1.26299999999997	1.10229431791481	7.11066706438741
1.26399999999997	0.270270815286034	8.64264222408085
1.26499999999997	-0.582918578332303	9.24567979600153
1.26599999999997	-1.39824890836009	8.93511789349018
1.26699999999997	-2.07307580855675	7.77739076782515
1.26799999999997	-2.49538173442265	5.9124292900746
1.26899999999997	-2.68275344398869	3.49373773900896
1.26999999999997	-2.62057253592986	0.662446332697942
1.27099999999997	-2.33023759584263	-2.16082996892336
1.27199999999997	-1.81768202952227	-4.8059988740065
1.27299999999997	-1.08864865970058	-7.12876946244071
1.27399999999997	-0.252799003412094	-8.66261552745982
1.27499999999997	0.617128403037517	-9.27757793982318
1.27599999999997	1.42570858735971	-8.9577436465494
1.27699999999997	2.0981546968141	-7.75447100516642
1.27799999999997	2.51184967597923	-5.91095734646605
1.27899999999997	2.69818995617537	-3.50955654409696
1.27999999999997	2.63645043004324	-0.696388002225925
1.28099999999997	2.34845872980873	2.1206319659155
1.28199999999997	1.83295158984647	4.77136274964843
1.28299999999997	1.10204614962517	7.11088694638338
1.28399999999997	0.269892628328153	8.64288360752176
1.28499999999997	-0.583531577088856	9.24603963210472
1.28599999999997	-1.39873933957166	8.93535503547975
1.28699999999997	-2.07347997516175	7.77704465842201
1.28799999999997	-2.49560888041368	5.9123815721847
1.28899999999997	-2.68294491022338	3.49398835327876
1.28999999999997	-2.6207706560486	0.662978277254307
1.29099999999997	-2.33046926236604	-2.16013633637124
1.29199999999997	-1.81788438430236	-4.80539382240191
1.29299999999997	-1.08881580188576	-7.1284088393457
1.29399999999997	-0.253002180439498	-8.66217980265654
1.29499999999997	0.616707466125861	-9.27698579663926
1.29599999999997	1.42532375217003	-8.95727638802474
1.29699999999997	2.09784683640554	-7.75472336943513
1.29799999999997	2.51166318263877	-5.90571312346258
1.29899999999997	2.698075499801	-3.50863317816496
1.29999999999997	2.63627701855726	-0.695618591298692
1.30099999999997	2.34818984570177	2.12066592246946
1.30199999999997	1.83271472355188	4.77129189855154
1.30299999999997	1.10179896454057	7.11069743418763
1.30399999999997	0.269526088197521	8.64274238803155
1.30499999999997	-0.584132094222885	9.24607543223846
1.30599999999997	-1.39921731267916	8.93530581302582
1.30699999999997	-2.07386965830327	7.77646156832987
1.30799999999997	-2.4958174384935	5.91215907300737
1.30899999999997	-2.68313350650052	3.49404170676167
1.30999999999997	-2.62096657208357	0.663295058952805
1.31099999999997	-2.33070024719797	-2.15966215780267
1.31199999999997	-1.81808551992977	-4.80500452118317
1.31299999999997	-1.08898306319	-7.12823592126653
1.31399999999997	-0.253202825536131	-8.66193067136459
1.31499999999997	0.616292397547981	-9.27656409887441
1.31599999999997	1.42494580270698	-8.95695724058638
1.31699999999997	2.0975374235859	-7.75508729389275
1.31799999999997	2.51144905217609	-5.90579077192034
1.31899999999997	2.69787853808138	-3.50849624020808
1.31999999999997	2.63606742455926	-0.695251909568797
1.32099999999997	2.34793158796163	2.1210867442497
1.32199999999997	1.83248511215571	4.7716026405723
1.32299999999997	1.1015614621302	7.11083130874275
1.32399999999996	0.269183333726631	8.64287794335333
1.32499999999996	-0.584704630595628	9.24635924353446
1.32599999999996	-1.39967730980689	8.93547836429541
1.32699999999996	-2.07424453329489	7.77607119084566
1.32799999999996	-2.49601670704978	5.91212020402668
1.32899999999996	-2.68331748156722	3.49421819131531
1.32999999999996	-2.62115469475817	0.663759100463651
1.33099999999996	-2.33092143222482	-2.15905616797427
1.33199999999996	-1.81827624874406	-4.80449582513249
1.33299999999996	-1.08914328832735	-7.12793499372461
1.33399999999996	-0.253394688999007	-8.6615731618975
1.33499999999996	0.615891542195859	-9.27604949387829
1.33599999999996	1.42457928429352	-8.95655364923327
1.33699999999996	2.09723512286287	-7.75535897743994
1.33799999999996	2.51123743548729	-5.90581175869854
1.33899999999996	2.69768949481176	-3.50829927618948
1.33999999999996	2.63586584497337	-0.694826676418123
1.34099999999996	2.34768460738533	2.12157868203286
1.34199999999996	1.83226108433459	4.77199734127446
1.34299999999996	1.10133442194228	7.11101716542074
1.34399999999996	0.268864405766772	8.6430557259855
1.34499999999996	-0.585252919768289	9.24668820735994
1.34599999999996	-1.40012175008966	8.93569671329601
1.34699999999996	-2.07460936551126	7.77572266044315
1.34799999999996	-2.49622415749857	5.91207343204785
1.34899999999996	-2.68349476513236	3.49441832074664
1.34999999999996	-2.62133504529273	0.664246516501561
1.35099999999996	-2.33113317889164	-2.15843479970952
1.35199999999996	-1.81845746818604	-4.80397568075702
1.35299999999996	-1.08929697872208	-7.12760234673425
1.35399999999996	-0.253577707260716	-8.66120352763372
1.35499999999996	0.61550329257024	-9.27552551391835
1.35599999999996	1.42422385423844	-8.95613962568084
1.35699999999996	2.09694112367927	-7.7556061749997
1.35799999999996	2.5110572790558	-5.90570838049143
1.35899999999996	2.69751036087709	-3.50806629295836
1.35999999999996	2.6356698964965	-0.694400406850894
1.36099999999996	2.34744359767046	2.12205679581144
1.36199999999996	1.83204346850624	4.77239467048913
1.36299999999996	1.10111507002113	7.11120603461172
1.36399999999996	0.268562189962589	8.64323523996638
1.36499999999996	-0.585779627293807	9.2470150891728
1.36599999999996	-1.40055232791423	8.93591763519176
1.36699999999996	-2.07497447669546	7.77539596285288
1.36799999999996	-2.49643505788497	5.91200472701238
1.36899999999996	-2.68366732185705	3.49461217903894
1.36999999999996	-2.62150940946058	0.664729785731328
1.37099999999996	-2.33133787989404	-2.15782863356849
1.37199999999996	-1.81863231212109	-4.80346780964536
1.37299999999996	-1.08944562846428	-7.12727500080831
1.37399999999996	-0.253754360172532	-8.66084259802158
1.37499999999996	0.615125760114801	-9.27501444247482
1.37599999999996	1.42387752133625	-8.95573455140948
1.37699999999996	2.09665828196327	-7.75584746828257
1.37799999999996	2.51088856970683	-5.90557968983177
1.37899999999996	2.69733695361241	-3.50783180383323
1.37999999999996	2.63547881381958	-0.693990369789684
1.38099999999996	2.34720861170686	2.12251500917331
1.38199999999996	1.83183412692481	4.77277102528671
1.38299999999996	1.10090350106833	7.11139361003878
1.38399999999996	0.268275117723677	8.64340893388996
1.38499999999996	-0.586285810301353	9.24733603853017
1.38599999999996	-1.40096945578755	8.93613862309036
1.38699999999996	-2.07532743970887	7.77508475764714
1.38799999999996	-2.49663043528973	5.91198154829119
1.38899999999996	-2.6838372224914	3.49479306888981
1.38999999999996	-2.62167980807401	0.665202844256015
1.39099999999996	-2.33153791077934	-2.15724344283738
1.39199999999996	-1.8188031503351	-4.80297781175784
1.39299999999996	-1.08959006973775	-7.12696479289832
1.39399999999996	-0.253928135672648	-8.66049294336503
1.39499999999996	0.614757060429645	-9.27452212666682
1.39599999999996	1.42353838090403	-8.95534325125385
1.39699999999996	2.09638655621336	-7.75608206381599
1.39799999999996	2.51070909627213	-5.90553167114374
1.39899999999996	2.69716570012285	-3.50761805710099
1.39999999999996	2.63529415307868	-0.693581552434737
1.40099999999996	2.34698034481974	2.12296532739449
1.40199999999996	1.83162794692501	4.77315475391876
1.40299999999996	1.10070052574207	7.11158031359982
1.40399999999996	0.268001505501974	8.64358078576787
1.40499999999996	-0.586772452945788	9.24765162439856
1.40599999999996	-1.40137208967493	8.93636012641251
1.40699999999996	-2.07568044275725	7.77478456413713
1.40799999999996	-2.49681627097943	5.91200563936894
1.40899999999996	-2.68400267377444	3.49496753629146
1.40999999999996	-2.62184561595067	0.665659239730723
1.41099999999996	-2.33173248169712	-2.15667961605207
1.41199999999996	-1.81897163834685	-4.80248940882679
1.41299999999996	-1.08972930476562	-7.12667287666331
1.41399999999996	-0.254097281252722	-8.66015810851088
1.41499999999995	0.614397733831338	-9.27404791838304
1.41599999999995	1.42320736720612	-8.95496510580377
1.41699999999995	2.0961236317187	-7.75631264009161
1.41799999999995	2.5105409879432	-5.90547176383465
1.41899999999995	2.69699547959425	-3.50743938501907
1.41999999999995	2.63511440558429	-0.693183904398961
1.42099999999995	2.34675758894771	2.12341072664236
1.42199999999995	1.83142538625963	4.77353333555673
1.42299999999995	1.10050652863446	7.11175517486351
1.42399999999995	0.267739626969413	8.6437467856819
1.42499999999995	-0.587243127725205	9.24795808730025
1.42599999999995	-1.40176124188451	8.93657888640499
1.42699999999995	-2.07601758706198	7.77448623951055
1.42799999999995	-2.49699151231656	5.91202703628649
1.42899999999995	-2.68416403263657	3.49513903255204
1.42999999999995	-2.62200764007639	0.666095581021935
1.43099999999995	-2.33192206325446	-2.15613691002237
1.43199999999995	-1.81913699966395	-4.80201306280193
1.43299999999995	-1.08986473469809	-7.12639415151734
1.43399999999995	-0.254260686253738	-8.65984293160827
1.43499999999995	0.614047024639243	-9.27359017121285
1.43599999999995	1.42288452008439	-8.95460010483142
1.43699999999995	2.09586792336199	-7.75653785736602
1.43799999999995	2.51038126613294	-5.90540104101451
1.43899999999995	2.69683090614345	-3.50725370873216
1.43999999999995	2.63493831054155	-0.692798397376811
1.44099999999995	2.34653975394054	2.12384309925941
1.44199999999995	1.83122813439197	4.77389659148889
1.44299999999995	1.1003222763802	7.11191016751989
1.44399999999995	0.267488406729344	8.6439065316432
1.44499999999995	-0.587699078858044	9.24825572222552
1.44599999999995	-1.4021386853439	8.93679458012456
1.44699999999995	-2.07634052634992	7.77419350081542
1.44799999999995	-2.49716931949654	5.91202534650971
1.44899999999995	-2.68432152680234	3.49530941613586
1.44999999999995	-2.6221660717167	0.666512170615493
1.45099999999995	-2.33210639496677	-2.15561561328879
1.45199999999995	-1.81929832476861	-4.80154713683239
1.45299999999995	-1.08999635300342	-7.12612757194909
1.45399999999995	-0.254421301691724	-8.65953351631391
1.45499999999995	0.613704953410184	-9.27314621916491
1.45599999999995	1.4225702806105	-8.95424603463045
1.45699999999995	2.09561496124924	-7.75675717488771
1.45799999999995	2.51022229347338	-5.90534018646792
1.45899999999995	2.69667159420339	-3.50705914808335
1.45999999999995	2.63476689106343	-0.692420155626536
1.46099999999995	2.34632708176881	2.12426863328176
1.46199999999995	1.83103045123767	4.77428098102031
1.46299999999995	1.10014289471996	7.11207299760759
1.46399999999995	0.26725223743399	8.64404409704452
1.46499999999995	-0.588140114751066	9.24854133799987
1.46599999999995	-1.40250433022038	8.93700543700861
1.46699999999995	-2.07665064315206	7.77391291113281
1.46799999999995	-2.49735163076729	5.91198866651
1.46899999999995	-2.68447461764323	3.49547630087548
1.46999999999995	-2.62232046947233	0.666907386373657
1.47099999999995	-2.33228532678993	-2.15511023646665
1.47199999999995	-1.81945364861025	-4.8010971011102
1.47299999999995	-1.09012460555058	-7.12587134377073
1.47399999999995	-0.25457792712266	-8.6592321577328
1.47499999999995	0.613371682587132	-9.27271526710621
1.47599999999995	1.42226343663993	-8.95390094710119
1.47699999999995	2.09536902990741	-7.75697381737452
1.47799999999995	2.51006973526979	-5.9052670328116
1.47899999999995	2.69651737560095	-3.50687182499173
1.47999999999995	2.63459900213187	-0.692056931042745
1.48099999999995	2.3461198181831	2.12468324690905
1.48199999999995	1.83083954050779	4.77465016100699
1.48299999999995	1.09996982178734	7.11223661490605
1.48399999999995	0.267023602374507	8.64418703511975
1.48499999999995	-0.588566413136625	9.24882157546775
1.48599999999995	-1.40285851906372	8.93721170464262
1.48699999999995	-2.07695312732734	7.77364314099493
1.48799999999995	-2.49752085182626	5.91197921523571
1.48899999999995	-2.68462490228017	3.49563226067636
1.48999999999995	-2.62247166276424	0.667280156999695
1.49099999999995	-2.3324598310319	-2.15462312079133
1.49199999999995	-1.81960493236668	-4.80066264069056
1.49299999999995	-1.09024899068238	-7.12563623291629
1.49399999999995	-0.254724756144107	-8.65896684705512
1.49499999999995	0.613044971866093	-9.27229426530894
1.49599999999995	1.42196323108641	-8.95356585775154
1.49699999999995	2.09512973351805	-7.75718548791002
1.49799999999995	2.5099191102197	-5.90520411728488
1.49899999999995	2.69636771762014	-3.50667960666626
1.49999999999995	2.63443452123078	-0.691707440304919
1.50099999999995	2.34591760002534	2.12508076816624
1.50199999999995	1.83066099426456	4.77497280238203
1.50299999999995	1.09980247572614	7.11240244431457
1.50399999999995	0.266804326080663	8.64432916470073
1.50499999999995	-0.588976825009215	9.24909764612747
1.50599999999994	-1.4032021363928	8.93741736316666
1.50699999999994	-2.0772477519607	7.77338565021019
1.50799999999994	-2.49768425884573	5.91198687000835
1.50899999999994	-2.68477185121653	3.49578738046204
1.50999999999994	-2.62261985032545	0.66763528416808
1.51099999999994	-2.33263036457551	-2.15415193803295
1.51199999999994	-1.81975155403865	-4.8002493476679
1.51299999999994	-1.09037087695829	-7.12540478310055
1.51399999999994	-0.254869851145169	-8.65870338030947
1.51499999999994	0.612725932742072	-9.27188423005319
1.51599999999994	1.42166951260097	-8.95323888579554
1.51699999999994	2.09489931148531	-7.75739192566003
1.51799999999994	2.50977884498356	-5.90512468688624
1.51899999999994	2.69621875982918	-3.50650496365556
1.51999999999994	2.63427476038899	-0.69136738141235
1.52099999999994	2.345719668736	2.12547136668779
1.52199999999994	1.83048872433798	4.7752802358889
1.52299999999994	1.09964136123003	7.11256173055894
1.52399999999994	0.266591645466415	8.64447505720974
1.52499999999994	-0.589371155314964	9.24936863305449
1.52599999999994	-1.40353602332515	8.93762033946898
1.52699999999994	-2.07753225780141	7.77313467190428
1.52799999999994	-2.49784290739615	5.91199785958363
1.52899999999994	-2.68491604548975	3.49593927704753
1.52999999999994	-2.62276471900916	0.667979274057886
1.53099999999994	-2.33279677145479	-2.15369820726941
1.53199999999994	-1.81989538496635	-4.7998426401149
1.53299999999994	-1.09048992967155	-7.12518300582811
1.53399999999994	-0.255016327310339	-8.65843134203579
1.53499999999994	0.612416217550413	-9.27149325642243
1.53599999999994	1.42138275875003	-8.95292273064846
1.53699999999994	2.09467517529429	-7.7575957740863
1.53799999999994	2.50963938759768	-5.90505610400775
1.53899999999994	2.69607907977758	-3.50630081919039
1.53999999999994	2.63411913620248	-0.691035779459955
1.54099999999994	2.34552680304361	2.12584401923785
1.54199999999994	1.83032306502584	4.77557000951768
1.54299999999994	1.09948652697288	7.11271445479947
1.54399999999994	0.266387182034645	8.6446174493025
1.54499999999994	-0.5897492424632	9.24963128127764
1.54599999999994	-1.40385953782979	8.93781854470206
1.54699999999994	-2.07781439785992	7.77287777442968
1.54799999999994	-2.49799542940941	5.91201643592925
1.54899999999994	-2.68505638121836	3.4960862974347
1.54999999999994	-2.62290525271616	0.668319262731665
1.55099999999994	-2.3329587784617	-2.15326090325587
1.55199999999994	-1.8200358944428	-4.79944577116879
1.55299999999994	-1.09060598590168	-7.12496768282783
1.55399999999994	-0.255161739432195	-8.65815914993879
1.55499999999994	0.612113945708606	-9.27111540733229
1.55599999999994	1.42110359270499	-8.95261840401511
1.55699999999994	2.09445237123958	-7.75779796206647
1.55799999999994	2.509502289999	-5.90499503367615
1.55899999999994	2.69593775209595	-3.50614770659412
1.55999999999994	2.63396704851812	-0.690714661053932
1.56099999999994	2.34534010597754	2.12622058933304
1.56199999999994	1.83016240949142	4.77586057573113
1.56299999999994	1.09933859530556	7.11286490884608
1.56399999999994	0.266192094573607	8.64475539029568
1.56499999999994	-0.590113545943239	9.24988797871017
1.56599999999994	-1.40417235882997	8.9380139497866
1.56699999999994	-2.07808723741365	7.77262603709289
1.56799999999994	-2.49815142607917	5.91199887027332
1.56899999999994	-2.68519218390227	3.49623255280398
1.56999999999994	-2.6230403983029	0.668655615499358
1.57099999999994	-2.33311517243473	-2.15283610683647
1.57199999999994	-1.82017130992927	-4.79905776556891
1.57299999999994	-1.09071795537624	-7.12475739835678
1.57399999999994	-0.255301309042165	-8.65789874287271
1.57499999999994	0.611820848992216	-9.27074924041724
1.57599999999994	1.42083199154911	-8.9523212159961
1.57699999999994	2.0942354757331	-7.75799401961657
1.57799999999994	2.50937070879119	-5.90493567288801
1.57899999999994	2.69580320739618	-3.50598047444676
1.57999999999994	2.63382049352409	-0.690397423817307
1.58099999999994	2.34515768939736	2.12659130175704
1.58199999999994	1.83000594123596	4.77614771522154
1.58299999999994	1.09919647914558	7.11301090912366
1.58399999999994	0.266004575151244	8.64488937396461
1.58499999999994	-0.590464810491359	9.25013871029313
1.58599999999994	-1.40447466809623	8.93820368654834
1.58699999999994	-2.07834585773385	7.7723830941081
1.58799999999994	-2.49830793780847	5.91196890827996
1.58899999999994	-2.68532472508041	3.49637769151241
1.58999999999994	-2.62317141068969	0.668986792071049
1.59099999999994	-2.33326727771279	-2.15242623156388
1.59199999999994	-1.82030263766881	-4.79868327400195
1.59299999999994	-1.09082654973001	-7.1245554790408
1.59399999999994	-0.255435482717023	-8.65765423371515
1.59499999999994	0.611534847649047	-9.27039320456524
1.59599999999994	1.42056736921152	-8.95203348522411
1.59699999999993	2.09402563758191	-7.75818484093863
1.59799999999993	2.50924188926398	-5.90488879009031
1.59899999999993	2.69567769045967	-3.50577153436718
1.59999999999993	2.63367766384275	-0.690099476209392
1.60099999999993	2.34497942678575	2.1269456099059
1.60199999999993	1.82985438765216	4.77642078528853
1.60299999999993	1.09905914104573	7.11315344507502
1.60399999999993	0.265822097113056	8.64502498859306
1.60499999999993	-0.590808266642203	9.25038376755508
1.60599999999993	-1.40476723817434	8.93838683650975
1.60699999999993	-2.07859632336066	7.77214582646798
1.60799999999993	-2.49845067441805	5.9119824933785
1.60899999999993	-2.68545585909277	3.49651009475555
1.60999999999993	-2.62329977388822	0.669307422153952
1.61099999999993	-2.33341576496461	-2.15203462576196
1.61199999999993	-1.82043034518288	-4.79832685749649
1.61299999999993	-1.09093250351921	-7.12436117158205
1.61399999999993	-0.255566393511686	-8.65742140936864
1.61499999999993	0.611255984907293	-9.270051192139
1.61599999999993	1.42030973394835	-8.95175794738193
1.61699999999993	2.09381863663524	-7.75837180889547
1.61799999999993	2.50911293867046	-5.90486309012312
1.61899999999993	2.69554881649604	-3.50562784830577
1.61999999999993	2.6335383080571	-0.689800903187876
1.62099999999993	2.34480691171947	2.12728811171524
1.62199999999993	1.82970838951666	4.77669062615004
1.62299999999993	1.09892755430083	7.11329590505882
1.62399999999993	0.265645856902611	8.64516433429029
1.62499999999993	-0.591146660916733	9.2506274767346
1.62599999999993	-1.40505021771609	8.93856834546253
1.62699999999993	-2.07884065327277	7.77191793309092
1.62799999999993	-2.49858713127667	5.91200284502524
1.62899999999993	-2.68558181811085	3.4966453448231
1.62999999999993	-2.62342430197611	0.66961971043923
1.63099999999993	-2.33355977985565	-2.15165660100774
1.63199999999993	-1.82055386107921	-4.79798265805622
1.63299999999993	-1.09103582097919	-7.12416656343906
1.63399999999993	-0.255693607274374	-8.65719574377155
1.63499999999993	0.610984971667405	-9.26972012750311
1.63599999999993	1.42005902847308	-8.95149083110793
1.63699999999993	2.0936142995618	-7.75855188432394
1.63799999999993	2.50898726011719	-5.9048327351876
1.63899999999993	2.69542314384625	-3.50549377910492
1.63999999999993	2.63340463752448	-0.689506428821242
1.64099999999993	2.34463899402542	2.12761833229564
1.64199999999993	1.82956528341303	4.77696513984216
1.64299999999993	1.09880119837954	7.11343137665249
1.64399999999993	0.265476716689216	8.64529779153441
1.64499999999993	-0.591475121462045	9.25086424532217
1.64599999999993	-1.40532422232856	8.93874478360141
1.64699999999993	-2.07907229382486	7.77170726235398
1.64799999999993	-2.49872438871763	5.91200959596381
1.64899999999993	-2.68570575781547	3.4967743793915
1.64999999999993	-2.62354602585459	0.669921751434058
1.65099999999993	-2.33369963778526	-2.15129217682897
1.65199999999993	-1.82067332795358	-4.79765149602105
1.65299999999993	-1.0911361540832	-7.12397882518298
1.65399999999993	-0.255817444026654	-8.65697636381539
1.65499999999993	0.610721354079853	-9.26939930684607
1.65599999999993	1.41981439540907	-8.95123131906415
1.65699999999993	2.09341485610855	-7.75872667166962
1.65799999999993	2.50886737101735	-5.90478991918358
1.65899999999993	2.69529081792625	-3.50543436342911
1.65999999999993	2.63327171497352	-0.689216139290496
1.66099999999993	2.34447742889534	2.12793943430418
1.66199999999993	1.82942783405701	4.77724010257901
1.66299999999993	1.09868014775633	7.11356822176192
1.66399999999993	0.265315499748585	8.64542952491796
1.66499999999993	-0.591794000921933	9.25109956492476
1.66599999999993	-1.40558863376281	8.93892055912858
1.66699999999993	-2.07929748499822	7.77150466875415
1.66799999999993	-2.49886983816778	5.91196523312164
1.66899999999993	-2.68582583632218	3.49690346187316
1.66999999999993	-2.62366357882743	0.670215402388585
1.67099999999993	-2.33383419238673	-2.15093324359124
1.67199999999993	-1.82078852546693	-4.79732250961296
1.67299999999993	-1.09123196600516	-7.12379689049934
1.67399999999993	-0.25593719477223	-8.65675806191824
1.67499999999993	0.610465884229752	-9.26908372495481
1.67599999999993	1.41957678660778	-8.95097473878792
1.67699999999993	2.09322350105068	-7.75889488692814
1.67799999999993	2.50874801377275	-5.9047622390208
1.67899999999993	2.69516990546119	-3.50533262646334
1.67999999999993	2.63314329678126	-0.688932327367148
1.68099999999993	2.34432086541921	2.12825262753165
1.68199999999993	1.82929482539503	4.77751099848104
1.68299999999993	1.09856455154414	7.11369706626959
1.68399999999993	0.265159616281207	8.64556164192469
1.68499999999993	-0.59210174237653	9.25133013554551
1.68599999999993	-1.40584449656865	8.93909290008327
1.68699999999993	-2.07951428339093	7.77131438723435
1.68799999999992	-2.49900583485375	5.91195117767588
1.68899999999992	-2.68594403354104	3.49702519893793
1.68999999999992	-2.62377763155418	0.670504657438965
1.69099999999992	-2.33396560709476	-2.15058913430354
1.69199999999992	-1.82090149072333	-4.79700225831127
1.69299999999992	-1.09132489501959	-7.12363082549742
1.69399999999992	-0.256054531152862	-8.65654780170649
1.69499999999992	0.61021680912939	-9.26877937103529
1.69599999999992	1.41934479557703	-8.9507266658044
1.69699999999992	2.09304064631993	-7.75906168109711
1.69799999999992	2.50863077883648	-5.90474306523323
1.69899999999992	2.69504652456242	-3.50526892690024
1.69999999999992	2.63301785967838	-0.688656854946893
1.70099999999992	2.34416903026883	2.1285577680249
1.70199999999992	1.82916696299911	4.77777537923714
1.70299999999992	1.09845274441759	7.11382612097463
1.70399999999992	0.265009249531839	8.64569307072014
1.70499999999992	-0.592401299272055	9.25155769782301
1.70599999999992	-1.40609191507763	8.93926280765906
1.70699999999992	-2.07972253176773	7.77113368376586
1.70799999999992	-2.49913941310568	5.91193491684238
1.70899999999992	-2.6860602367517	3.49714009588098
1.70999999999992	-2.62388881765418	0.670785919177034
1.71099999999992	-2.33409351282328	-2.15025256449635
1.71199999999992	-1.82101076942567	-4.79669241455709
1.71299999999992	-1.09141514726024	-7.12346923422107
1.71399999999992	-0.25616841833093	-8.65634444763112
1.71499999999992	0.609974446956277	-9.26848331413089
1.71599999999992	1.41911938986439	-8.9504852606312
1.71699999999992	2.0928620844149	-7.75922466305285
1.71799999999992	2.50851792743812	-5.90472005603093
1.71899999999992	2.69493538845037	-3.50512967046745
1.71999999999992	2.63289598081209	-0.688386813139225
1.72099999999992	2.34402057651988	2.12884967033899
1.72199999999992	1.8290426964137	4.77802947123546
1.72299999999992	1.09834461499979	7.11394436934225
1.72399999999992	0.264865119551538	8.64581241395908
1.72499999999992	-0.592692342150427	9.2517765489533
1.72599999999992	-1.40633156033485	8.93942559045928
1.72699999999992	-2.07992325241141	7.77095518402974
1.72799999999992	-2.49927431228829	5.91189811970582
1.72899999999992	-2.68617465308634	3.49724406326131
1.72999999999992	-2.62399850371428	0.671050737623743
1.73099999999992	-2.3342178252457	-2.14992596629928
1.73199999999992	-1.82111677482481	-4.79639289827364
1.73299999999992	-1.09150291750943	-7.12331315121979
1.73399999999992	-0.25627914158712	-8.65614828457263
1.73499999999992	0.609738925485028	-9.26819730961873
1.73599999999992	1.41890042660396	-8.95025163347104
1.73699999999992	2.09268784029905	-7.75938400497658
1.73799999999992	2.50840797479051	-5.90469794661608
1.73899999999992	2.69482606391941	-3.50500205728427
1.73999999999992	2.63277794015917	-0.688130040118957
1.74099999999992	2.34387651609007	2.12913523513749
1.74199999999992	1.82892352288566	4.77827476918419
1.74299999999992	1.09824058844996	7.11405888260721
1.74399999999992	0.264724337149702	8.64593672351869
1.74499999999992	-0.592973872262182	9.25199040968911
1.74599999999992	-1.40656313403394	8.93958380700797
1.74699999999992	-2.08011447001559	7.77078512833943
1.74799999999992	-2.49940253752637	5.91187763344612
1.74899999999992	-2.68628441622077	3.49735331035526
1.74999999999992	-2.6241050426227	0.671311358813382
1.75099999999992	-2.33433903040384	-2.14961250386279
1.75199999999992	-1.82121954944228	-4.79610811101454
1.75299999999992	-1.09158857399573	-7.12316268587991
1.75399999999992	-0.256387115214753	-8.65596065835115
1.75499999999992	0.609509801823244	-9.26792264541756
1.75599999999992	1.4186877589802	-8.95002732067701
1.75699999999992	2.09251848047731	-7.75954343077867
1.75799999999992	2.50829766786765	-5.9046898028083
1.75899999999992	2.69472243435518	-3.50485239042295
1.75999999999992	2.63266259031461	-0.687883817700242
1.76099999999992	2.34373645248351	2.12941145381423
1.76199999999992	1.82881008153088	4.77850404319312
1.76299999999992	1.09814030637196	7.11416757920521
1.76399999999992	0.264589011817312	8.64605552514169
1.76499999999992	-0.593246251078102	9.25219850114761
1.76599999999992	-1.40678736214615	8.93973774341662
1.76699999999992	-2.0803012502974	7.77061754300531
1.76799999999992	-2.49952745692015	5.91185594267878
1.76899999999992	-2.68639265459849	3.49745227107236
1.76999999999992	-2.62420864566797	0.671563812001024
1.77099999999992	-2.33445668292433	-2.14930850616016
1.77199999999992	-1.82131876196493	-4.79583427063675
1.77299999999992	-1.09167179855255	-7.12301626290259
1.77399999999992	-0.256491934669895	-8.6557793787536
1.77499999999992	0.609287077404169	-9.26765607037037
1.77599999999992	1.41848114432448	-8.94980957834234
1.77699999999992	2.09235246662751	-7.75970392783427
1.77799999999991	2.50818577343705	-5.90470249096027
1.77899999999991	2.69462726304725	-3.50467989024593
1.77999999999991	2.63255110070423	-0.687639519214878
1.78099999999991	2.34360076007923	2.12967953044531
1.78199999999991	1.82870152841872	4.77872258326555
1.78299999999991	1.09804314213087	7.1142763108919
1.78399999999991	0.264458661148914	8.64617135554679
1.78499999999991	-0.593509371946539	9.25240064545497
1.78599999999991	-1.40700404043188	8.93988706817163
1.78699999999991	-2.08048255822667	7.77045197087837
1.78799999999991	-2.49964413737712	5.91185120511878
1.78899999999991	-2.68649836652092	3.49754789773324
1.78999999999991	-2.62430970850657	0.671806335104768
1.79099999999991	-2.33457125087523	-2.1490147580724
1.79199999999991	-1.82141556038511	-4.79556956805444
1.79299999999991	-1.09175278049541	-7.12287637265941
1.79399999999991	-0.256594503603921	-8.65560362226654
1.79499999999991	0.609070426631954	-9.26739936225551
1.79599999999991	1.41828051782338	-8.94960053099856
1.79699999999991	2.09219099131919	-7.75986298544806
1.79799999999991	2.50807440555883	-5.90472650539307
1.79899999999991	2.69453257929798	-3.50453044473224
1.79999999999991	2.63244343250839	-0.687399810846619
1.80099999999991	2.34346943283175	2.12994188428534
1.80199999999991	1.8285947202415	4.77894501976224
1.80299999999991	1.09794960860273	7.11438248527111
1.80399999999991	0.264332525801863	8.6462866557446
1.80499999999991	-0.59376430946891	9.25259693310024
1.80599999999991	-1.40721309672552	8.94003157857892
1.80699999999991	-2.08065756811586	7.77029019693023
1.80799999999991	-2.49975928167894	5.91183665092956
1.80899999999991	-2.68660063774495	3.49764163306101
1.80999999999991	-2.62440765228735	0.672043396645969
1.81099999999991	-2.3346822107371	-2.14873034655827
1.81199999999991	-1.82150907615266	-4.79531389155925
1.81299999999991	-1.09183119802462	-7.12274102132524
1.81399999999991	-0.256695412687088	-8.65542812085596
1.81499999999991	0.608861347089334	-9.26715498912711
1.81599999999991	1.41808583927432	-8.94939840103999
1.81699999999991	2.09203450320148	-7.76001788470115
1.81799999999991	2.50796554021204	-5.90474982570623
1.81899999999991	2.69444085394244	-3.50438387468672
1.81999999999991	2.63233886898067	-0.687167531915666
1.82099999999991	2.34334234957238	2.13019707047978
1.82199999999991	1.82849168490379	4.77916143248839
1.82299999999991	1.09785956332827	7.11448520055223
1.82399999999991	0.264211449872279	8.64639729946223
1.82499999999991	-0.594010200837431	9.25278890314516
1.82599999999991	-1.40741506737563	8.94017208610628
1.82699999999991	-2.08082705669105	7.77013369282807
1.82799999999991	-2.49987087905519	5.91182248629219
1.82899999999991	-2.68669999959483	3.49773317042483
1.82999999999991	-2.62450289345372	0.672272771539082
1.83099999999991	-2.3347898639575	-2.14845578914479
1.83199999999991	-1.82159941446192	-4.79506907622599
1.83299999999991	-1.0919074769991	-7.12260953509861
1.83399999999991	-0.25679341464724	-8.65525941144775
1.83499999999991	0.608658068341978	-9.26691789158943
1.83599999999991	1.41789691917629	-8.94920321891648
1.83699999999991	2.09188165144487	-7.76016623485157
1.83799999999991	2.50786003349621	-5.90476911318412
1.83899999999991	2.6943483731042	-3.50427112063177
1.83999999999991	2.63223631505257	-0.686941510912074
1.84099999999991	2.34321941567586	2.13044592435462
1.84199999999991	1.82839209722274	4.77937530066392
1.84299999999991	1.09777283112196	7.11458526769494
1.84399999999991	0.264097201329378	8.64649786431416
1.84499999999991	-0.594248779844169	9.25297866816757
1.84599999999991	-1.40761034366585	8.9403101090218
1.84699999999991	-2.08099154423078	7.76998132581727
1.84799999999991	-2.49997774862154	5.91181657086472
1.84899999999991	-2.68679686415032	3.49782282452266
1.84999999999991	-2.6245955833713	0.672494828401527
1.85099999999991	-2.33489456638871	-2.1481881198622
1.85199999999991	-1.8216866001903	-4.79483543963327
1.85299999999991	-1.09198160278663	-7.12248187238134
1.85399999999991	-0.256888078598093	-8.65509861667829
1.85499999999991	0.608460104837746	-9.26668656150178
1.85599999999991	1.41771321954561	-8.94901390866305
1.85699999999991	2.09173337662047	-7.76030909958628
1.85799999999991	2.50775536107151	-5.90479640231518
1.85899999999991	2.69425689498186	-3.50416750309314
1.85999999999991	2.6321363984877	-0.686721939118793
1.86099999999991	2.34310045777822	2.13068909885457
1.86199999999991	1.82829552251021	4.77958858856397
1.86299999999991	1.097689381355	7.11468275257423
1.86399999999991	0.263988119377012	8.646593169173
1.86499999999991	-0.594479113827007	9.25316341268685
1.86599999999991	-1.40779921067474	8.94044557478295
1.86699999999991	-2.08115517090959	7.76983058591876
1.86799999999991	-2.50008041041002	5.91181738054477
1.8689999999999	-2.68689093802408	3.49791046282036
1.8699999999999	-2.62468560987844	0.672708770111
1.8709999999999	-2.33499622460418	-2.14792606475449
1.8719999999999	-1.82177150519918	-4.79460633861425
1.8729999999999	-1.09205344837956	-7.12235848390459
1.8739999999999	-0.25697949061922	-8.65494537465468
1.8749999999999	0.608267799926345	-9.26646222454777
1.8759999999999	1.41753472225176	-8.94883053187653
1.8769999999999	2.0915873692609	-7.76044799629673
1.8779999999999	2.50765174238696	-5.90482940630061
1.8789999999999	2.69416409635407	-3.50410366315548
1.8799999999999	2.63203934044922	-0.686504579400312
1.8809999999999	2.34298571668289	2.1309301254469
1.8819999999999	1.82820236150602	4.77980198853407
1.8829999999999	1.09760927723186	7.11478029284961
1.8839999999999	0.263882786882772	8.64668965351172
1.8849999999999	-0.594702131712758	9.25334421306574
1.8859999999999	-1.40798176346468	8.94057924719297
1.8869999999999	-2.08131202704003	7.76968659612551
1.8879999999999	-2.50017936068127	5.91182130666119
1.8889999999999	-2.68698200403069	3.49799908367231
1.8899999999999	-2.62477309855887	0.67291615955276
1.8909999999999	-2.33509499164232	-2.14767113592324
1.8919999999999	-1.82185455473249	-4.79437867620823
1.8929999999999	-1.09212301981571	-7.1222408711804
1.8939999999999	-0.257067819520164	-8.65479939214409
1.8949999999999	0.608080877445131	-9.26624439957978
1.8959999999999	1.41736142291854	-8.94865300990657
1.8969999999999	2.09144861967486	-7.7605829115193
1.8979999999999	2.50755180616709	-5.90486104333568
1.8989999999999	2.69407200886204	-3.50405597044734
1.8999999999999	2.63194489074105	-0.686294039929304
1.9009999999999	2.34287427930991	2.13116896225661
1.9019999999999	1.82811232014014	4.78000879125112
1.9029999999999	1.09753177858444	7.11487615346206
1.9039999999999	0.263781674689586	8.64678187420525
1.9049999999999	-0.594918586201762	9.253521117613
1.9059999999999	-1.40815863618774	8.94071035456111
1.9069999999999	-2.081463853929	7.76954720816469
1.9079999999999	-2.50027548313914	5.91182472422996
1.9089999999999	-2.68707073943648	3.49808677549471
1.9099999999999	-2.62485842703667	0.673118048058703
1.9109999999999	-2.33519107214256	-2.14742441280477
1.9119999999999	-1.82193561179905	-4.79415375320877
1.9129999999999	-1.09219126919421	-7.12212311162027
1.9139999999999	-0.257153793892003	-8.65465769356904
1.9149999999999	0.6078991799947	-9.26603362605074
1.9159999999999	1.41719263091611	-8.94848111585014
1.9169999999999	2.09131415396436	-7.7607180479137
1.9179999999999	2.50745420182641	-5.90489412262236
1.9189999999999	2.69398267358865	-3.50400155943625
1.9199999999999	2.63185350109148	-0.686091454284507
1.9209999999999	2.34276620276345	2.13140235460595
1.9219999999999	1.8280261576402	4.78020155604042
1.9229999999999	1.09745688679726	7.11496882474204
1.9239999999999	0.26368237483767	8.64687687289777
1.9249999999999	-0.595128319022362	9.253692762251
1.9259999999999	-1.40832989542211	8.94083783680199
1.9269999999999	-2.08161031818069	7.76941261782017
1.9279999999999	-2.50036843639818	5.91182806459366
1.9289999999999	-2.68715719605681	3.49817322330439
1.9299999999999	-2.62494158761376	0.673312751620916
1.9309999999999	-2.33528458384339	-2.14718511129587
1.9319999999999	-1.82201430150559	-4.79393662190522
1.9329999999999	-1.09225772069585	-7.12200938571461
1.9339999999999	-0.257237566139263	-8.65452041768445
1.9349999999999	0.607722589125156	-9.26582976666998
1.9359999999999	1.41702779484039	-8.94831462028012
1.9369999999999	2.09118378820127	-7.76085081552663
1.9379999999999	2.50735954965213	-5.9049264705811
1.9389999999999	2.69389404824712	-3.50396222561955
1.9399999999999	2.6317658732025	-0.685888005776414
1.9409999999999	2.34266126252464	2.1316324167731
1.9419999999999	1.82794299665333	4.78038637074963
1.9429999999999	1.09738433345054	7.11505911151305
1.9439999999999	0.26358561574315	8.6469722470827
1.9449999999999	-0.595330540713083	9.25385927582477
1.9459999999999	-1.40849580128109	8.94096223706476
1.9469999999999	-2.08175287775388	7.76928223118143
1.9479999999999	-2.50045974499777	5.91182649957328
1.9489999999999	-2.68724135059203	3.49825906958575
1.9499999999999	-2.62502269376537	0.673500751757799
1.9509999999999	-2.33537557887833	-2.14695236129654
1.9519999999999	-1.82209036340015	-4.7937282299123
1.9529999999999	-1.09232293624434	-7.12189375752705
1.9539999999999	-0.257319034459064	-8.65438774501963
1.9549999999999	0.607550896724115	-9.2656320902509
1.9559999999999	1.41686698105364	-8.9481527100746
1.9569999999999	2.09105828649712	-7.76097851994752
1.9579999999999	2.50727041479066	-5.90494504514575
1.9589999999999	2.6938081470664	-3.50392337950049
1.95999999999989	2.63168058415723	-0.685691254159244
1.96099999999989	2.34255900912702	2.13185593695226
1.96199999999989	1.82786192003599	4.78056574684041
1.96299999999989	1.09731369374795	7.11514570144968
1.96399999999989	0.263490035220166	8.6470699582397
1.96499999999989	-0.595525413043386	9.25401815300876
1.96599999999989	-1.4086567030204	8.94108202483216
1.96699999999989	-2.08188669238787	7.76915667367473
1.96799999999989	-2.50055021659648	5.91182062461853
1.96899999999989	-2.68732408526703	3.49833830844188
1.96999999999989	-2.62510220232179	0.673681695022166
1.97099999999989	-2.3354644049067	-2.14672703630848
1.97199999999989	-1.82216424499587	-4.79352964691613
1.97299999999989	-1.09238628975526	-7.12178408209553
1.97399999999989	-0.257398843702102	-8.6542584410027
1.97499999999989	0.60738378105747	-9.2654409875558
1.97599999999989	1.41670992221228	-8.9479957298742
1.97699999999989	2.09093576001955	-7.76109981435155
1.97799999999989	2.50718535719048	-5.90496612694228
1.97899999999989	2.69372949094112	-3.50384385762716
1.97999999999989	2.63159641539937	-0.685506519159631
1.98099999999989	2.34245926631732	2.13207080778758
1.98199999999989	1.8277828752373	4.78073815311252
1.98299999999989	1.09724500804333	7.11522600427071
1.98399999999989	0.263396474695801	8.64716522360725
1.98499999999989	-0.595714956491465	9.25417046446766
1.98599999999989	-1.40881285279828	8.94119656987243
1.98699999999989	-2.08201836235171	7.76903122366664
1.98799999999989	-2.50063898308258	5.91181130171651
1.98899999999989	-2.68740495060613	3.49841105122887
1.98999999999989	-2.62517975092006	0.67385585754764
1.99099999999989	-2.33555084659129	-2.14650936393129
1.99199999999989	-1.82223633305981	-4.79333655660171
1.99299999999989	-1.09244754553122	-7.12168231239445
1.99399999999989	-0.257476722206535	-8.65413339840465
1.99499999999989	0.607221339152213	-9.26525683270203
1.99599999999989	1.41655687501502	-8.94784419384112
1.99699999999989	2.09081680973694	-7.76121836777642
1.99799999999989	2.50710192318326	-5.90498675458888
1.99899999999989	2.69365575822118	-3.50374451968665
2	2.63151411707747	-0.685331358026837
