"Time [s]"	"InducedVoltage(EndConnection) [mV]"
0	0
0.001	11.0072968882872
0.002	51.1741065847573
0.003	107.199451450423
0.004	170.488184811337
0.005	231.305607519467
0.006	285.544895090216
0.007	326.769813803012
0.008	346.711840600734
0.009	343.691347028891
0.01	315.279500675394
0.011	269.130448631933
0.012	207.968187006196
0.013	134.924631664635
0.014	52.2509925273027
0.015	-26.6537163964658
0.016	-95.3264594359695
0.017	-144.164178258721
0.018	-171.230856440753
0.019	-176.760210961775
0.02	-169.528386481994
0.021	-141.565591306308
0.022	-90.6423760706943
0.023	-23.634170590877
0.024	48.0347029608345
0.025	117.733913782558
0.026	182.635752298969
0.027	227.90598350234
0.028	254.712898923319
0.029	255.931638234771
0.03	234.861461253639
0.031	196.328228712028
0.032	142.331645508461
0.033	72.331323912201
0.034	-4.68046091940937
0.035	-79.8679405662026
0.036	-142.420403401167
0.037	-190.614879857691
0.038	-212.060663149909
0.039	-220.810031426313
0.04	-207.083231220804
0.041	-176.159575504126
0.042	-121.80236713948
0.043	-52.8774150901391
0.044	21.6383142035408
0.045	93.399197117022
0.046	158.618013908944
0.047	206.428789113713
0.048	234.520122340213
0.049	236.541718480965
0.05	217.265824954549
0.051	180.380688856873
0.052	127.529880980343
0.053	58.5502487708209
0.054	-17.8315253793276
0.055	-91.7014970233726
0.056	-153.502215740025
0.057	-201.489696696193
0.058	-221.871596074489
0.059	-230.488981738304
0.06	-215.621455019958
0.061	-183.832297947814
0.062	-129.134097939298
0.063	-59.3240272124692
0.064	15.764787739844
0.065	87.8044400117114
0.066	152.992288390689
0.067	201.384135431195
0.068	229.898392780684
0.069	232.296085734746
0.07	213.462662773122
0.071	176.948131003051
0.0720000000000001	124.323206333229
0.0730000000000001	55.4535581011677
0.0740000000000001	-20.8420827261732
0.0750000000000001	-94.3894668705998
0.0760000000000001	-156.24086395695
0.0770000000000001	-204.125280875956
0.0780000000000001	-224.445242560298
0.0790000000000001	-232.613923950693
0.0800000000000001	-218.073963391233
0.0810000000000001	-186.108211470372
0.0820000000000001	-130.202237012441
0.0830000000000001	-60.8320830812114
0.0840000000000001	14.2982663563569
0.0850000000000001	86.3529186104295
0.0860000000000001	151.448251191676
0.0870000000000001	199.903876150235
0.0880000000000001	228.675339150766
0.0890000000000001	231.396369124331
0.0900000000000001	212.746459585363
0.0910000000000001	176.255319361762
0.0920000000000001	123.759765443641
0.0930000000000001	54.6871990333864
0.0940000000000001	-21.5927678770809
0.0950000000000001	-95.0928936562954
0.0960000000000001	-157.049250025798
0.0970000000000001	-204.908430535843
0.0980000000000001	-225.421065507887
0.0990000000000001	-233.858006327477
0.1	-218.08595388407
0.101	-187.388132196571
0.102	-129.923506538066
0.103	-61.2626484269348
0.104	13.7984736149114
0.105	85.7789935661026
0.106	150.812942624319
0.107	199.181688855472
0.108	228.192211742724
0.109	231.240345469657
0.11	212.730631982131
0.111	176.235065842799
0.112	123.749160290236
0.113	54.434792999083
0.114	-21.8281438505701
0.115	-95.368596022632
0.116	-157.379930684261
0.117	-205.247448012107
0.118	-225.972191903047
0.119	-234.003800631376
0.12	-218.893952895844
0.121	-187.491620519077
0.122	-129.732542132622
0.123	-61.5148414913635
0.124	13.5349871739983
0.125	85.3903858119755
0.126	150.466129236272
0.127	198.632989230909
0.128	227.857859536101
0.129	231.27786685083
0.13	212.885196912801
0.131	176.386394131368
0.132	123.85040887206
0.133	54.3273934454709
0.134	-21.9341623257608
0.135	-95.5419672696283
0.136	-157.559035546715
0.137	-205.474159294018
0.138	-226.410388446485
0.139	-234.024220887334
0.14	-219.305918308294
0.141	-185.45239657031
0.142	-132.133591419779
0.143	-61.2885455183369
0.144	13.3486853934205
0.145	85.103257573322
0.146	150.221359688772
0.147	198.202691691324
0.148	227.590612546429
0.149	231.371456046654
0.15	213.087432723284
0.151	176.547106400285
0.152	124.003709798143
0.153	54.277019410688
0.154	-21.9928126008089
0.155	-95.6721255123724
0.156	-157.660466162323
0.157	-205.648956650682
0.158	-226.753102245827
0.159	-234.158757866555
0.16	-219.474781948831
0.161	-184.03606597435
0.162	-133.29912650146
0.163	-61.2246400443868
0.164	13.2614497532697
0.165	84.9673100252286
0.166	149.953743520152
0.167	197.920507237687
0.168	227.404038732582
0.169	231.447727435102
0.17	213.293488737225
0.171	176.745551412791
0.172	124.114348075343
0.173	54.2289936691755
0.174	-22.0010783860145
0.175	-95.780478614681
0.176	-157.722861797589
0.177	-205.752487900237
0.178	-227.028062795832
0.179	-234.364052449039
0.18	-219.546346114809
0.181	-185.650071197302
0.182	-131.394257454662
0.183	-61.9077274267015
0.184	13.1175486701874
0.185	84.8621056898134
0.186	149.830052458761
0.187	197.729401546631
0.188	227.257253869073
0.189	231.596596446111
0.19	213.53001012078
0.191	176.97302383294
0.192	124.235042771135
0.193	54.1742948527877
0.194	-21.8910476038605
0.195	-95.8602185225964
0.196	-157.729830980368
0.197	-205.814917784773
0.198	-227.228001056105
0.199	-234.43573049746
0.2	-219.616463771993
0.201	-185.583401815746
0.202	-131.316357811659
0.203	-61.9038186261509
0.204	13.0034017784386
0.205	84.8607587882388
0.206	149.742953936135
0.207	197.603428530867
0.208	227.146131035369
0.209	231.722430172821
0.21	213.756828609743
0.211	177.193535415799
0.212	124.34324611598
0.213	54.1600625704594
0.214	-21.7934142986011
0.215	-95.9154831393226
0.216	-157.716132073259
0.217	-205.846973145025
0.218	-227.157463207439
0.219	-234.725910922179
0.22	-219.719125703781
0.221	-185.381282305788
0.222	-131.377400811017
0.223	-61.7065961987487
0.224	13.1445426651323
0.225	84.7824278847466
0.226	149.741522798947
0.227	197.520652483282
0.228	227.056149248928
0.229	231.838639429534
0.23	213.970904966968
0.231	177.401983474085
0.232	124.440619970705
0.233	54.1806608645549
0.234	-21.7007205376286
0.235	-95.9526584835037
0.236	-157.68243742726
0.237	-205.840716538392
0.238	-227.092507563413
0.239	-235.016267584917
0.24	-219.767851271503
0.241	-185.112096901391
0.242	-131.31989599001
0.243	-61.7933252877337
0.244	13.3284944753278
0.245	84.7900960780797
0.246	149.804121135793
0.247	197.42564199754
0.248	227.010478899793
0.249	231.949181121082
0.25	214.172928522066
0.251	177.596516931633
0.252	124.533333660983
0.253	54.2383063672535
0.254	-21.6364581801438
0.255	-95.9576376669399
0.256	-157.637917578786
0.257	-205.823641867649
0.258	-227.072313925953
0.259	-235.213106084373
0.26	-219.626527794579
0.261	-185.109590488802
0.262	-131.223533879229
0.263	-61.8084929591583
0.264	13.4535732046518
0.265	84.9251826021227
0.266	149.906142023784
0.267	197.340533042705
0.268	227.015693133045
0.269	232.047468559831
0.27	214.358891927709
0.271	177.770408959346
0.272	124.620554473071
0.273	54.3225041239057
0.274	-21.586790111802
0.275	-95.9323725198834
0.276	-157.593347673225
0.277	-205.792164332805
0.278	-227.121096390283
0.279	-235.269654896535
0.28	-219.590417781234
0.281	-184.998062742402
0.282	-130.776207783459
0.283	-62.0869984816971
0.284	13.6091657514776
0.285	85.0283805279473
0.286	149.996945620534
0.287	197.332239289949
0.288	227.023202171297
0.289	232.130367350902
0.29	214.495165227329
0.291	177.938349474063
0.292	124.713018711309
0.293	54.4191646794103
0.294	-21.5826202287707
0.295	-95.8668375337134
0.296	-157.540674814131
0.297	-205.764403005522
0.298	-227.050679882002
0.299	-235.443793549142
0.3	-219.406999804811
0.301	-184.864908017519
0.302	-130.741045253371
0.303	-62.1271807427156
0.304	13.8063967947354
0.305	85.1326955325403
0.306	150.116519766696
0.307	197.340302229511
0.308	227.056711934072
0.309	232.206891797921
0.31	214.640881541081
0.311	178.082335955568
0.312	124.800456966263
0.313	54.5462169125478
0.314	-21.5780017071652
0.315	-95.8098381399421
0.316	-157.484770385663
0.317	-205.734429174261
0.318	-226.949241818349
0.319	-235.57339600736
0.32	-219.460366275663
0.321	-184.619116400613
0.322	-130.488142157486
0.323	-62.1537022323271
0.324	13.8710116792944
0.325	85.2824887712846
0.326	150.216854252717
0.327	197.391441451698
0.328	227.087929213566
0.329	232.267974711435
0.33	214.768959415098
0.331	178.210511186262
0.332	124.892761907322
0.333	54.6446617576916
0.334	-21.5153101727349
0.335	-95.7812505910775
0.336	-157.411743841679
0.337	-205.723066682846
0.338	-226.858783214081
0.339	-235.626544104591
0.34	-219.440313712201
0.341	-184.459032766042
0.342	-130.468723904558
0.343	-62.0362351843417
0.344	14.0237551062583
0.345	85.4451431428962
0.346	150.31196580389
0.347	197.569144147087
0.348	227.017315611281
0.349	232.325803005353
0.35	214.88091470738
0.351	178.321853690314
0.352	124.985554284979
0.353	54.7326794200576
0.354	-21.4598321228569
0.355	-95.7285795337216
0.356	-157.320118121973
0.357	-205.713935367597
0.358	-226.799129087072
0.359	-235.641920257002
0.36	-219.408713723825
0.361	-184.312077670434
0.362	-130.748052274385
0.363	-61.5473973692032
0.364	14.1188474691366
0.365	85.5900573392065
0.366	150.431316248652
0.367	197.715796759611
0.368	226.978174895478
0.369	232.378613874525
0.37	214.982269777939
0.371	178.419992734882
0.372	125.080774405376
0.373	54.8040195395183
0.374	-21.426169062126
0.375	-95.6396992175491
0.376	-157.233164833352
0.377	-205.665846655916
0.378	-226.731280156946
0.379	-235.685596558838
0.38	-219.423457273184
0.381	-184.192428739165
0.382	-130.620399985341
0.383	-61.4438215164683
0.384	14.2553587201065
0.385	85.7565494103495
0.386	150.540934668627
0.387	197.828466981656
0.388	227.005421465844
0.389	232.421965485727
0.39	215.070409499586
0.391	178.508303950551
0.392	125.178875266551
0.393	54.8644111067259
0.394	-21.3584375070978
0.395	-95.5748907525882
0.396	-157.154176121616
0.397	-205.580098789351
0.398	-227.587682369113
0.399	-234.943603040781
0.4	-219.100942855006
0.401	-184.25825301656
0.402	-130.485849898944
0.403	-61.3355390326818
0.404	14.3801951259725
0.405	85.9077891474252
0.406	150.632827632788
0.407	197.92637680892
0.408	227.080321006748
0.409	232.468177815047
0.41	215.135924707493
0.411	178.594604313589
0.412	125.264204942464
0.413	54.9271223479987
0.414	-21.303362809129
0.415	-95.5038451290083
0.416	-157.077901792798
0.417	-205.467589368917
0.418	-227.365410603828
0.419	-235.126632228774
0.42	-219.143721714785
0.421	-184.099520853121
0.422	-130.373858674141
0.423	-60.4640522591771
0.424	14.0822509888479
0.425	85.9945769808058
0.426	150.697825520563
0.427	197.966309739302
0.428	227.177223239285
0.429	232.513030443865
0.43	215.187156303576
0.431	178.662168317123
0.432	125.338455945541
0.433	54.9643157516742
0.434	-21.2372623886307
0.435	-95.4458740077329
0.436	-156.996518082638
0.437	-205.356715544858
0.438	-227.287998991382
0.439	-235.132724168207
0.44	-219.20365098944
0.441	-184.011591776009
0.442	-130.419895249148
0.443	-61.0237441026461
0.444	14.6611619750592
0.445	86.2160930574683
0.446	150.783978463881
0.447	198.064737256924
0.448	227.196152287862
0.449	232.61524891145
0.45	215.258645945723
0.451	178.741248145175
0.452	125.423340194882
0.453	55.0265121468481
0.454	-21.174348370903
0.455	-95.3723240661526
0.456	-156.902014709785
0.457	-205.238568541529
0.458	-227.072692349349
0.459	-235.303361305828
0.46	-219.201316473706
0.461	-183.914973196325
0.462	-130.210925445164
0.463	-61.0304016443456
0.464	14.7879056466468
0.465	86.3873103875779
0.466	150.863636742945
0.467	198.261382314038
0.468	227.145585681917
0.469	232.674536649231
0.47	215.319383521062
0.471	178.805903436364
0.472	125.482618755019
0.473	55.0862565810734
0.474	-21.0958603538993
0.475	-95.3092013447577
0.476	-156.81102211462
0.477	-205.096648769911
0.478	-227.038497560514
0.479	-235.373950959646
0.48	-219.134714820055
0.481	-183.841053243368
0.482	-129.997757776121
0.483	-61.100017645107
0.484	14.9667100868608
0.485	86.5437943857199
0.486	150.938431124017
0.487	198.289629265003
0.488	227.30753810103
0.489	232.691319414935
0.49	215.375848800926
0.491	178.867422885249
0.492	125.528918735454
0.493	55.1620966750131
0.494	-21.0204058860562
0.495	-95.2597389485004
0.496	-156.722640537938
0.497	-204.97217161778
0.498	-227.081825491783
0.499	-235.375330040322
0.5	-219.101855765354
0.501	-183.697782317415
0.502	-129.943973645098
0.503	-61.0063468735267
0.504	15.0828808400154
0.505	86.7313678319194
0.506	151.012943885226
0.507	198.432147052834
0.508	227.328985369656
0.509	232.728927298329
0.51	215.432812918747
0.511	178.922178107986
0.512	125.573970319761
0.513	55.2329592346172
0.514	-20.9398111117179
0.515	-95.2149338255851
0.516	-156.62860082248
0.517	-204.861183523038
0.518	-227.207378955307
0.519	-235.226686719952
0.52	-219.141415008807
0.521	-183.539727192826
0.522	-129.773753058923
0.523	-61.0411838776649
0.524	15.2095497972063
0.525	86.8918692879487
0.526	151.090605669229
0.527	198.496441431277
0.528	227.410335142412
0.529	232.783917909616
0.53	215.486118381094
0.531	178.96686009108
0.532	125.626425666709
0.533	55.2969870664423
0.534	-20.8632515942787
0.535	-95.1648983688429
0.536	-156.547668731357
0.537	-204.757281479857
0.538	-227.267754745191
0.539	-235.126225703473
0.54	-219.160827765265
0.541	-183.374529236044
0.542	-129.856785572626
0.543	-60.8226400158784
0.544	15.2631653947136
0.545	87.0801879628931
0.546	151.203858786861
0.547	198.866413313705
0.548	227.271857271932
0.549	232.800362278985
0.55	215.535444909547
0.551	179.009630789062
0.552	125.67765740729
0.553	55.3535715798826
0.554	-20.7923438174684
0.555	-95.1201030967314
0.556	-156.474788965371
0.557	-204.663492287103
0.558	-227.266607271582
0.559	-235.084692666211
0.56	-219.10575215656
0.561	-183.336076340897
0.562	-129.803519193398
0.563	-60.7033413524658
0.564	15.4081846321098
0.565	87.1526734496312
0.566	151.293767425419
0.567	199.082056405614
0.568	227.164622638907
0.569	232.864932479097
0.57	215.582410215969
0.571	179.048053612555
0.572	125.730330465239
0.573	55.4124586146644
0.574	-20.7076554772992
0.575	-95.0798286182271
0.576	-156.407473102414
0.577	-204.54888996971
0.578	-227.261842394287
0.579	-235.121005547808
0.58	-219.02265867329
0.581	-183.284346448747
0.582	-129.690017242132
0.583	-60.6666571283559
0.584	15.4827928623505
0.585	87.333758979591
0.586	151.379326834634
0.587	199.016658914068
0.588	227.332035016385
0.589	232.930752920746
0.59	215.6254704546
0.591	179.091254068007
0.592	125.76982554209
0.593	55.4782466818701
0.594	-20.6051728158189
0.595	-95.0576326749185
0.596	-156.337002929937
0.597	-204.444910699637
0.598	-227.382218814744
0.599	-234.981783371146
0.6	-218.973492103133
0.601	-183.243907025687
0.602	-129.452246058168
0.603	-60.7174051136993
0.604	15.4898762841999
0.605	87.5357117621787
0.606	151.459141466269
0.607	199.143351310319
0.608	227.325143709827
0.609	232.969704399683
0.61	215.671601872513
0.611	179.132658285096
0.612	125.814986360813
0.613	55.5382697754901
0.614	-20.5082743659438
0.615	-95.0244937539834
0.616	-156.274195699234
0.617	-204.372516683832
0.618	-227.34821306435
0.619	-235.012844525987
0.62	-218.926843395809
0.621	-183.134393128916
0.622	-129.282614750807
0.623	-60.7065045848051
0.624	15.451358340804
0.625	87.7543932204592
0.626	151.538405406787
0.627	199.260149256991
0.628	227.355578020938
0.629	232.975928966138
0.63	215.719476352154
0.631	179.164981870027
0.632	125.864408132707
0.633	55.5924816079867
0.634	-20.4509874359017
0.635	-94.9587608224489
0.636	-156.210556270653
0.637	-204.28734563587
0.638	-227.348314045404
0.639	-235.008969858937
0.64	-218.919751351852
0.641	-183.03292229721
0.642	-129.185623509247
0.643	-60.6239943899856
0.644	15.4791187320843
0.645	87.9303744509089
0.646	151.616436183867
0.647	199.372959645199
0.648	227.356887285314
0.649	233.007871972156
0.65	215.768881115273
0.651	179.190762000673
0.652	125.910068271512
0.653	55.6497638855421
0.654	-20.4079098359011
0.655	-94.8607884398509
0.656	-156.173894126477
0.657	-204.193062064251
0.658	-227.138790012292
0.659	-235.242467044546
0.66	-218.853555190638
0.661	-182.956606862758
0.662	-129.122632810427
0.663	-60.5607859304159
0.664	15.5093702376688
0.665	88.1426522822939
0.666	151.685036158984
0.667	199.445265387822
0.668	227.38530051083
0.669	233.050684728811
0.67	215.809986816492
0.671	179.227164106965
0.672	125.946276715011
0.673	55.7067503157041
0.674	-20.3592778865933
0.675	-94.7826845554449
0.676	-156.136865951486
0.677	-204.058239186483
0.678	-227.379471580593
0.679	-235.087897258051
0.68	-218.709785751962
0.681	-182.93568291883
0.682	-129.045334575248
0.683	-60.4419929470722
0.684	15.5369135054815
0.685	88.2740722712996
0.686	151.75657164281
0.687	199.472177840337
0.688000000000001	227.422883309874
0.689000000000001	233.125268336741
0.690000000000001	215.848535373039
0.691000000000001	179.258953969512
0.692000000000001	125.982082113817
0.693000000000001	55.7679630442372
0.694000000000001	-20.3559928420591
0.695000000000001	-94.6612484529164
0.696000000000001	-156.106464034786
0.697000000000001	-203.937940779768
0.698000000000001	-227.54390363429
0.699000000000001	-234.945488811308
0.700000000000001	-218.638622621405
0.701000000000001	-182.942671319049
0.702000000000001	-128.874986197662
0.703000000000001	-60.4500024342761
0.704000000000001	15.6742510031493
0.705000000000001	88.3728441167181
0.706000000000001	151.822091193601
0.707000000000001	199.487703921392
0.708000000000001	227.498559345008
0.709000000000001	233.140533082263
0.710000000000001	215.902277164997
0.711000000000001	179.306735207743
0.712000000000001	126.007927228676
0.713000000000001	55.8307441109697
0.714000000000001	-20.3510984856012
0.715000000000001	-94.54191766912
0.716000000000001	-156.076816958507
0.717000000000001	-203.849032656079
0.718000000000001	-227.467287999417
0.719000000000001	-235.005811624597
0.720000000000001	-218.599366615216
0.721000000000001	-182.850204088644
0.722000000000001	-128.889041454976
0.723000000000001	-60.3201092405902
0.724000000000001	15.7618602813755
0.725000000000001	88.4638004946747
0.726000000000001	151.888202644283
0.727000000000001	199.653959341546
0.728000000000001	227.397054332152
0.729000000000001	233.237059760783
0.730000000000001	215.923092506234
0.731000000000001	179.32514955434
0.732000000000001	126.034412541865
0.733000000000001	55.8899355792722
0.734000000000001	-20.3134204091919
0.735000000000001	-94.4569063276745
0.736000000000001	-156.038435690368
0.737000000000001	-203.756402144093
0.738000000000001	-226.886683653373
0.739000000000001	-235.618651544577
0.740000000000001	-218.479163033974
0.741000000000001	-182.831341197081
0.742000000000001	-128.969530128483
0.743000000000001	-60.1296284955337
0.744000000000001	15.9190497284183
0.745000000000001	88.5252899742334
0.746000000000001	151.951415827547
0.747000000000001	199.722386099644
0.748000000000001	227.371438348096
0.749000000000001	233.3127931234
0.750000000000001	215.966325396912
0.751000000000001	179.355214270854
0.752000000000001	126.060507890899
0.753000000000001	55.9479905603941
0.754000000000001	-20.2585331966214
0.755000000000001	-94.3840843066254
0.756000000000001	-155.986605595819
0.757000000000001	-203.707048016585
0.758000000000001	-226.410432848594
0.759000000000001	-236.035826003739
0.760000000000001	-218.448143195237
0.761000000000001	-182.812968762053
0.762000000000001	-128.927056217415
0.763000000000001	-60.0440540135925
0.764000000000001	15.9495572078889
0.765000000000001	88.6886635742194
0.766000000000001	152.01242150761
0.767000000000001	199.799942656356
0.768000000000001	227.341031739245
0.769000000000001	233.380672660264
0.770000000000001	216.002696488843
0.771000000000001	179.385228606604
0.772000000000001	126.086160944184
0.773000000000001	56.004192015608
0.774000000000001	-20.2011889132163
0.775000000000001	-94.3199138330824
0.776000000000001	-155.969147629313
0.777000000000001	-203.585074296711
0.778000000000001	-226.494954592603
0.779000000000001	-235.959114946087
0.780000000000001	-218.4938462736
0.781000000000001	-182.664931988479
0.782000000000001	-128.884475151092
0.783000000000001	-59.9671553689516
0.784000000000001	16.0670430123966
0.785000000000001	88.7335425076787
0.786000000000001	152.072516222846
0.787000000000001	199.846999969781
0.788000000000001	227.364156500928
0.789000000000001	233.417021422232
0.790000000000001	216.044159417754
0.791000000000001	179.416459853324
0.792000000000001	126.106321333862
0.793000000000001	56.0595958280057
0.794000000000001	-20.1475140465277
0.795000000000001	-94.2540574950586
0.796000000000001	-156.002845017523
0.797000000000001	-203.410960334226
0.798000000000001	-226.709691851766
0.799000000000001	-235.761476538064
0.800000000000001	-218.520799561603
0.801000000000001	-182.546219028057
0.802000000000001	-128.846710418381
0.803000000000001	-59.8505757780711
0.804000000000001	16.1946281970239
0.805000000000001	88.7375370106842
0.806000000000001	152.131545581116
0.807000000000001	199.88956871599
0.808000000000001	227.401497580914
0.809000000000001	233.43761406592
0.810000000000001	216.084291039335
0.811000000000001	179.446214492569
0.812000000000001	126.122636468502
0.813000000000001	56.1159085852518
0.814000000000001	-20.0985410868408
0.815000000000001	-94.1690070071937
0.816000000000001	-155.946139908
0.817000000000001	-203.385695777024
0.818000000000001	-226.507429963043
0.819000000000001	-235.937944543552
0.820000000000001	-218.492354363978
0.821000000000001	-182.498211071878
0.822000000000001	-128.820426821597
0.823000000000001	-59.7384064996162
0.824000000000001	16.3061824097024
0.825000000000001	88.7703318517783
0.826000000000001	152.186513858066
0.827000000000001	199.94670543961
0.828000000000001	227.446593080903
0.829000000000001	233.437306589977
0.830000000000001	216.11695172911
0.831000000000001	179.480944065675
0.832000000000001	126.135969520431
0.833000000000001	56.1695089635916
0.834000000000001	-20.0511114118059
0.835000000000001	-94.1023843523687
0.836000000000001	-156.010492362737
0.837000000000001	-203.232988028922
0.838000000000001	-226.349572498418
0.839000000000001	-236.045494620617
0.840000000000001	-218.485105471339
0.841000000000001	-182.427186201735
0.842000000000001	-128.865897223685
0.843000000000001	-59.5977914654843
0.844000000000001	16.4294781681692
0.845000000000001	88.7896703035492
0.846000000000001	152.25539149013
0.847000000000001	200.035796370528
0.848000000000001	227.445678539703
0.849000000000001	233.443163261808
0.850000000000001	216.151335900378
0.851000000000001	179.512055193848
0.852000000000001	126.153796449222
0.853000000000001	56.2202860541847
0.854000000000001	-20.0104350941332
0.855000000000001	-94.0203573380665
0.856000000000001	-155.937835950501
0.857000000000001	-203.233446410838
0.858000000000001	-226.600374317217
0.859000000000001	-235.770890020064
0.860000000000001	-218.443239356314
0.861000000000001	-182.390519224347
0.862000000000001	-128.826243083182
0.863000000000001	-59.4993784102371
0.864000000000001	16.4653854744289
0.865000000000001	88.9075451860225
0.866000000000001	152.288849327645
0.867000000000001	200.121925652589
0.868000000000001	227.442077125817
0.869000000000001	233.457634602466
0.870000000000001	216.187862992962
0.871000000000001	179.526268614764
0.872000000000001	126.185248294603
0.873000000000001	56.2689070493878
0.874000000000001	-19.9764366630288
0.875000000000001	-93.9452851516193
0.876000000000001	-155.779220574055
0.877000000000001	-203.304441571227
0.878000000000001	-226.710636398253
0.879000000000001	-235.662786887971
0.880000000000001	-218.400931978241
0.881000000000001	-182.293087182333
0.882000000000001	-128.816107933042
0.883000000000001	-59.426009674247
0.884000000000001	16.5126546990955
0.885000000000001	88.9901005796771
0.886000000000001	152.341470695846
0.887000000000001	200.216961581572
0.888000000000001	227.418293029632
0.889000000000001	233.475202088148
0.890000000000001	216.224400310678
0.891000000000001	179.542661765618
0.892000000000001	126.21420865665
0.893000000000001	56.3193378924276
0.894000000000001	-19.9366298719987
0.895000000000001	-93.8663286520595
0.896000000000001	-155.736052513426
0.897000000000001	-203.24679120441
0.898000000000001	-226.682115048955
0.899000000000001	-235.748686341159
0.900000000000001	-218.355452537319
0.901000000000001	-182.214680498952
0.902000000000001	-128.773676875796
0.903000000000001	-59.3530633676279
0.904000000000001	16.5827122659332
0.905000000000001	89.0545115163134
0.906000000000001	152.386950908419
0.907000000000001	200.259088873127
0.908000000000001	227.426159077353
0.909000000000001	233.525960584697
0.910000000000001	216.250067964147
0.911000000000001	179.5521677184
0.912000000000001	126.238357835315
0.913000000000001	56.3722075137634
0.914000000000001	-19.8973289265232
0.915000000000001	-93.8077698311047
0.916000000000001	-155.655665713075
0.917000000000001	-203.226119269901
0.918000000000001	-226.591917274982
0.919000000000001	-235.845478535646
0.920000000000001	-218.33353876632
0.921000000000001	-182.143375260701
0.922000000000001	-128.715651886186
0.923000000000001	-59.3104517807559
0.924000000000001	16.6682058135634
0.925000000000001	89.1070046530665
0.926000000000001	152.429554965766
0.927000000000001	200.316631590686
0.928000000000001	227.424155138188
0.929000000000001	233.55922756104
0.930000000000001	216.275273286866
0.931000000000001	179.567569451013
0.932000000000001	126.261216850238
0.933000000000001	56.4233011821035
0.934000000000001	-19.8575565484721
0.935000000000001	-93.7442741154601
0.936000000000001	-155.569655613858
0.937000000000001	-203.236729509045
0.938000000000001	-226.312269494101
0.939000000000001	-236.098234860416
0.940000000000001	-218.278016529346
0.941000000000001	-182.118736363629
0.942000000000001	-128.68446421731
0.943000000000001	-59.252391970415
0.944000000000001	16.7428897018186
0.945000000000001	89.1654963127679
0.946000000000001	152.473007550073
0.947000000000001	200.308911429595
0.948000000000001	227.47809319463
0.949000000000001	233.596649777377
0.950000000000001	216.302415369513
0.951000000000001	179.580365347302
0.952000000000001	126.288587455722
0.953000000000001	56.466903510439
0.954000000000001	-19.8179948613386
0.955000000000001	-93.6782623475638
0.956000000000001	-155.437910141743
0.957000000000001	-203.298512632567
0.958000000000001	-226.339148179075
0.959000000000001	-235.995201185214
0.960000000000001	-218.273067537367
0.961000000000001	-182.090832370195
0.962000000000001	-128.650400691495
0.963000000000001	-59.1965169425401
0.964000000000001	16.8055473297686
0.965000000000001	89.2186376294283
0.966000000000001	152.520181524473
0.967000000000001	200.300254317463
0.968000000000001	227.517001694939
0.969000000000001	233.643404223377
0.970000000000001	216.332324503989
0.971000000000001	179.659087925375
0.972000000000001	126.186405619384
0.973000000000001	56.5721169347375
0.974000000000001	-19.781580620753
0.975000000000001	-93.6151851254074
0.976000000000001	-155.319028670792
0.977000000000001	-203.33038959826
0.978000000000001	-226.556965557285
0.979000000000001	-235.743266470999
0.980000000000001	-218.247761163707
0.981000000000001	-182.066389802199
0.982000000000001	-128.613851521699
0.983000000000001	-59.1603280797479
0.984000000000001	16.875751115952
0.985000000000001	89.2766275745903
0.986000000000001	152.563507573624
0.987000000000001	200.430663106234
0.988000000000001	227.421339822363
0.989000000000001	233.684583467961
0.990000000000001	216.362227385576
0.991000000000001	179.681085294785
0.992000000000001	126.18799033283
0.993000000000001	56.6311350920479
0.994000000000001	-19.7526937189194
0.995000000000001	-93.5509007454433
0.996000000000001	-155.255121742176
0.997000000000001	-203.311364992276
0.998000000000001	-226.704159369023
0.999000000000001	-235.557953637107
1	-218.225677519209
1.001	-182.043384895817
1.002	-128.546001211508
1.003	-59.1494595984086
1.004	16.9303044537618
1.005	89.3352104954464
1.006	152.607266510155
1.007	200.501305267162
1.008	227.395351691382
1.009	233.702964621353
1.01	216.400002963473
1.011	179.701103176282
1.012	126.193148479948
1.013	56.6862330578161
1.014	-19.7245768791142
1.015	-93.4907457916291
1.016	-155.158885779749
1.017	-203.325257005818
1.018	-226.811697500929
1.019	-235.417109796579
1.02	-218.223746668681
1.021	-181.996433455178
1.022	-128.463369524691
1.023	-59.1485930053111
1.024	16.9782904882718
1.025	89.3931790541522
1.026	152.648146107239
1.027	200.534239005569
1.028	227.411921164452
1.029	233.712254366364
1.03	216.440528779571
1.031	179.719121620456
1.032	126.197721087909
1.033	56.7398417356505
1.034	-19.6955757432915
1.035	-93.4290123162306
1.036	-154.980321179009
1.037	-203.435947926424
1.038	-226.769090369323
1.039	-235.434058806553
1.04	-218.206498707485
1.041	-181.966629947394
1.042	-128.388166570122
1.043	-59.1260076095457
1.044	17.0257935337196
1.045	89.4437266316344
1.046	152.694138389343
1.047	200.509444911463
1.048	227.560254263049
1.049	233.567021765085
1.05	216.528283611202
1.051	179.738637634218
1.05199999999999	126.31956624227
1.05299999999999	56.6955559607953
1.05399999999999	-19.6744548980625
1.05499999999999	-93.3655886048406
1.05599999999999	-155.008544104984
1.05699999999999	-203.334850064558
1.05799999999999	-226.56306567871
1.05899999999999	-235.623156311144
1.05999999999999	-218.181354972279
1.06099999999999	-181.941576439096
1.06199999999999	-128.329544791009
1.06299999999999	-59.1027633468933
1.06399999999999	17.0841073858031
1.06499999999999	89.4980890988363
1.06599999999999	152.730141377043
1.06699999999999	200.500688000033
1.06799999999999	227.613579700409
1.06899999999999	233.592073371415
1.06999999999999	216.538199415372
1.07099999999999	179.765819378135
1.07199999999999	126.333272862701
1.07299999999999	56.7428595267642
1.07399999999999	-19.647159226404
1.07499999999999	-93.3123550093682
1.07599999999999	-154.942825137272
1.07699999999999	-203.339664913247
1.07799999999999	-226.160814028536
1.07899999999999	-236.013730383537
1.07999999999999	-218.158313664823
1.08099999999999	-181.888120302311
1.08199999999999	-128.309714466265
1.08299999999999	-59.0517630970881
1.08399999999999	17.1477386652112
1.08499999999999	89.5388109654519
1.08599999999999	152.767608533166
1.08699999999999	200.476815074657
1.08799999999999	227.678388611049
1.08899999999999	233.633308219747
1.08999999999999	216.543741830636
1.09099999999999	179.780831485946
1.09199999999999	126.348087473981
1.09299999999999	56.7842523847607
1.09399999999999	-19.6198806530173
1.09499999999999	-93.2572560495139
1.09599999999999	-154.868482876507
1.09699999999999	-203.362055472359
1.09799999999999	-225.974977496978
1.09899999999999	-236.175358563756
1.09999999999999	-218.139723910943
1.10099999999999	-181.841579158528
1.10199999999999	-128.31884762933
1.10299999999999	-58.9904606049158
1.10399999999999	17.2050664299432
1.10499999999999	89.5991923269105
1.10599999999999	152.804669544101
1.10699999999999	200.469977878164
1.10799999999999	227.720810928506
1.10899999999999	233.685613813092
1.10999999999999	216.53895619596
1.11099999999999	179.795015711779
1.11199999999999	126.351363344559
1.11299999999999	56.8365715260387
1.11399999999999	-19.5960444790398
1.11499999999999	-93.2034741353948
1.11599999999999	-154.839134542354
1.11699999999999	-203.347253965327
1.11799999999999	-226.027786594036
1.11899999999999	-236.069001601174
1.11999999999999	-218.126635820653
1.12099999999999	-181.809710481729
1.12199999999999	-128.285949803468
1.12299999999999	-58.9560250135783
1.12399999999999	17.2374226112855
1.12499999999999	89.6629758086532
1.12599999999999	152.839055508377
1.12699999999999	200.487531175391
1.12799999999999	227.727043812
1.12899999999999	233.72873985229
1.12999999999999	216.545110284162
1.13099999999999	179.814045093008
1.13199999999999	126.382442617931
1.13299999999999	56.864005426639
1.13399999999999	-19.576101871834
1.13499999999999	-93.1488986562949
1.13599999999999	-154.834681409476
1.13699999999999	-203.330676390698
1.13799999999999	-226.28650166046
1.13899999999999	-235.743471777853
1.13999999999999	-218.107704999212
1.14099999999999	-181.780192016766
1.14199999999999	-128.274073859519
1.14299999999998	-58.9070049368156
1.14399999999998	17.2782327175546
1.14499999999998	89.7211265637011
1.14599999999998	152.875532832726
1.14699999999998	200.515243048046
1.14799999999998	227.70798214998
1.14899999999998	233.75837417157
1.14999999999998	216.578526449788
1.15099999999998	179.826254191792
1.15199999999998	126.414759505835
1.15299999999998	56.8920967647872
1.15399999999998	-19.5513930026409
1.15499999999998	-93.098749372881
1.15599999999998	-154.814226005511
1.15699999999998	-203.289274324654
1.15799999999998	-226.818311538293
1.15899999999998	-235.189870021304
1.15999999999998	-218.09192471929
1.16099999999998	-181.759882652759
1.16199999999998	-128.240700755258
1.16299999999998	-58.8581416337778
1.16399999999998	17.312371021738
1.16499999999998	89.7754439041543
1.16599999999998	152.907382876775
1.16699999999998	200.544080667258
1.16799999999998	227.680391523683
1.16899999999998	233.791400689476
1.16999999999998	216.609715341832
1.17099999999998	179.842379520067
1.17199999999998	126.443378801728
1.17299999999998	56.9213030644756
1.17399999999998	-19.532824822952
1.17499999999998	-93.046618081277
1.17599999999998	-154.798611563184
1.17699999999998	-203.206654470287
1.17799999999998	-227.132224038005
1.17899999999998	-234.911474910545
1.17999999999998	-218.053394315313
1.18099999999998	-181.743073999808
1.18199999999998	-128.217853506356
1.18299999999998	-58.7993011146336
1.18399999999998	17.34365864498
1.18499999999998	89.8266450322587
1.18599999999998	152.939468026264
1.18699999999998	200.565384029578
1.18799999999998	227.645478052626
1.18899999999998	233.852497248485
1.18999999999998	216.636536370059
1.19099999999998	179.845330654056
1.19199999999998	126.467564516362
1.19299999999998	56.9564949130877
1.19399999999998	-19.5237284101612
1.19499999999998	-92.9870591720599
1.19599999999998	-154.774270998161
1.19699999999998	-203.146608970665
1.19799999999998	-227.073398421571
1.19899999999998	-234.988722074108
1.19999999999998	-218.020377088921
1.20099999999998	-181.716916583573
1.20199999999998	-128.171239288201
1.20299999999998	-58.7832156745241
1.20399999999998	17.3828429301436
1.20499999999998	89.8708103375433
1.20599999999998	152.971936057453
1.20699999999998	200.579322568436
1.20799999999998	227.635872425743
1.20899999999998	233.894327145418
1.20999999999998	216.678463028393
1.21099999999998	179.830202847255
1.21199999999998	126.487121689682
1.21299999999998	56.997474097325
1.21399999999998	-19.5096463518501
1.21499999999998	-92.9350506776339
1.21599999999998	-154.742228142308
1.21699999999998	-203.155222286364
1.21799999999998	-226.884130170162
1.21899999999998	-235.129495068073
1.21999999999998	-218.004955802943
1.22099999999998	-181.683771727419
1.22199999999998	-128.189945854883
1.22299999999998	-58.7088228406021
1.22399999999998	17.4196100654355
1.22499999999998	89.9216695460734
1.22599999999998	153.000160742437
1.22699999999998	200.59359296922
1.22799999999998	227.59517665187
1.22899999999998	233.959710205259
1.22999999999998	216.700728497196
1.23099999999998	179.835623080519
1.23199999999998	126.512241835846
1.23299999999998	57.0332170865169
1.23399999999997	-19.4991563390466
1.23499999999997	-92.8801271193901
1.23599999999997	-154.721682817519
1.23699999999997	-203.130554641962
1.23799999999997	-226.806383582836
1.23899999999997	-235.166204266934
1.23999999999997	-218.009002769002
1.24099999999997	-181.653743297943
1.24199999999997	-128.148808601064
1.24299999999997	-58.6876812691346
1.24399999999997	17.4569370827205
1.24499999999997	89.966114404643
1.24599999999997	153.02920311077
1.24699999999997	200.619162792203
1.24799999999997	227.560879201081
1.24899999999997	233.998622205249
1.24999999999997	216.710963955653
1.25099999999997	179.854637033635
1.25199999999997	126.542026618578
1.25299999999997	57.0680149420207
1.25399999999997	-19.4872285553562
1.25499999999997	-92.8296184575512
1.25599999999997	-154.694136998953
1.25699999999997	-203.110369765479
1.25799999999997	-226.641017334721
1.25899999999997	-235.294083557074
1.25999999999997	-218.003112998486
1.26099999999997	-181.632699564018
1.26199999999997	-128.116609034145
1.26299999999997	-58.6667472331384
1.26399999999997	17.5037454165044
1.26499999999997	90.0039703339312
1.26599999999997	153.057704629208
1.26699999999997	200.647308285893
1.26799999999997	227.596481577661
1.26899999999997	233.975617331727
1.26999999999997	216.712851498693
1.27099999999997	179.875841795712
1.27199999999997	126.565172741765
1.27299999999997	57.1004718768807
1.27399999999997	-19.4662930215527
1.27499999999997	-92.7896218436469
1.27599999999997	-154.66842631577
1.27699999999997	-203.07604250858
1.27799999999997	-226.535415577683
1.27899999999997	-235.364266649425
1.27999999999997	-218.007223281323
1.28099999999997	-181.614465005664
1.28199999999997	-128.077979859909
1.28299999999997	-58.6607269824943
1.28399999999997	17.547410242067
1.28499999999997	90.0479047461708
1.28599999999997	153.085261911936
1.28699999999997	200.678049131891
1.28799999999997	227.62063612552
1.28899999999997	233.957127851663
1.28999999999997	216.72087425159
1.29099999999997	179.89168394778
1.29199999999997	126.586658749159
1.29299999999997	57.1347906888834
1.29399999999997	-19.4483536615829
1.29499999999997	-92.7493402307169
1.29599999999997	-154.635864167662
1.29699999999997	-203.065199286183
1.29799999999997	-227.175826821123
1.29899999999997	-234.561381429567
1.29999999999997	-218.109676740404
1.30099999999997	-181.618151192129
1.30199999999997	-128.056184383345
1.30299999999997	-58.6356350570428
1.30399999999997	17.5921571701041
1.30499999999997	90.0788888618419
1.30599999999997	153.114803528644
1.30699999999997	200.704963052184
1.30799999999997	227.601847672106
1.30899999999997	233.975357344581
1.30999999999997	216.72663546415
1.31099999999997	179.915753260839
1.31199999999997	126.61389723869
1.31299999999997	57.1680938227985
1.31399999999997	-19.433007633224
1.31499999999997	-92.7086920409317
1.31599999999997	-154.614477110819
1.31699999999997	-203.011036989837
1.31799999999997	-226.796838494118
1.31899999999997	-234.959726782145
1.31999999999997	-218.077204423036
1.32099999999997	-181.604588530105
1.32199999999997	-128.020602891314
1.32299999999997	-58.6137502560489
1.32399999999996	17.6188755592146
1.32499999999996	90.1186934860523
1.32599999999996	153.144086821365
1.32699999999996	200.730941055175
1.32799999999996	227.574671363997
1.32899999999996	234.007560348802
1.32999999999996	216.734077175978
1.33099999999996	179.933561888014
1.33199999999996	126.642144380759
1.33299999999996	57.1957805157734
1.33399999999996	-19.4304338147267
1.33499999999996	-92.6578285624982
1.33599999999996	-154.589813770155
1.33699999999996	-202.969046915812
1.33799999999996	-226.499334327162
1.33899999999996	-235.293701833685
1.33999999999996	-218.033813756821
1.34099999999996	-181.574952475413
1.34199999999996	-127.983203091699
1.34299999999996	-58.600362461251
1.34399999999996	17.6328314870229
1.34499999999996	90.1699933530166
1.34599999999996	153.171467914239
1.34699999999996	200.755437079886
1.34799999999996	227.600944708267
1.34899999999996	233.98893483052
1.34999999999996	216.736227833951
1.35099999999996	179.955195113407
1.35199999999996	126.669438918511
1.35299999999996	57.2209714771134
1.35399999999996	-19.4226924613518
1.35499999999996	-92.6138298451664
1.35599999999996	-154.574262434414
1.35699999999996	-202.938754632377
1.35799999999996	-226.134334058811
1.35899999999996	-235.669379848966
1.35999999999996	-218.00418240636
1.36099999999996	-181.541529826674
1.36199999999996	-127.949968109618
1.36299999999996	-58.586442384656
1.36399999999996	17.6654590089044
1.36499999999996	90.2061433001781
1.36599999999996	153.193800974342
1.36699999999996	200.775545061774
1.36799999999996	227.662706488164
1.36899999999996	233.9421404478
1.36999999999996	216.751531358343
1.37099999999996	179.959204752939
1.37199999999996	126.695073337528
1.37299999999996	57.24589197431
1.37399999999996	-19.4154170187551
1.37499999999996	-92.5706267128057
1.37599999999996	-154.552095172174
1.37699999999996	-202.906891372553
1.37799999999996	-225.90634635797
1.37899999999996	-235.89838344348
1.37999999999996	-217.984459658031
1.38099999999996	-181.523434291731
1.38199999999996	-127.912900531433
1.38299999999996	-58.5728587534423
1.38399999999996	17.6748414370559
1.38499999999996	90.2596788868008
1.38599999999996	153.218532634105
1.38699999999996	200.799235877593
1.38799999999996	227.684621926969
1.38899999999996	233.934902770211
1.38999999999996	216.773513250966
1.39099999999996	179.947997465653
1.39199999999996	126.723767953451
1.39299999999996	57.270673947586
1.39399999999996	-19.4077657100853
1.39499999999996	-92.5284529719552
1.39599999999996	-154.532006293152
1.39699999999996	-202.850899756028
1.39799999999996	-225.802617879347
1.39899999999996	-236.035235985833
1.39999999999996	-217.930713809901
1.40099999999996	-181.53257214064
1.40199999999996	-127.87257398346
1.40299999999996	-58.5662648389079
1.40399999999996	17.6831041825204
1.40499999999996	90.31205354798
1.40599999999996	153.245047686434
1.40699999999996	200.831937313835
1.40799999999996	227.665120425881
1.40899999999996	233.960483168935
1.40999999999996	216.805413399706
1.41099999999996	179.925271042347
1.41199999999996	126.75729779627
1.41299999999996	57.2853937669082
1.41399999999996	-19.3958623727101
1.41499999999995	-92.4902681618167
1.41599999999995	-154.502902984966
1.41699999999995	-202.801757889634
1.41799999999995	-225.782693391083
1.41899999999995	-236.084116103362
1.41999999999995	-217.898032632729
1.42099999999995	-181.52602121664
1.42199999999995	-127.826321024802
1.42299999999995	-58.5696043490462
1.42399999999995	17.7009932616485
1.42499999999995	90.3550126617867
1.42599999999995	153.269211390971
1.42699999999995	200.880933664989
1.42799999999995	227.640116594803
1.42899999999995	233.970983742227
1.42999999999995	216.828836880484
1.43099999999995	179.915954669127
1.43199999999995	126.797273059224
1.43299999999995	57.2913629422003
1.43399999999995	-19.3979271359767
1.43499999999995	-92.4400534382441
1.43599999999995	-154.477637182273
1.43699999999995	-202.746111190504
1.43799999999995	-225.829323579892
1.43899999999995	-236.072274639191
1.43999999999995	-217.848021620806
1.44099999999995	-181.539078120284
1.44199999999995	-127.781469112584
1.44299999999995	-58.5804429393205
1.44399999999995	17.7119646366945
1.44499999999995	90.4052100098253
1.44599999999995	153.300226347716
1.44699999999995	200.919722456765
1.44799999999995	227.656518854344
1.44899999999995	233.943729201108
1.44999999999995	216.847031114126
1.45099999999995	179.921044353246
1.45199999999995	126.835857348187
1.45299999999995	57.293493258941
1.45399999999995	-19.4013823370759
1.45499999999995	-92.389466843777
1.45599999999995	-154.451776430457
1.45699999999995	-202.688391272059
1.45799999999995	-225.915542286235
1.45899999999995	-236.010775675624
1.45999999999995	-217.839316882269
1.46099999999995	-181.520863985696
1.46199999999995	-127.72579659735
1.46299999999995	-58.5997334302736
1.46399999999995	17.7234990073887
1.46499999999995	90.4530577110286
1.46599999999995	153.322283456873
1.46699999999995	200.945151371591
1.46799999999995	227.705649488203
1.46899999999995	233.897177975382
1.46999999999995	216.865690578471
1.47099999999995	179.928478789466
1.47199999999995	126.863620770316
1.47299999999995	57.3004037219794
1.47399999999995	-19.3776827633666
1.47499999999995	-92.3657342691154
1.47599999999995	-154.431579436095
1.47699999999995	-202.638845096869
1.47799999999995	-226.032349979525
1.47899999999995	-235.905632342571
1.47999999999995	-217.877000821755
1.48099999999995	-181.456257349541
1.48199999999995	-127.678811803295
1.48299999999995	-58.6099675560181
1.48399999999995	17.7381440249143
1.48499999999995	90.4881052468984
1.48599999999995	153.347305095865
1.48699999999995	200.966430333166
1.48799999999995	227.722498419208
1.48899999999995	233.887206954468
1.48999999999995	216.882203915817
1.49099999999995	179.939557686974
1.49199999999995	126.891491068111
1.49299999999995	57.3047851391197
1.49399999999995	-19.3999491090347
1.49499999999995	-92.2989199061077
1.49599999999995	-154.408672539239
1.49699999999995	-202.592116418618
1.49799999999995	-226.176560170459
1.49899999999995	-235.783001603782
1.49999999999995	-217.905354007361
1.50099999999995	-181.394101574522
1.50199999999995	-127.65445291927
1.50299999999995	-58.5998201286467
1.50399999999995	17.7885399180663
1.50499999999995	90.4963825426894
1.50599999999994	153.362328386475
1.50699999999994	200.99519347493
1.50799999999994	227.735445206976
1.50899999999994	233.874142711477
1.50999999999994	216.895239296723
1.51099999999994	179.954563774783
1.51199999999994	126.917220093723
1.51299999999994	57.3082305416572
1.51399999999994	-19.4049206625494
1.51499999999994	-92.2487046551724
1.51599999999994	-154.390699080649
1.51699999999994	-202.537251535389
1.51799999999994	-226.352447196297
1.51899999999994	-235.648938807703
1.51999999999994	-217.899306361986
1.52099999999994	-181.353275216745
1.52199999999994	-127.638195483707
1.52299999999994	-58.5823745726868
1.52399999999994	17.818092823926
1.52499999999994	90.5159208371021
1.52599999999994	153.384520062573
1.52699999999994	201.019498062244
1.52799999999994	227.736022021493
1.52899999999994	233.877238156869
1.52999999999994	216.905189591178
1.53099999999994	179.971426304152
1.53199999999994	126.941059580245
1.53299999999994	57.3120088146494
1.53399999999994	-19.3816369449965
1.53499999999994	-92.2279875870487
1.53599999999994	-154.369761387925
1.53699999999994	-202.515968100267
1.53799999999994	-226.472880307214
1.53899999999994	-235.563760594534
1.53999999999994	-217.854765555901
1.54099999999994	-181.327494363573
1.54199999999994	-127.63099570657
1.54299999999994	-58.5572738737681
1.54399999999994	17.8405591347356
1.54499999999994	90.5321621989146
1.54599999999994	153.414630942471
1.54699999999994	201.061393708376
1.54799999999994	227.715335067011
1.54899999999994	233.888940574711
1.54999999999994	216.915409274545
1.55099999999994	179.982014707664
1.55199999999994	126.964266494567
1.55299999999994	57.3130457347895
1.55399999999994	-19.3460900661617
1.55499999999994	-92.2180807861946
1.55599999999994	-154.346067653861
1.55699999999994	-202.515970573616
1.55799999999994	-226.566629215708
1.55899999999994	-235.454906027075
1.55999999999994	-217.841536208767
1.56099999999994	-181.301138549369
1.56199999999994	-127.627047633561
1.56299999999994	-58.5317901274314
1.56399999999994	17.8442736332478
1.56499999999994	90.5675904437276
1.56599999999994	153.441619134551
1.56699999999994	201.123105027871
1.56799999999994	227.648787063039
1.56899999999994	233.926427328826
1.56999999999994	216.928671240304
1.57099999999994	179.988096127696
1.57199999999994	126.984608632745
1.57299999999994	57.3154842467922
1.57399999999994	-19.319725583221
1.57499999999994	-92.1991778169847
1.57599999999994	-154.327740287693
1.57699999999994	-202.497534537537
1.57799999999994	-226.670639445899
1.57899999999994	-235.33875700197
1.57999999999994	-217.842666183931
1.58099999999994	-181.273579218478
1.58199999999994	-127.620779681851
1.58299999999994	-58.5161348236438
1.58399999999994	17.8522201155131
1.58499999999994	90.6211463589635
1.58599999999994	153.450594660472
1.58699999999994	201.161340385449
1.58799999999994	227.592734629741
1.58899999999994	233.975431021675
1.58999999999994	216.940933684759
1.59099999999994	179.994681194863
1.59199999999994	127.002947405958
1.59299999999994	57.3190593200683
1.59399999999994	-19.3044230281663
1.59499999999994	-92.170544054086
1.59599999999994	-154.307881890725
1.59699999999993	-202.470514460764
1.59799999999993	-226.749214196726
1.59899999999993	-235.273361966412
1.59999999999993	-217.835021369753
1.60099999999993	-181.241004113117
1.60199999999993	-127.6160607253
1.60299999999993	-58.4953579272488
1.60399999999993	17.8674679701761
1.60499999999993	90.6691888400925
1.60599999999993	153.4502096319
1.60699999999993	201.206426626763
1.60799999999993	227.578375830383
1.60899999999993	233.973023297904
1.60999999999993	216.956659532511
1.61099999999993	179.999428772726
1.61199999999993	127.020278459565
1.61299999999993	57.3220024987432
1.61399999999993	-19.2687533434345
1.61499999999993	-92.1613996776775
1.61599999999993	-154.286505058401
1.61699999999993	-202.459397481049
1.61799999999993	-226.831061802685
1.61899999999993	-235.201639364839
1.61999999999993	-217.837491887753
1.62099999999993	-181.19014269862
1.62199999999993	-127.608807480913
1.62299999999993	-58.4710888833367
1.62399999999993	17.8756876287953
1.62499999999993	90.6947054747638
1.62599999999993	153.473278579047
1.62699999999993	201.263160997968
1.62799999999993	227.559857251162
1.62899999999993	233.961617930187
1.62999999999993	216.970992958655
1.63099999999993	180.005251399987
1.63199999999993	127.036557378572
1.63299999999993	57.3250981047778
1.63399999999993	-19.2273467106291
1.63499999999993	-92.1597439965211
1.63599999999993	-154.269171505255
1.63699999999993	-202.464232216276
1.63799999999993	-226.840487864079
1.63899999999993	-235.199017002527
1.63999999999993	-217.822045492728
1.64099999999993	-181.143000183272
1.64199999999993	-127.597288404858
1.64299999999993	-58.4519016585398
1.64399999999993	17.8757282737122
1.64499999999993	90.7410091962661
1.64599999999993	153.482791370158
1.64699999999993	201.301156181276
1.64799999999993	227.549246611541
1.64899999999993	233.962109768141
1.64999999999993	216.978862530211
1.65099999999993	180.016487684747
1.65199999999993	127.049387711758
1.65299999999993	57.32895271533
1.65399999999993	-19.1981711354179
1.65499999999993	-92.146569399274
1.65599999999993	-154.250426514932
1.65699999999993	-202.458155522957
1.65799999999993	-226.831338961774
1.65899999999993	-235.124907626831
1.65999999999993	-217.873552253406
1.66099999999993	-181.13337943792
1.66199999999993	-127.584751131961
1.66299999999993	-58.4335199780713
1.66399999999993	17.8794695247432
1.66499999999993	90.7754254467994
1.66599999999993	153.497923082572
1.66699999999993	201.332084320649
1.66799999999993	227.494312172998
1.66899999999993	234.015955217583
1.66999999999993	216.983842762045
1.67099999999993	180.028847630115
1.67199999999993	127.060047475111
1.67299999999993	57.3337724854054
1.67399999999993	-19.1707467328505
1.67499999999993	-92.1335090109481
1.67599999999993	-154.234275288384
1.67699999999993	-202.466924688771
1.67799999999993	-226.847726775592
1.67899999999993	-235.095910806046
1.67999999999993	-217.81845419973
1.68099999999993	-181.147265977011
1.68199999999993	-127.568266157498
1.68299999999993	-58.4205225791966
1.68399999999993	17.8853792847199
1.68499999999993	90.8178210207839
1.68599999999993	153.504352226613
1.68699999999993	201.357869915841
1.68799999999992	227.475539032502
1.68899999999992	234.031551292681
1.68999999999992	216.992413707859
1.69099999999992	180.043870771032
1.69199999999992	127.067756963174
1.69299999999992	57.3408115122111
1.69399999999992	-19.1531861749071
1.69499999999992	-92.111782371662
1.69599999999992	-154.218942494177
1.69699999999992	-202.486758672366
1.69799999999992	-226.8746280238
1.69899999999992	-235.054646598273
1.69999999999992	-217.781887434652
1.70099999999992	-181.137892745858
1.70199999999992	-127.549793773568
1.70299999999992	-58.4054464618266
1.70399999999992	17.8962212166713
1.70499999999992	90.8462228600182
1.70599999999992	153.516671942923
1.70699999999992	201.377674225174
1.70799999999992	227.459985831626
1.70899999999992	234.054607115503
1.70999999999992	216.992377248183
1.71099999999992	180.061552267742
1.71199999999992	127.07320655312
1.71299999999992	57.3507137981168
1.71399999999992	-19.1178207967285
1.71499999999992	-92.1094732455016
1.71599999999992	-154.20494705728
1.71699999999992	-202.50002081651
1.71799999999992	-226.911613624787
1.71899999999992	-234.928155344858
1.71999999999992	-217.854314274768
1.72099999999992	-181.101352695704
1.72199999999992	-127.533864296996
1.72299999999992	-58.3915406767415
1.72399999999992	17.9058425000091
1.72499999999992	90.8758798652947
1.72599999999992	153.528663662489
1.72699999999992	201.391869504916
1.72799999999992	227.431037467012
1.72899999999992	234.090841335164
1.72999999999992	216.995876716905
1.73099999999992	180.080585805828
1.73199999999992	127.079242732744
1.73299999999992	57.361509578021
1.73399999999992	-19.0808952783496
1.73499999999992	-92.1108966267708
1.73599999999992	-154.187625525551
1.73699999999992	-202.497722182951
1.73799999999992	-226.967189442439
1.73899999999992	-234.853181820303
1.73999999999992	-217.863823013457
1.74099999999992	-181.076259902613
1.74199999999992	-127.522971278094
1.74299999999992	-58.3752693289451
1.74399999999992	17.912782816879
1.74499999999992	90.9057727466892
1.74599999999992	153.541055027497
1.74699999999992	201.403873122216
1.74799999999992	227.425767497617
1.74899999999992	234.100267628577
1.74999999999992	217.000657423728
1.75099999999992	180.102384171148
1.75199999999992	127.086813318781
1.75299999999992	57.3714410684819
1.75399999999992	-19.0620164257384
1.75499999999992	-92.0974433784942
1.75599999999992	-154.170721013073
1.75699999999992	-202.48600038071
1.75799999999992	-227.003697452273
1.75899999999992	-234.819156142838
1.75999999999992	-217.848721270889
1.76099999999992	-181.062566196798
1.76199999999992	-127.519718108668
1.76299999999992	-58.3543222413857
1.76399999999992	17.924475403429
1.76499999999992	90.9331210003605
1.76599999999992	153.550665406919
1.76699999999992	201.416057736675
1.76799999999992	227.414163971123
1.76899999999992	234.119925388792
1.76999999999992	217.007770087912
1.77099999999992	180.116516573998
1.77199999999992	127.095129582067
1.77299999999992	57.3808986850143
1.77399999999992	-19.0470151714515
1.77499999999992	-92.0821927416704
1.77599999999992	-154.156031650257
1.77699999999992	-202.453449748191
1.77799999999991	-227.033843804146
1.77899999999991	-234.854272981452
1.77999999999991	-217.79018884807
1.78099999999991	-181.049423185556
1.78199999999991	-127.519654860716
1.78299999999991	-58.3294223397773
1.78399999999991	17.9461101211453
1.78499999999991	90.9498710091952
1.78599999999991	153.557952167487
1.78699999999991	201.427117520828
1.78799999999991	227.406897685224
1.78899999999991	234.137901674911
1.78999999999991	217.01472623915
1.79099999999991	180.127343189935
1.79199999999991	127.103640036603
1.79299999999991	57.3909252014951
1.79399999999991	-19.0171720995333
1.79499999999991	-92.0823061439993
1.79599999999991	-154.138706114411
1.79699999999991	-202.433969365979
1.79799999999991	-227.036190905458
1.79899999999991	-234.881767856947
1.79999999999991	-217.756274349584
1.80099999999991	-181.039640191517
1.80199999999991	-127.509549120169
1.80299999999991	-58.3137759868487
1.80399999999991	17.9410762386852
1.80499999999991	90.9857950264159
1.80599999999991	153.570602086219
1.80699999999991	201.4356211597
1.80799999999991	227.386604171031
1.80899999999991	234.167639937596
1.80999999999991	217.022122074223
1.81099999999991	180.140196977469
1.81199999999991	127.112151925774
1.81299999999991	57.4010513032618
1.81399999999991	-18.9871749769349
1.81499999999991	-92.0860163344202
1.81599999999991	-154.12865626101
1.81699999999991	-202.398528297181
1.81799999999991	-227.032743879293
1.81899999999991	-234.906605281975
1.81999999999991	-217.733633446479
1.82099999999991	-181.035434944296
1.82199999999991	-127.49799419689
1.82299999999991	-58.300057596346
1.82399999999991	17.9341406895335
1.82499999999991	91.0242838821524
1.82599999999991	153.581197624169
1.82699999999991	201.438567888253
1.82799999999991	227.372686004456
1.82899999999991	234.196139188246
1.82999999999991	217.028219126961
1.83099999999991	180.153867821755
1.83199999999991	127.120950998231
1.83299999999991	57.4099507305562
1.83399999999991	-18.9644730816831
1.83499999999991	-92.0836855252738
1.83599999999991	-154.111498249358
1.83699999999991	-202.383699985646
1.83799999999991	-227.01341338887
1.83899999999991	-234.937806832934
1.83999999999991	-217.705444104494
1.84099999999991	-181.032295559464
1.84199999999991	-127.48898707612
1.84299999999991	-58.2862344825732
1.84399999999991	17.936177472754
1.84499999999991	91.0490203286813
1.84599999999991	153.595297323197
1.84699999999991	201.443612825004
1.84799999999991	227.365508588918
1.84899999999991	234.216992008552
1.84999999999991	217.033894879758
1.85099999999991	180.165789234628
1.85199999999991	127.128231254447
1.85299999999991	57.4199597946992
1.85399999999991	-18.9454616832357
1.85499999999991	-92.0770591116918
1.85599999999991	-154.100083746958
1.85699999999991	-202.368669362199
1.85799999999991	-227.007222611436
1.85899999999991	-234.938902660521
1.85999999999991	-217.701764813692
1.86099999999991	-181.018688715757
1.86199999999991	-127.48272840369
1.86299999999991	-58.2715326233948
1.86399999999991	17.9359110393575
1.86499999999991	91.0818501678878
1.86599999999991	153.603402481197
1.86699999999991	201.453587515433
1.86799999999991	227.358659122938
1.8689999999999	234.231325340181
1.8699999999999	217.040753913391
1.8709999999999	180.176723679659
1.8719999999999	127.137091108634
1.8729999999999	57.4286139904248
1.8739999999999	-18.9264185007608
1.8749999999999	-92.0716880992838
1.8759999999999	-154.085649853881
1.8769999999999	-202.328929774006
1.8779999999999	-227.037846216781
1.8789999999999	-234.961044219925
1.8799999999999	-217.675472027035
1.8809999999999	-180.99940360778
1.8819999999999	-127.475285439124
1.8829999999999	-58.2582801300179
1.8839999999999	17.9272238672835
1.8849999999999	91.1247587913451
1.8859999999999	153.6087781054
1.8869999999999	201.468418215315
1.8879999999999	227.34869838117
1.8889999999999	234.241405078299
1.8899999999999	217.048038308091
1.8909999999999	180.188496803645
1.8919999999999	127.146689747616
1.8929999999999	57.4357055721634
1.8939999999999	-18.9094929614391
1.8949999999999	-92.0655058586352
1.8959999999999	-154.071507040429
1.8969999999999	-202.323989430136
1.8979999999999	-227.047792491123
1.8989999999999	-234.918968283012
1.8999999999999	-217.71830236906
1.9009999999999	-180.962592809784
1.9019999999999	-127.466734941757
1.9029999999999	-58.2449997809248
1.9039999999999	17.9135438593754
1.9049999999999	91.169282269112
1.9059999999999	153.61590271474
1.9069999999999	201.484483761988
1.9079999999999	227.335252624794
1.9089999999999	234.253020403011
1.9099999999999	217.054141165973
1.9109999999999	180.200894729836
1.9119999999999	127.155853436669
1.9129999999999	57.4428466690597
1.9139999999999	-18.8941995416083
1.9149999999999	-92.058041993069
1.9159999999999	-154.059291733501
1.9169999999999	-202.305861484589
1.9179999999999	-227.068831869382
1.9189999999999	-234.886228160543
1.9199999999999	-217.742958431665
1.9209999999999	-180.936437073355
1.9219999999999	-127.456386836715
1.9229999999999	-58.2336958747699
1.9239999999999	17.9053626082368
1.9249999999999	91.2055722857127
1.9259999999999	153.624453243244
1.9269999999999	201.504485620888
1.9279999999999	227.317301230158
1.9289999999999	234.265522558981
1.9299999999999	217.059055240668
1.9309999999999	180.213134259151
1.9319999999999	127.164533818464
1.9329999999999	57.4479460829706
1.9339999999999	-18.8760543462372
1.9349999999999	-92.0528826192351
1.9359999999999	-154.047419052356
1.9369999999999	-202.293747266643
1.9379999999999	-227.089630279897
1.9389999999999	-234.857484874093
1.9399999999999	-217.743918100272
1.9409999999999	-180.924969076917
1.9419999999999	-127.444787787548
1.9429999999999	-58.223003489837
1.9439999999999	17.935342628543
1.9449999999999	91.2000387824382
1.9459999999999	153.634600516129
1.9469999999999	201.526721390117
1.9479999999999	227.296323663279
1.9489999999999	234.279025902398
1.9499999999999	217.064289941214
1.9509999999999	180.224640735646
1.9519999999999	127.171636906833
1.9529999999999	57.4543073095831
1.9539999999999	-18.8608316768086
1.9549999999999	-92.0439137605397
1.9559999999999	-154.036756801891
1.9569999999999	-202.300561901436
1.9579999999999	-227.084492012607
1.9589999999999	-234.846455320725
1.95999999999989	-217.716921623747
1.96099999999989	-180.932955022392
1.96199999999989	-127.433098088853
1.96299999999989	-58.2127164405223
1.96399999999989	17.9549658391396
1.96499999999989	91.2046417928156
1.96599999999989	153.644000516184
1.96699999999989	201.548287614632
1.96799999999989	227.276249421638
1.96899999999989	234.289256793723
1.96999999999989	217.071134528892
1.97099999999989	180.236168948333
1.97199999999989	127.178647215915
1.97299999999989	57.4615833600306
1.97399999999989	-18.8517792307037
1.97499999999989	-92.0300281094899
1.97599999999989	-154.027210370415
1.97699999999989	-202.285651977562
1.97799999999989	-227.096379197163
1.97899999999989	-234.840379153922
1.97999999999989	-217.678618638653
1.98099999999989	-180.952392843056
1.98199999999989	-127.421519239898
1.98299999999989	-58.203372545789
1.98399999999989	17.9761349651729
1.98499999999989	91.211501749547
1.98599999999989	153.648755232916
1.98699999999989	201.565069220314
1.98799999999989	227.261753490712
1.98899999999989	234.296283832084
1.98999999999989	217.079571345808
1.99099999999989	180.248363789866
1.99199999999989	127.185321905544
1.99299999999989	57.4687603576826
1.99399999999989	-18.8444042961359
1.99499999999989	-92.0152261178987
1.99599999999989	-154.017606539114
1.99699999999989	-202.276395696672
1.99799999999989	-227.103456967784
1.99899999999989	-234.836945289924
2	-217.641920481844
