"Time [s]"	"RingSolidLoss(EndConnection) [kW]"
0	0
0.001	0.238225467217584
0.002	1.24445054806223
0.003	2.82788776508429
0.004	4.5906934095931
0.005	6.30855765994132
0.006	7.82026107382901
0.007	8.92222465060209
0.008	9.46980837436778
0.009	9.46237124664531
0.01	9.07943150363754
0.011	8.43050173291142
0.012	7.51540655933751
0.013	6.48656730828094
0.014	5.46184950990237
0.015	4.47903225045467
0.016	3.6207534357901
0.017	2.94438555687391
0.018	2.50906242288354
0.019	2.28683093891161
0.02	2.31261588901321
0.021	2.56114807088792
0.022	2.9158991107318
0.023	3.36313491556019
0.024	3.79386848206816
0.025	4.1990903026795
0.026	4.54510360077879
0.027	4.88845591796734
0.028	5.05380524545977
0.029	5.02562519463303
0.03	4.92755521550307
0.031	4.81246948368811
0.032	4.62803480938294
0.033	4.45479016425202
0.034	4.32541466421586
0.035	4.1940437725085
0.036	4.05539664642116
0.037	3.84789327075727
0.038	3.70716412351584
0.039	3.60927808148145
0.04	3.61194498931533
0.041	3.76697554037359
0.042	3.86348531709034
0.043	3.97859686304511
0.044	4.02988651846157
0.045	4.06949976468603
0.046	4.11809006913031
0.047	4.24485237161865
0.048	4.29362705467315
0.049	4.24235345883719
0.05	4.17763522612467
0.051	4.14611772630379
0.052	4.0950461985304
0.053	4.101389621513
0.054	4.15662278390891
0.055	4.20313683518081
0.056	4.20603299020868
0.057	4.10697787323731
0.058	4.02199415800332
0.059	3.958685932175
0.06	3.94432908531012
0.061	4.06582762241562
0.062	4.09021924238366
0.063	4.12727222425171
0.064	4.09594481921591
0.065	4.0533634097656
0.066	4.03100442015849
0.067	4.10511420253523
0.068	4.13119368564269
0.069	4.07939136586151
0.07	4.0197984070067
0.071	4.00049318271049
0.0720000000000001	3.97783402178615
0.0730000000000001	4.02424548371402
0.0740000000000001	4.11669728284983
0.0750000000000001	4.1987803483102
0.0760000000000001	4.23064010739573
0.0770000000000001	4.15824940432958
0.0780000000000001	4.08960075804051
0.0790000000000001	4.0377537214739
0.0800000000000001	4.01754976818612
0.0810000000000001	4.1236136053138
0.0820000000000001	4.12752041808163
0.0830000000000001	4.14967814432293
0.0840000000000001	4.10531534367942
0.0850000000000001	4.04819607164593
0.0860000000000001	4.00850348582826
0.0870000000000001	4.06809094154121
0.0880000000000001	4.09233642161299
0.0890000000000001	4.04485829589207
0.0900000000000001	3.98626764411199
0.0910000000000001	3.96635258237135
0.0920000000000001	3.95138319333276
0.0930000000000001	4.00612358870094
0.0940000000000001	4.10328345315924
0.0950000000000001	4.1895324469017
0.0960000000000001	4.22536213171645
0.0970000000000001	4.16033176216084
0.0980000000000001	4.10034115264703
0.0990000000000001	4.05436237909987
0.1	4.03159389324102
0.101	4.1252029999942
0.102	4.12415535230977
0.103	4.14545266101181
0.104	4.10318387925849
0.105	4.04647838735589
0.106	4.00161938619052
0.107	4.05501774467993
0.108	4.08115751055896
0.109	4.03843231769469
0.11	3.98042542741968
0.111	3.95807701713357
0.112	3.94650116865484
0.113	4.00207507482446
0.114	4.09707296797356
0.115	4.18064397974094
0.116	4.2148641554629
0.117	4.15226826299369
0.118	4.0987646879744
0.119	4.05616721160901
0.12	4.03297685030077
0.121	4.11569810440831
0.122	4.11332590211327
0.123	4.13714114345567
0.124	4.09972219894083
0.125	4.04629617926547
0.126	3.9992006104328
0.127	4.04822652537271
0.128	4.07648078532263
0.129	4.03822609803939
0.13	3.98087007414114
0.131	3.9552322044841
0.132	3.94718236383895
0.133	4.00177397843984
0.134	4.09356937719206
0.135	4.17321673499993
0.136	4.2046616242403
0.137	4.14304580067016
0.138	4.09489570339685
0.139	4.05540341229671
0.14	4.03154925099719
0.141	4.10516271930653
0.142	4.1022966615117
0.143	4.12913690467959
0.144	4.09667882942725
0.145	4.04683362744397
0.146	3.99839537330943
0.147	4.04355498961049
0.148	4.07348611188764
0.149	4.03940154843089
0.15	3.98274282184553
0.151	3.95475513562311
0.152	3.94872894897935
0.153	4.00251381504352
0.154	4.0913404961873
0.155	4.16710832636031
0.156	4.19566357108616
0.157	4.13446552853219
0.158	4.09092608643402
0.159	4.0539727161316
0.16	4.02940166753255
0.161	4.09566320030748
0.162	4.0930841373889
0.163	4.11670405431708
0.164	4.09501412757658
0.165	4.04796927540633
0.166	3.99830840758098
0.167	4.03973369525012
0.168	4.07087550868635
0.169	4.04049261595423
0.17	3.98453598557284
0.171	3.95561258505567
0.172	3.94983912553917
0.173	4.00341696804266
0.174	4.0896062093627
0.175	4.16188331157304
0.176	4.18775952443772
0.177	4.12680865959805
0.178	4.08734709254667
0.179	4.05250792719694
0.18	4.02743296464136
0.181	4.08536295841528
0.182	4.08413923362191
0.183	4.11721935860866
0.184	4.09347056543656
0.185	4.04946575381444
0.186	3.99920324165879
0.187	4.03717731854432
0.188	4.06914932877766
0.189	4.0421379737248
0.19	3.98688346910959
0.191	3.95717528381207
0.192	3.95096272996149
0.193	4.00458078166513
0.194	4.08834098383129
0.195	4.15733699538722
0.196	4.18061452724752
0.197	4.11971830211736
0.198	4.08374865818536
0.199	4.05077151439103
0.2	4.0252448755426
0.201	4.07834916525265
0.202	4.07640815573401
0.203	4.11236334669014
0.204	4.09282332754472
0.205	4.05093680946146
0.206	3.99986516213907
0.207	4.0345925442011
0.208	4.0671553289232
0.209	4.04326433671433
0.21	3.98879280587232
0.211	3.95859580349604
0.212	3.95182246682552
0.213	4.00585231200508
0.214	4.08758333070738
0.215	4.15356728122288
0.216	4.17443516511377
0.217	4.11353517266875
0.218	4.08061272871375
0.219	4.04944980735693
0.22	4.02335956825875
0.221	4.07226050196037
0.222	4.06947481422693
0.223	4.10813968760025
0.224	4.09125100386794
0.225	4.05210165510134
0.226	4.00080804937558
0.227	4.03246581534995
0.228	4.06535516641252
0.229	4.04422409509595
0.23	3.99051028497091
0.231	3.96001145883801
0.232	3.95238485564678
0.233	4.00697352682489
0.234	4.08695608180832
0.235	4.15024042477008
0.236	4.16884305252377
0.237	4.10792113405496
0.238	4.07774243174713
0.239	4.04833948544398
0.24	4.02159410188454
0.241	4.06682274006747
0.242	4.06307335490033
0.243	4.1045238997525
0.244	4.09043958073153
0.245	4.0534318113632
0.246	4.00180474308701
0.247	4.03058886186562
0.248	4.06360995462867
0.249	4.04493956118055
0.25	3.99197511589117
0.251	3.96129078622558
0.252	3.9527186973729
0.253	4.00808581997927
0.254	4.08647793015206
0.255	4.1472886002482
0.256	4.16377645588768
0.257	4.10284259550092
0.258	4.0751573990714
0.259	4.04765614916508
0.26	4.01992090125551
0.261	4.06192466501218
0.262	4.05750012542831
0.263	4.10124787705562
0.264	4.08995493762975
0.265	4.05467322617968
0.266	4.00281790133113
0.267	4.02888668542181
0.268	4.06192241824201
0.269	4.04541517411031
0.27	3.99321169761905
0.271	3.96240986827719
0.272	3.9528306410769
0.273	4.00920524837137
0.274	4.08615403624476
0.275	4.14466947694165
0.276	4.15916725891382
0.277	4.09822676119202
0.278	4.07284224466333
0.279	4.04702978592504
0.28	4.0175675139247
0.281	4.05763793991952
0.282	4.05295425979058
0.283	4.09832273958648
0.284	4.08950790102352
0.285	4.05585581183198
0.286	4.00384057304307
0.287	4.02732656994062
0.288	4.06027306550093
0.289	4.04561440906978
0.29	3.99370966306675
0.291	3.96316447140952
0.292	3.95305961000348
0.293	4.01036599903176
0.294	4.08605856179413
0.295	4.14236870430175
0.296	4.15499037959596
0.297	4.0940345773351
0.298	4.07078068187485
0.299	4.04651878690971
0.3	4.01626224805562
0.301	4.05343632467473
0.302	4.0484230554525
0.303	4.09554029042865
0.304	4.08907474179834
0.305	4.05695673891498
0.306	4.00488409047352
0.307	4.02595224017337
0.308	4.05878476737425
0.309	4.04571493714573
0.31	3.99449481087609
0.311	3.96377871003609
0.312	3.9530381142083
0.313	4.01139808332858
0.314	4.08589014723699
0.315	4.14019015264982
0.316	4.15106537716151
0.317	4.0901140244308
0.318	4.06890879048045
0.319	4.04600763821314
0.32	4.01498547936282
0.321	4.04976687894624
0.322	4.04426959862373
0.323	4.0930739218586
0.324	4.08872862030756
0.325	4.05803659100666
0.326	4.00596208090879
0.327	4.02474538800718
0.328	4.05741059067697
0.329	4.04567719225204
0.33	3.99508025360551
0.331	3.96439271176094
0.332	3.95290694422438
0.333	4.01234211246842
0.334	4.08573187090491
0.335	4.13816497615404
0.336	4.14740950193078
0.337	4.08646271817146
0.338	4.06720751679823
0.339	4.04554622726433
0.34	4.01377799426566
0.341	4.0464402694457
0.342	4.04045395697237
0.343	4.09076637853959
0.344	4.08843180418363
0.345	4.05907580136979
0.346	4.00705340568944
0.347	4.0237069877077
0.348	4.05613223535129
0.349	4.04552137411376
0.35	3.99547620845632
0.351	3.96487572600618
0.352	3.95275125549073
0.353	4.0132221743923
0.354	4.08563626503013
0.355	4.13628063105371
0.356	4.14398750963176
0.357	4.08305594365124
0.358	4.06565075862872
0.359	4.04512443221736
0.36	4.01269953185423
0.361	4.04340016098411
0.362	4.03679184102289
0.363	4.08868959511041
0.364	4.08820622963321
0.365	4.06010467288831
0.366	4.00816167157144
0.367	4.02274243010499
0.368	4.05496684545719
0.369	4.04530439482434
0.37	3.99573454017775
0.371	3.96527096888573
0.372	3.95258937879476
0.373	4.01405013816004
0.374	4.08559336742818
0.375	4.13451396649355
0.376	4.14077310505021
0.377	4.07985829787088
0.378	4.06422092985171
0.379	4.04478344716558
0.38	4.01173237650244
0.381	4.0405696148182
0.382	4.03350102628905
0.383	4.08675704646382
0.384	4.08798600253391
0.385	4.06108945675114
0.386	4.00926623320489
0.387	4.02191278007171
0.388	4.05389100923897
0.389	4.04502193893795
0.39	3.99585949341174
0.391	3.96557404383429
0.392	3.95243724625796
0.393	4.01486846704015
0.394	4.08550819278508
0.395	4.13285648557062
0.396	4.13775198817075
0.397	4.07687539447813
0.398	4.06271589710925
0.399	4.04456588361541
0.4	4.01081641094474
0.401	4.03800672281482
0.402	4.03031803256316
0.403	4.08489881529931
0.404	4.08782756232419
0.405	4.06201116480387
0.406	4.0103404086069
0.407	4.02115065423013
0.408	4.05121538644273
0.409	4.04478617842777
0.41	3.99579771058957
0.411	3.96566165498167
0.412	3.95200487780352
0.413	4.01531618131521
0.414	4.08513253703012
0.415	4.13104168278027
0.416	4.13470088396749
0.417	4.07396928964077
0.418	4.06146598685843
0.419	4.04423219931308
0.42	4.00998426149443
0.421	4.03564762080176
0.422	4.0288771539866
0.423	4.07754974801854
0.424	4.08843568267163
0.425	4.06315100510338
0.426	4.01127087585113
0.427	4.02022856909102
0.428	4.0498613031021
0.429	4.0440928926522
0.43	3.99536745943729
0.431	3.96549476395443
0.432	3.9516190816451
0.433	4.01586932131572
0.434	4.08494464839187
0.435	4.12954920542649
0.436	4.1320527642734
0.437	4.07149639777435
0.438	4.06054263579548
0.439	4.04417272258353
0.44	4.00936777219327
0.441	4.03354044469675
0.442	4.02499931644319
0.443	4.08197913149727
0.444	4.08785682314955
0.445	4.06393208386119
0.446	4.01257827928283
0.447	4.01987145413169
0.448	4.04924576872283
0.449	4.04405155136493
0.45	3.9954943643347
0.451	3.9657993993066
0.452	3.95165350299105
0.453	4.01662842769482
0.454	4.08488348964776
0.455	4.12809153660963
0.456	4.1293788987001
0.457	4.06894509654271
0.458	4.05941596743828
0.459	4.0437955552642
0.46	4.00852803834962
0.461	4.03132026292636
0.462	4.02252196546189
0.463	4.0804720233093
0.464	4.08780864646956
0.465	4.06478328825087
0.466	4.01367425562008
0.467	4.01932034809601
0.468	4.04846392235757
0.469	4.04379990572166
0.47	3.99539365324302
0.471	3.96597403407742
0.472	3.95161805412289
0.473	4.01734456845852
0.474	4.0848357513514
0.475	4.12675264768181
0.476	4.126911218781
0.477	4.066661471574
0.478	4.05846848240477
0.479	4.04346739885196
0.48	4.00782116662278
0.481	4.02929397848841
0.482	4.02020959083268
0.483	4.07909263670191
0.484	4.08782569015437
0.485	4.06556412005201
0.486	4.01470602174098
0.487	4.01884470623832
0.488	4.04767095964692
0.489	4.04344744653167
0.49	3.99521013899713
0.491	3.96609181576147
0.492	3.95154651102228
0.493	4.01800681509766
0.494	4.08479621689446
0.495	4.12548496703409
0.496	4.12457757243334
0.497	4.06455345586084
0.498	4.05761650476088
0.499	4.04317735669853
0.5	4.00720816209748
0.501	4.02741622900151
0.502	4.01798321273773
0.503	4.07780252577678
0.504	4.08783672453938
0.505	4.06635396317334
0.506	4.01572832667853
0.507	4.01842351313115
0.508	4.04693143846754
0.509	4.04320055151042
0.51	3.99499959182356
0.511	3.96620098277094
0.512	3.95147053033072
0.513	4.01864510743073
0.514	4.08475260964118
0.515	4.12426913596687
0.516	4.12234727478549
0.517	4.06257642296322
0.518	4.05682284091389
0.519	4.04299600276931
0.52	4.00670115967374
0.521	4.02564261121307
0.522	4.01608424439822
0.523	4.07654320868227
0.524	4.087757529903
0.525	4.06709540337028
0.526	4.01671515220053
0.527	4.01799077648647
0.528	4.04624436094857
0.529	4.04291186378956
0.53	3.99480413591476
0.531	3.96630669900983
0.532	3.9514237892952
0.533	4.01926073789057
0.534	4.08472599669518
0.535	4.12312542655511
0.536	4.12022741632439
0.537	4.06073066179546
0.538	4.0560729803441
0.539	4.04283854016928
0.54	4.00631824611033
0.541	4.02394938598749
0.542	4.01414570366808
0.543	4.075347836244
0.544	4.0877488706808
0.545	4.06783754444002
0.546	4.01757264263779
0.547	4.01736091046911
0.548	4.04555427665251
0.549	4.04258658118783
0.55	3.99456900146206
0.551	3.96639779756976
0.552	3.95136351042643
0.553	4.01985239923693
0.554	4.0847148216462
0.555	4.12205011068553
0.556	4.11822528551722
0.557	4.05902711918743
0.558	4.05539190111596
0.559	4.04281506888462
0.56	4.00589596896219
0.561	4.02235928420494
0.562	4.01233497024185
0.563	4.07422336083286
0.564	4.08746745176685
0.565	4.06858781120142
0.566	4.01853120211377
0.567	4.01703459503066
0.568	4.04498592583307
0.569	4.04233174098322
0.57	3.99438182058162
0.571	3.96652975445638
0.572	3.95134551358323
0.573	4.02042585420116
0.574	4.08469150759376
0.575	4.12099266082353
0.576	4.1162727741179
0.577	4.05737769488727
0.578	4.05472110657549
0.579	4.0427591445054
0.58	4.00543434377805
0.581	4.02086790620219
0.582	4.01061316762538
0.583	4.07313954381813
0.584	4.08742447111619
0.585	4.0692959391608
0.586	4.01946950638954
0.587	4.01678112857963
0.588	4.04442683089769
0.589	4.04207953960768
0.59	3.99419430495226
0.591	3.96665471793801
0.592	3.95135103078965
0.593	4.0209732159503
0.594	4.08467015958271
0.595	4.11996990497095
0.596	4.11439269576532
0.597	4.05583031274818
0.598	4.05408908560018
0.599	4.0426630192525
0.6	4.00481325078629
0.601	4.01946506789589
0.602	4.00897208688269
0.603	4.07214314628631
0.604	4.08729435280332
0.605	4.0699826428351
0.606	4.02040063900749
0.607	4.01655998577248
0.608	4.04390309897403
0.609	4.04185813887161
0.61	3.99403049577089
0.611	3.96679742820385
0.612	3.95138111865369
0.613	4.02150404140931
0.614	4.08465236174426
0.615	4.11899183883109
0.616	4.11258571827172
0.617	4.05434618152051
0.618	4.05349818264445
0.619	4.04254457349858
0.62	4.00435552998126
0.621	4.01809633642085
0.622	4.00742255801233
0.623	4.0711741211092
0.624	4.08725395227299
0.625	4.07063364311039
0.626	4.0213040927827
0.627	4.01633056613092
0.628	4.0434183568997
0.629	4.04165733120123
0.63	3.99387323855035
0.631	3.96694882531316
0.632	3.95142521102993
0.633	4.02202585516739
0.634	4.08460744499181
0.635	4.11806182169555
0.636	4.11085341397724
0.637	4.05294587322202
0.638	4.05294826413713
0.639	4.04243409719193
0.64	4.00393467359805
0.641	4.01678267808216
0.642	4.00594576915717
0.643	4.07025257639738
0.644	4.08726569907568
0.645	4.07125804917103
0.646	4.02218112335286
0.647	4.01612030102682
0.648	4.04295592386233
0.649	4.04146492143059
0.65	3.99372076848551
0.651	3.96709146624917
0.652	3.95148722791892
0.653	4.02253723696056
0.654	4.08455190221583
0.655	4.11717058374975
0.656	4.10918578722589
0.657	4.05163291405759
0.658	4.05243191884405
0.659	4.04232930816559
0.66	4.00365389875504
0.661	4.01551333373666
0.662	4.00450809130572
0.663	4.06935473606426
0.664	4.08730496942115
0.665	4.07185506996348
0.666	4.02304129073978
0.667	4.01593329201292
0.668	4.04254220713408
0.669	4.04127936803753
0.67	3.99357234128859
0.671	3.96725153862113
0.672	3.95155739237336
0.673	4.02303238695475
0.674	4.08448785451558
0.675	4.1163085163115
0.676	4.10757306082284
0.677	4.05040044324082
0.678	4.05194854274937
0.679	4.04226088835453
0.68	4.00341890934549
0.681	4.01429927049569
0.682	4.00310924941722
0.683	4.06849993577139
0.684	4.08724733949358
0.685	4.07246780844292
0.686	4.02390153940817
0.687	4.01577409429517
0.688000000000001	4.0421553314085
0.689000000000001	4.04111795918363
0.690000000000001	3.99344232999723
0.691000000000001	3.96737335877395
0.692000000000001	3.95165093827849
0.693000000000001	4.02351115625701
0.694000000000001	4.08440146686506
0.695000000000001	4.11547542303186
0.696000000000001	4.10601077717675
0.697000000000001	4.04922227741808
0.698000000000001	4.05148183685847
0.699000000000001	4.04222250958997
0.700000000000001	4.00319888542633
0.701000000000001	4.01316014583953
0.702000000000001	4.00176934503781
0.703000000000001	4.06771021960814
0.704000000000001	4.08720205480491
0.705000000000001	4.07308020758193
0.706000000000001	4.02475563722894
0.707000000000001	4.01629798582336
0.708000000000001	4.04173887567302
0.709000000000001	4.04086430127271
0.710000000000001	3.99323511254556
0.711000000000001	3.96743513075011
0.712000000000001	3.95170644763238
0.713000000000001	4.02395080718755
0.714000000000001	4.08430228912814
0.715000000000001	4.11467588639019
0.716000000000001	4.10451537895129
0.717000000000001	4.04812990907939
0.718000000000001	4.05107952247454
0.719000000000001	4.04220549794278
0.720000000000001	4.00305531155847
0.721000000000001	4.01210420941031
0.722000000000001	4.00057753625371
0.723000000000001	4.06693326104116
0.724000000000001	4.0871415079402
0.725000000000001	4.07365760886705
0.726000000000001	4.02556992420691
0.727000000000001	4.01552960259709
0.728000000000001	4.04145607546154
0.729000000000001	4.04079971143573
0.730000000000001	3.99318255521946
0.731000000000001	3.96762808160904
0.732000000000001	3.95185050645717
0.733000000000001	4.024428980664
0.734000000000001	4.08423359911673
0.735000000000001	4.11389230167008
0.736000000000001	4.10303431685971
0.737000000000001	4.04704761325227
0.738000000000001	4.05065109137336
0.739000000000001	4.04207747148857
0.740000000000001	4.00277885362993
0.741000000000001	4.01106776128862
0.742000000000001	3.99954774569226
0.743000000000001	4.0661302549881
0.744000000000001	4.08708594452155
0.745000000000001	4.07419408352944
0.746000000000001	4.02636228901348
0.747000000000001	4.01542574946797
0.748000000000001	4.04113528130722
0.749000000000001	4.04067371025516
0.750000000000001	3.99308060938098
0.751000000000001	3.96778566824441
0.752000000000001	3.95198816184145
0.753000000000001	4.02488770462051
0.754000000000001	4.08419011226489
0.755000000000001	4.11314994527033
0.756000000000001	4.10161865128405
0.757000000000001	4.04602383062818
0.758000000000001	4.05027630480034
0.759000000000001	4.04194186964508
0.760000000000001	4.00255183055852
0.761000000000001	4.01011493393643
0.762000000000001	3.99845404268481
0.763000000000001	4.0653813696887
0.764000000000001	4.08706630104043
0.765000000000001	4.07471441927511
0.766000000000001	4.0271445247084
0.767000000000001	4.01534035254084
0.768000000000001	4.04083477764914
0.769000000000001	4.04055021960275
0.770000000000001	3.99297578406714
0.771000000000001	3.96791999372132
0.772000000000001	3.95212760970349
0.773000000000001	4.02532339296695
0.774000000000001	4.08415231379607
0.775000000000001	4.11243208843903
0.776000000000001	4.10024496550319
0.777000000000001	4.04506268994995
0.778000000000001	4.04991747126525
0.779000000000001	4.041964054615
0.780000000000001	4.00229099642361
0.781000000000001	4.00919119217476
0.782000000000001	3.99733929722776
0.783000000000001	4.06466883617098
0.784000000000001	4.08709017647123
0.785000000000001	4.07521807808152
0.786000000000001	4.02791423528598
0.787000000000001	4.01528297090499
0.788000000000001	4.04055142855317
0.789000000000001	4.04043813646288
0.790000000000001	3.99287856469449
0.791000000000001	3.96809125755756
0.792000000000001	3.95226953136593
0.793000000000001	4.02574944424234
0.794000000000001	4.08412106043493
0.795000000000001	4.11173803614076
0.796000000000001	4.09890744668112
0.797000000000001	4.04414228237119
0.798000000000001	4.04957563403093
0.799000000000001	4.0418890654693
0.800000000000001	4.00205548149588
0.801000000000001	4.008306834904
0.802000000000001	3.99627719880839
0.803000000000001	4.06401438389655
0.804000000000001	4.08712856689848
0.805000000000001	4.07569986610511
0.806000000000001	4.0286663381638
0.807000000000001	4.01522605357056
0.808000000000001	4.04028368149853
0.809000000000001	4.04033775502253
0.810000000000001	3.99279159424429
0.811000000000001	3.96826984444548
0.812000000000001	3.95242044383774
0.813000000000001	4.02616751005457
0.814000000000001	4.08410315707855
0.815000000000001	4.11107029590465
0.816000000000001	4.09761051745275
0.817000000000001	4.04325902419639
0.818000000000001	4.04925642693566
0.819000000000001	4.04179694650657
0.820000000000001	4.0018099377877
0.821000000000001	4.00743988742651
0.822000000000001	3.99526724240394
0.823000000000001	4.06334927167554
0.824000000000001	4.08712346610059
0.825000000000001	4.07617445999572
0.826000000000001	4.0294104454003
0.827000000000001	4.01518734595516
0.828000000000001	4.04004905388424
0.829000000000001	4.04025109372148
0.830000000000001	3.99271835824297
0.831000000000001	3.96844635985417
0.832000000000001	3.95258193491928
0.833000000000001	4.02657423948785
0.834000000000001	4.08408740889044
0.835000000000001	4.11042606908259
0.836000000000001	4.09635008217119
0.837000000000001	4.04242627941584
0.838000000000001	4.04896405735568
0.839000000000001	4.04168705065421
0.840000000000001	4.0015565460692
0.841000000000001	4.0065858651898
0.842000000000001	3.99426862879773
0.843000000000001	4.06269452603979
0.844000000000001	4.08724353292383
0.845000000000001	4.07678095824943
0.846000000000001	4.03010828332308
0.847000000000001	4.01514206837732
0.848000000000001	4.03980478510178
0.849000000000001	4.0401594851763
0.850000000000001	3.99264971173389
0.851000000000001	3.96860489832268
0.852000000000001	3.95275280958002
0.853000000000001	4.0269784923325
0.854000000000001	4.08408407216741
0.855000000000001	4.10982146338753
0.856000000000001	4.09514138449044
0.857000000000001	4.04162874745853
0.858000000000001	4.04868222236561
0.859000000000001	4.04159009268307
0.860000000000001	4.00135950354608
0.861000000000001	4.00577843347028
0.862000000000001	3.99333086701403
0.863000000000001	4.06208055481941
0.864000000000001	4.08693624621082
0.865000000000001	4.07711041211026
0.866000000000001	4.03087615407141
0.867000000000001	4.01517208981267
0.868000000000001	4.03963663666777
0.869000000000001	4.04011828828259
0.870000000000001	3.99261182292307
0.871000000000001	3.96877935149681
0.872000000000001	3.95292069719269
0.873000000000001	4.02734415286841
0.874000000000001	4.08405243229821
0.875000000000001	4.10920471742173
0.876000000000001	4.0939469052083
0.877000000000001	4.04085170366876
0.878000000000001	4.04839087884142
0.879000000000001	4.04147533685458
0.880000000000001	4.00109117153367
0.881000000000001	4.00499965201602
0.882000000000001	3.99245028401519
0.883000000000001	4.06148205801612
0.884000000000001	4.08670703142848
0.885000000000001	4.07757455254718
0.886000000000001	4.03162143101081
0.887000000000001	4.01522735296102
0.888000000000001	4.03948059915901
0.889000000000001	4.04007484176607
0.890000000000001	3.99257570904921
0.891000000000001	3.96896610362085
0.892000000000001	3.95308784833162
0.893000000000001	4.02769460674652
0.894000000000001	4.08402198775306
0.895000000000001	4.10861028428192
0.896000000000001	4.09279280270683
0.897000000000001	4.04011282401499
0.898000000000001	4.04811539839934
0.899000000000001	4.04133711468111
0.900000000000001	4.00087788822127
0.901000000000001	4.00425724884031
0.902000000000001	3.9916089596432
0.903000000000001	4.06089746147198
0.904000000000001	4.08653330812599
0.905000000000001	4.0780198119813
0.906000000000001	4.03234481115321
0.907000000000001	4.01528255692393
0.908000000000001	4.03933128596919
0.909000000000001	4.04002459709153
0.910000000000001	3.9925413765251
0.911000000000001	3.96915706083738
0.912000000000001	3.95326279237887
0.913000000000001	4.02803504008366
0.914000000000001	4.08399641144392
0.915000000000001	4.10803878994827
0.916000000000001	4.09168014520403
0.917000000000001	4.03940527295002
0.918000000000001	4.04785146422078
0.919000000000001	4.04123255187449
0.920000000000001	4.00063381802948
0.921000000000001	4.00355410502584
0.922000000000001	3.99079669795876
0.923000000000001	4.06033379317869
0.924000000000001	4.08646594897511
0.925000000000001	4.07844045192468
0.926000000000001	4.03304315589565
0.927000000000001	4.01531491896513
0.928000000000001	4.03918174224586
0.929000000000001	4.03997754563307
0.930000000000001	3.99251097533256
0.931000000000001	3.96935897126631
0.932000000000001	3.95344339535514
0.933000000000001	4.02836848498747
0.934000000000001	4.08397350456885
0.935000000000001	4.10749238781819
0.936000000000001	4.09060940997777
0.937000000000001	4.03872999421336
0.938000000000001	4.04760283195376
0.939000000000001	4.04110053539531
0.940000000000001	4.00046261768438
0.941000000000001	4.0028777708425
0.942000000000001	3.9900115077099
0.943000000000001	4.05979396903779
0.944000000000001	4.08640890673607
0.945000000000001	4.07884268563391
0.946000000000001	4.0337263464774
0.947000000000001	4.01533438588152
0.948000000000001	4.03904722086167
0.949000000000001	4.03993841542587
0.950000000000001	3.99249097712266
0.951000000000001	3.96956326362673
0.952000000000001	3.9536271983784
0.953000000000001	4.02869579063047
0.954000000000001	4.08395460647877
0.955000000000001	4.10696983988705
0.956000000000001	4.08957710832038
0.957000000000001	4.03809097577518
0.958000000000001	4.04736589378226
0.959000000000001	4.04092793017952
0.960000000000001	4.00029362827368
0.961000000000001	4.00223386082906
0.962000000000001	3.98925079534756
0.963000000000001	4.05928663625935
0.964000000000001	4.08638691170125
0.965000000000001	4.07922541458114
0.966000000000001	4.03439117902773
0.967000000000001	4.01537487977004
0.968000000000001	4.03892754552903
0.969000000000001	4.03990008584196
0.970000000000001	3.99246841197709
0.971000000000001	3.97132662940782
0.972000000000001	3.95345445642672
0.973000000000001	4.02892329568278
0.974000000000001	4.08383274481639
0.975000000000001	4.10638179471881
0.976000000000001	4.08852394825615
0.977000000000001	4.03744148050235
0.978000000000001	4.04712949500563
0.979000000000001	4.04081702925714
0.980000000000001	4.00016958560189
0.981000000000001	4.00167699411783
0.982000000000001	3.98859929756764
0.983000000000001	4.0588511817547
0.984000000000001	4.0864316997839
0.985000000000001	4.07964427118389
0.986000000000001	4.03507016223796
0.987000000000001	4.015476193116
0.988000000000001	4.03880690207711
0.989000000000001	4.03984616262283
0.990000000000001	3.99242884900697
0.991000000000001	3.97147809598831
0.992000000000001	3.95359614251016
0.993000000000001	4.02919689243199
0.994000000000001	4.08377950098445
0.995000000000001	4.10587631798622
0.996000000000001	4.08754940807156
0.997000000000001	4.0368447473552
0.998000000000001	4.04691175754106
0.999000000000001	4.04071341690968
1	4.00001126475598
1.001	4.00110399299498
1.002	3.98794388770066
1.003	4.0583900550227
1.004	4.0864236008433
1.005	4.08002303990627
1.006	4.03571500051174
1.007	4.01551685489165
1.008	4.03869785234288
1.009	4.03981673156038
1.01	3.99241717698785
1.011	3.97166521721859
1.012	3.95377805579224
1.013	4.02948995258665
1.014	4.08375365421844
1.015	4.10540616292302
1.016	4.08661688043507
1.017	4.03627609362181
1.018	4.04670954906255
1.019	4.04061847922909
1.02	3.99988459881609
1.021	4.00052599042974
1.022	3.98729037477232
1.023	4.05791371904384
1.024	4.08639859279536
1.025	4.08037709166777
1.026	4.03633960079228
1.027	4.01557402892461
1.028	4.03861111523046
1.029	4.03979842056526
1.03	3.99240659265241
1.031	3.97185947111061
1.032	3.9539716448479
1.033	4.02978103391654
1.034	4.08373574721692
1.035	4.10495727553077
1.036	4.08572052695937
1.037	4.03573077266836
1.038	4.04651860163541
1.039	4.04054966657889
1.04	3.99975179824285
1.041	3.99996199874289
1.042	3.98664274040696
1.043	4.05744839367087
1.044	4.08636647698951
1.045	4.08071873554228
1.046	4.03694941722316
1.047	4.01566082796624
1.048	4.04146207867074
1.049	4.03957739916762
1.05	3.9924774698639
1.051	3.97085776463367
1.05199999999999	3.95474583095133
1.05299999999999	4.03041507582733
1.05399999999999	4.08412365547091
1.05499999999999	4.10488062168305
1.05599999999999	4.08513574305233
1.05699999999999	4.03539499972112
1.05799999999999	4.04643091089649
1.05899999999999	4.04050012463942
1.05999999999999	3.99957269522749
1.06099999999999	3.99929281124129
1.06199999999999	3.98583928114452
1.06299999999999	4.05682288611045
1.06399999999999	4.086173613082
1.06499999999999	4.08088808350601
1.06599999999999	4.03741609805386
1.06699999999999	4.01563945465881
1.06799999999999	4.04134540935381
1.06899999999999	4.03955503093397
1.06999999999999	3.99250384250274
1.07099999999999	3.971090857831
1.07199999999999	3.95501833994026
1.07299999999999	4.03077492496037
1.07399999999999	4.08419389215681
1.07499999999999	4.10453818395042
1.07599999999999	4.08436029938664
1.07699999999999	4.034936426153
1.07799999999999	4.04628175881618
1.07899999999999	4.04045967432521
1.07999999999999	3.99943905580798
1.08099999999999	3.99873407893923
1.08199999999999	3.98519318092068
1.08299999999999	4.05635728795715
1.08399999999999	4.08612651795628
1.08499999999999	4.08117752708817
1.08599999999999	4.03796723819549
1.08699999999999	4.01568077755467
1.08799999999999	4.04127227165722
1.08899999999999	4.03951317972876
1.08999999999999	3.99252646238341
1.09099999999999	3.97128740691199
1.09199999999999	3.955237794504
1.09299999999999	4.03106777669899
1.09399999999999	4.08420592116761
1.09499999999999	4.10415764101947
1.09599999999999	4.0835718661313
1.09699999999999	4.0344644949014
1.09799999999999	4.04613008658339
1.09899999999999	4.04045903825425
1.09999999999999	3.99929844694795
1.10099999999999	3.99819323681412
1.10199999999999	3.98458907458642
1.10299999999999	4.05594331031189
1.10399999999999	4.08608806965348
1.10499999999999	4.08147855172724
1.10599999999999	4.03851986805135
1.10699999999999	4.01574125727318
1.10799999999999	4.04121005543548
1.10899999999999	4.03945077014143
1.10999999999999	3.99254773133972
1.11099999999999	3.97148546955783
1.11199999999999	3.9554552060396
1.11299999999999	4.03135263633271
1.11399999999999	4.08421487003626
1.11499999999999	4.10378695753908
1.11599999999999	4.08280738256712
1.11699999999999	4.03401716535779
1.11799999999999	4.04597960946493
1.11899999999999	4.04048223563364
1.11999999999999	3.99915461166061
1.12099999999999	3.99766453688493
1.12199999999999	3.98402777385256
1.12299999999999	4.05552373229656
1.12399999999999	4.08604861977419
1.12499999999999	4.08177391119091
1.12599999999999	4.03906098309919
1.12699999999999	4.01580999751519
1.12799999999999	4.04115334712604
1.12899999999999	4.03939539255706
1.12999999999999	3.99254834256072
1.13099999999999	3.97168408619213
1.13199999999999	3.9556729932152
1.13299999999999	4.03162892507782
1.13399999999999	4.08422370429238
1.13499999999999	4.10342903444904
1.13599999999999	4.08206795139328
1.13699999999999	4.03359602367269
1.13799999999999	4.04583383079551
1.13899999999999	4.04051003654878
1.13999999999999	3.99902370483226
1.14099999999999	3.99714712966875
1.14199999999999	3.98349005690917
1.14299999999998	4.05507711170429
1.14399999999998	4.08600819026672
1.14499999999998	4.08206424687804
1.14599999999998	4.03959585823097
1.14699999999998	4.01587677299911
1.14799999999998	4.04110387249986
1.14899999999998	4.03935743559974
1.14999999999998	3.9925498993762
1.15099999999998	3.97188623616952
1.15199999999998	3.95589244444119
1.15299999999998	4.03190336921616
1.15399999999998	4.08423226730764
1.15499999999998	4.10308160101237
1.15599999999998	4.08134930853782
1.15699999999998	4.03318674787095
1.15799999999998	4.04568811272022
1.15899999999998	4.04055370782838
1.15999999999998	3.9989104953568
1.16099999999998	3.99664909207849
1.16199999999998	3.98295050191292
1.16299999999998	4.05468299554302
1.16399999999998	4.08597917053432
1.16499999999998	4.0823487686012
1.16599999999998	4.04012323332209
1.16699999999998	4.01594275119567
1.16799999999998	4.04106214390912
1.16899999999998	4.03932873371566
1.16999999999998	3.99257135800032
1.17099999999998	3.9720835396667
1.17199999999998	3.95611000044554
1.17299999999998	4.0321708991703
1.17399999999998	4.08423869967677
1.17499999999998	4.1027432641312
1.17599999999998	4.08065199047949
1.17699999999998	4.03278145742885
1.17799999999998	4.04555502594224
1.17899999999998	4.04057603101937
1.17999999999998	3.99878218654113
1.18099999999998	3.99616567672435
1.18199999999998	3.98243250723055
1.18299999999998	4.05430754533507
1.18399999999998	4.08595278658781
1.18499999999998	4.0826217282967
1.18599999999998	4.0406353150324
1.18699999999998	4.01601402658186
1.18799999999998	4.04101990930363
1.18899999999998	4.03930403472094
1.18999999999998	3.99260239643134
1.19099999999998	3.97227846088318
1.19199999999998	3.95632750575211
1.19299999999998	4.03243420999707
1.19399999999998	4.08424768987354
1.19499999999998	4.10241861113326
1.19599999999998	4.07998014449643
1.19699999999998	4.03239152681766
1.19799999999998	4.0454153316089
1.19899999999998	4.04061387447629
1.19999999999998	3.99868655389203
1.20099999999998	3.9957169946959
1.20199999999998	3.98197053342681
1.20299999999998	4.05393702321724
1.20399999999998	4.08594552237221
1.20499999999998	4.08288785611835
1.20599999999998	4.04113637669859
1.20699999999998	4.01609231206154
1.20799999999998	4.04098001649219
1.20899999999998	4.03927890063176
1.20999999999998	3.99262071765671
1.21099999999998	3.972459002938
1.21199999999998	3.95653046527706
1.21299999999998	4.03268477317323
1.21399999999998	4.08425174842749
1.21499999999998	4.10210240774345
1.21599999999998	4.07933147564161
1.21699999999998	4.03202142155873
1.21799999999998	4.04528997381591
1.21899999999998	4.04064320481055
1.21999999999998	3.99859383049961
1.22099999999998	3.99528309338109
1.22199999999998	3.9814407763188
1.22299999999998	4.05358638041805
1.22399999999998	4.08594640134343
1.22499999999998	4.08315809171977
1.22599999999998	4.04163483629191
1.22699999999998	4.01618072880282
1.22799999999998	4.04094373535088
1.22899999999998	4.03926371240692
1.22999999999998	3.99264195280834
1.23099999999998	3.97263346974369
1.23199999999998	3.95673614768929
1.23299999999998	4.03292358756682
1.23399999999997	4.08425272866442
1.23499999999997	4.10179240334088
1.23599999999997	4.07870103253617
1.23699999999997	4.03165925311096
1.23799999999997	4.04517451218016
1.23899999999997	4.04065022374551
1.23999999999997	3.99849540478427
1.24099999999997	3.9948629032331
1.24199999999997	3.98097407319944
1.24299999999997	4.05324639333765
1.24399999999997	4.0859433550502
1.24499999999997	4.08341154585647
1.24599999999997	4.04211121940922
1.24699999999997	4.01626397064277
1.24799999999997	4.04091178037337
1.24899999999997	4.03924741382726
1.24999999999997	3.99266883891549
1.25099999999997	3.9727978456779
1.25199999999997	3.95694036657132
1.25299999999997	4.03315413851872
1.25399999999997	4.08426066283954
1.25499999999997	4.10149815736887
1.25599999999997	4.07809582516775
1.25699999999997	4.03132079949758
1.25799999999997	4.04505967583804
1.25899999999997	4.04066652725389
1.25999999999997	3.99839330910992
1.26099999999997	3.99446233497578
1.26199999999997	3.98052527350858
1.26299999999997	4.052918832055
1.26399999999997	4.0859517431124
1.26499999999997	4.08365296192993
1.26599999999997	4.04257713274342
1.26699999999997	4.0163480724735
1.26799999999997	4.04088673969524
1.26899999999997	4.0392315971775
1.26999999999997	3.99269290466799
1.27099999999997	3.97296213390513
1.27199999999997	3.95713164907022
1.27299999999997	4.03337194037522
1.27399999999997	4.08426208243772
1.27499999999997	4.10121006852853
1.27599999999997	4.07750821860132
1.27699999999997	4.03099812832145
1.27799999999997	4.04495308735689
1.27899999999997	4.04071122136118
1.27999999999997	3.99829592027886
1.28099999999997	3.99406699886257
1.28199999999997	3.98007816672562
1.28299999999997	4.05259596049382
1.28399999999997	4.08595401104607
1.28499999999997	4.08388614974877
1.28599999999997	4.04303395845927
1.28699999999997	4.01643685645357
1.28799999999997	4.04086611480312
1.28899999999997	4.03922636990633
1.28999999999997	3.99271884749323
1.29099999999997	3.97312500103131
1.29199999999997	3.95731824383697
1.29299999999997	4.03358368763117
1.29399999999997	4.08426438428611
1.29499999999997	4.10093150219718
1.29599999999997	4.07694009769238
1.29699999999997	4.03068529042493
1.29799999999997	4.04212014635316
1.29899999999997	4.04238647971727
1.29999999999997	3.99807470362888
1.30099999999997	3.99341191889654
1.30199999999997	3.97931510868467
1.30299999999997	4.05194825032475
1.30399999999997	4.08561869616498
1.30499999999997	4.0838266896809
1.30599999999997	4.04324190865222
1.30699999999997	4.01635753351044
1.30799999999997	4.04077624749013
1.30899999999997	4.03922147061379
1.30999999999997	3.99279370861422
1.31099999999997	3.97339461208208
1.31199999999997	3.95763867249104
1.31299999999997	4.03394121719729
1.31399999999997	4.08442026044988
1.31499999999997	4.10080108240688
1.31599999999997	4.07650547398802
1.31699999999997	4.03046006157312
1.31799999999997	4.042043642058
1.31899999999997	4.04235102148018
1.31999999999997	3.9979587629921
1.32099999999997	3.99299639278451
1.32199999999997	3.97883330093106
1.32299999999997	4.05158381037884
1.32399999999996	4.08554427317584
1.32499999999996	4.08399725247725
1.32599999999996	4.04363131083056
1.32699999999996	4.01641458522953
1.32799999999996	4.04074716779727
1.32899999999996	4.03922658934276
1.32999999999996	3.99283176860589
1.33099999999996	3.97357712113596
1.33199999999996	3.95785724488217
1.33299999999996	4.0341868859616
1.33399999999996	4.08445876414801
1.33499999999996	4.1005710702866
1.33599999999996	4.07600042176929
1.33699999999996	4.03018565566909
1.33799999999996	4.04194585326764
1.33899999999996	4.04231414268577
1.33999999999996	3.99786365417749
1.34099999999996	3.99263817854065
1.34199999999996	3.97842550507646
1.34299999999996	4.05127770790345
1.34399999999996	4.08551685371338
1.34499999999996	4.08420882891864
1.34599999999996	4.04404857291766
1.34699999999996	4.01650323637932
1.34799999999996	4.04073420222584
1.34899999999996	4.03922945543239
1.34999999999996	3.99285394466018
1.35099999999996	3.97373363710207
1.35199999999996	3.95804738178222
1.35299999999996	4.03439971387677
1.35399999999996	4.08446914045507
1.35499999999996	4.10032246866605
1.35599999999996	4.07549188991389
1.35699999999996	4.02990630126444
1.35799999999996	4.04185455370406
1.35899999999996	4.04228145339944
1.35999999999996	3.99777908532489
1.36099999999996	3.99229013908667
1.36199999999996	3.97803375895215
1.36299999999996	4.05098477721187
1.36399999999996	4.08549621036325
1.36499999999996	4.08441866776496
1.36599999999996	4.04445973967361
1.36699999999996	4.01659815844595
1.36799999999996	4.04072849280236
1.36899999999996	4.03923429591118
1.36999999999996	3.99287093566551
1.37099999999996	3.97388533375786
1.37199999999996	3.95823054420308
1.37299999999996	4.0346130310337
1.37399999999996	4.08447422884025
1.37499999999996	4.10007650471246
1.37599999999996	4.07499643743194
1.37699999999996	4.02963635842201
1.37799999999996	4.04176642370108
1.37899999999996	4.04224840734791
1.37999999999996	3.99769264322693
1.38099999999996	3.99194963977559
1.38199999999996	3.97764864844569
1.38299999999996	4.05070309854166
1.38399999999996	4.08547533162172
1.38499999999996	4.0846243554807
1.38599999999996	4.04486290218117
1.38699999999996	4.01669315584909
1.38799999999996	4.04072243318783
1.38899999999996	4.03924428598822
1.38999999999996	3.99288942873058
1.39099999999996	3.97403913257472
1.39199999999996	3.95841490855426
1.39299999999996	4.0348276023903
1.39399999999996	4.08447951110122
1.39499999999996	4.09983949005344
1.39599999999996	4.07451829280769
1.39699999999996	4.02937948966417
1.39799999999996	4.04167699166465
1.39899999999996	4.04221131788626
1.39999999999996	3.99761431420933
1.40099999999996	3.99162338547757
1.40199999999996	3.97728591271813
1.40299999999996	4.05043493176129
1.40399999999996	4.08545772457778
1.40499999999996	4.08482647746841
1.40599999999996	4.04525762685988
1.40699999999996	4.01679274133376
1.40799999999996	4.04071430307582
1.40899999999996	4.03925516358787
1.40999999999996	3.99290892945467
1.41099999999996	3.97419236643161
1.41199999999996	3.95858968510613
1.41299999999996	4.03504181407318
1.41399999999996	4.08448694289145
1.41499999999995	4.09961101161588
1.41599999999995	4.07405751800854
1.41699999999995	4.02913280038223
1.41799999999995	4.04159411084854
1.41899999999995	4.04217041746146
1.41999999999995	3.9975394577341
1.42099999999995	3.99130992765144
1.42199999999995	3.97693644675854
1.42299999999995	4.05017043389794
1.42399999999995	4.08543875688559
1.42499999999995	4.08502138796583
1.42599999999995	4.04564254820102
1.42699999999995	4.01689249111373
1.42799999999995	4.04070886622917
1.42899999999995	4.03926606805016
1.42999999999995	3.99292852040708
1.43099999999995	3.97434447711593
1.43199999999995	3.95875917872504
1.43299999999995	4.0352471946677
1.43399999999995	4.08449921235849
1.43499999999995	4.09939003589535
1.43599999999995	4.07361243994662
1.43699999999995	4.02889477625839
1.43799999999995	4.04151388088685
1.43899999999995	4.04212731009257
1.43999999999995	3.99745906321024
1.44099999999995	3.99100405099251
1.44199999999995	3.97659381997338
1.44299999999995	4.04990166287852
1.44399999999995	4.0854180042092
1.44499999999995	4.08520843982672
1.44599999999995	4.04601694995064
1.44699999999995	4.01699243878193
1.44799999999995	4.04071003459669
1.44899999999995	4.03927709185009
1.44999999999995	3.99294775843944
1.45099999999995	3.974496389802
1.45199999999995	3.95892169343432
1.45299999999995	4.0354273737895
1.45399999999995	4.08450756497116
1.45499999999995	4.09917528935
1.45599999999995	4.073180925922
1.45699999999995	4.02866159600814
1.45799999999995	4.0414374579545
1.45899999999995	4.04208799064147
1.45999999999995	3.99738313040087
1.46099999999995	3.99071178303942
1.46199999999995	3.97627656856716
1.46299999999995	4.04965145613281
1.46399999999995	4.08538553228897
1.46499999999995	4.08538585798894
1.46599999999995	4.04637905137732
1.46699999999995	4.01708816290027
1.46799999999995	4.04071693356654
1.46899999999995	4.03928801037882
1.46999999999995	3.99296831550028
1.47099999999995	3.97464363241541
1.47199999999995	3.95907995661435
1.47299999999995	4.03558659295942
1.47399999999995	4.08451328127633
1.47499999999995	4.0989661317364
1.47599999999995	4.0727625669483
1.47699999999995	4.02843477726003
1.47799999999995	4.04136295460126
1.47899999999995	4.04202904444394
1.47999999999995	3.99730223789934
1.48099999999995	3.99043016833455
1.48199999999995	3.97596722859446
1.48299999999995	4.0494133846934
1.48399999999995	4.08535899450929
1.48499999999995	4.08555857895266
1.48599999999995	4.04672920533602
1.48699999999995	4.01718409611765
1.48799999999995	4.04072105450869
1.48899999999995	4.03930131951626
1.48999999999995	3.99299039386995
1.49099999999995	3.97479060390438
1.49199999999995	3.95923648257485
1.49299999999995	4.03575258196316
1.49399999999995	4.08453354054895
1.49499999999995	4.09875953772821
1.49599999999995	4.07235755042285
1.49699999999995	4.02821406266872
1.49799999999995	4.04128889803864
1.49899999999995	4.04198067932169
1.49999999999995	3.99721954897034
1.50099999999995	3.99015425174603
1.50199999999995	3.97564869321598
1.50299999999995	4.0491869076384
1.50399999999995	4.08533439583898
1.50499999999995	4.08572943428308
1.50599999999994	4.04707260644548
1.50699999999994	4.01728261184336
1.50799999999994	4.04072976313333
1.50899999999994	4.0393157218878
1.50999999999994	3.99301232337222
1.51099999999994	3.97493668220196
1.51199999999994	3.95939481400271
1.51299999999994	4.03591323177639
1.51399999999994	4.0845489107728
1.51499999999994	4.09855722622254
1.51599999999994	4.07196502160665
1.51699999999994	4.02800181258249
1.51799999999994	4.04121754934588
1.51899999999994	4.0419382948533
1.51999999999994	3.99714443487708
1.52099999999994	3.98988694489272
1.52199999999994	3.97533476909545
1.52299999999994	4.04896499752256
1.52399999999994	4.08531431631793
1.52499999999994	4.08589712522653
1.52599999999994	4.04740640300313
1.52699999999994	4.01738175749369
1.52799999999994	4.04074046738244
1.52899999999994	4.03933035384118
1.52999999999994	3.99303349555045
1.53099999999994	3.97508343194754
1.53199999999994	3.95954806303499
1.53299999999994	4.03607038301832
1.53399999999994	4.08455454378409
1.53499999999994	4.0983662349467
1.53599999999994	4.07158633473927
1.53699999999994	4.02779793579295
1.53799999999994	4.04114652682741
1.53899999999994	4.0418911530434
1.53999999999994	3.99707204450676
1.54099999999994	3.98962177584867
1.54199999999994	3.97502658677457
1.54299999999994	4.04874821694999
1.54399999999994	4.08529400948152
1.54499999999994	4.08605889428575
1.54599999999994	4.04772999080244
1.54699999999994	4.01748206672775
1.54799999999994	4.04075131414665
1.54899999999994	4.03934523847568
1.54999999999994	3.99305268899628
1.55099999999994	3.97522769337282
1.55199999999994	3.95969738721913
1.55299999999994	4.03622252833003
1.55399999999994	4.08455544740118
1.55499999999994	4.09818142751175
1.55599999999994	4.07122209820753
1.55699999999994	4.02759730042026
1.55799999999994	4.04107864240997
1.55899999999994	4.04184823238478
1.55999999999994	3.99700188461489
1.56099999999994	3.98937175768693
1.56199999999994	3.9747350901049
1.56299999999994	4.04854207567746
1.56399999999994	4.08527498316827
1.56499999999994	4.08621700384736
1.56599999999994	4.04804496247705
1.56699999999994	4.0175837610177
1.56799999999994	4.04076483543284
1.56899999999994	4.0393581488962
1.56999999999994	3.99306602947254
1.57099999999994	3.97536595305048
1.57199999999994	3.95983894395491
1.57299999999994	4.03636945965615
1.57399999999994	4.084555612947
1.57499999999994	4.09800145734025
1.57599999999994	4.07086835218526
1.57699999999994	4.02740161411052
1.57799999999994	4.04101677444281
1.57899999999994	4.04181226118043
1.57999999999994	3.99694446117722
1.58099999999994	3.9891376369976
1.58199999999994	3.97445429015956
1.58299999999994	4.04834215346711
1.58399999999994	4.08525605028411
1.58499999999994	4.08637073002526
1.58599999999994	4.04835092052899
1.58699999999994	4.01767965383857
1.58799999999994	4.04078173910005
1.58899999999994	4.03936909424046
1.58999999999994	3.99308094954962
1.59099999999994	3.975503492399
1.59199999999994	3.95997847010387
1.59299999999994	4.0365158734022
1.59399999999994	4.08455939886433
1.59499999999994	4.09782500679085
1.59599999999994	4.07052565643242
1.59699999999993	4.02721453641933
1.59799999999993	4.04095803230386
1.59899999999993	4.04178723329375
1.59999999999993	3.99689913420771
1.60099999999993	3.98890413552695
1.60199999999993	3.97417734230849
1.60299999999993	4.04814769361236
1.60399999999993	4.08523932425916
1.60499999999993	4.08651928075903
1.60599999999993	4.04864731503453
1.60699999999993	4.0177725427383
1.60799999999993	4.04079549570545
1.60899999999993	4.03938593016125
1.60999999999993	3.99310104090763
1.61099999999993	3.97564348999952
1.61199999999993	3.96012064119244
1.61299999999993	4.03666326406636
1.61399999999993	4.08456625256217
1.61499999999993	4.09765579520159
1.61599999999993	4.07019577612442
1.61699999999993	4.02703514708916
1.61799999999993	4.04090105366219
1.61899999999993	4.04175879809981
1.61999999999993	3.99684545767446
1.62099999999993	3.98867643462165
1.62199999999993	3.97391347150141
1.62299999999993	4.04796305609959
1.62399999999993	4.08522872855115
1.62499999999993	4.08666631202527
1.62599999999993	4.04893627987474
1.62699999999993	4.01786751579573
1.62799999999993	4.04080767696459
1.62899999999993	4.03939905061551
1.62999999999993	3.99312205497787
1.63099999999993	3.97578183732076
1.63199999999993	3.96025980113796
1.63299999999993	4.03680365254308
1.63399999999993	4.0845718083826
1.63499999999993	4.09749114561739
1.63599999999993	4.0698763105408
1.63699999999993	4.02686231648869
1.63799999999993	4.04084548571047
1.63899999999993	4.04172240476092
1.63999999999993	3.99681224569681
1.64099999999993	3.98845784259873
1.64199999999993	3.97366497709982
1.64299999999993	4.04778193802009
1.64399999999993	4.08521669749717
1.64499999999993	4.0868082575901
1.64599999999993	4.04921649682867
1.64699999999993	4.0179557552076
1.64799999999993	4.04082453560367
1.64899999999993	4.03941167854564
1.64999999999993	3.99314462897418
1.65099999999993	3.97591836811363
1.65199999999993	3.96039691002819
1.65299999999993	4.03693787791814
1.65399999999993	4.08457614835743
1.65499999999993	4.09733082458866
1.65599999999993	4.06956667299586
1.65699999999993	4.02669562782582
1.65799999999993	4.04079251561273
1.65899999999993	4.04167253407691
1.65999999999993	3.99674526811204
1.66099999999993	3.98824836985574
1.66199999999993	3.97343259615041
1.66299999999993	4.04761294831961
1.66399999999993	4.08520798749855
1.66499999999993	4.08694955486061
1.66599999999993	4.0494911206175
1.66699999999993	4.01804400845554
1.66799999999993	4.04084518849572
1.66899999999993	4.03942106011128
1.66999999999993	3.99316634149812
1.67099999999993	3.97604539167728
1.67199999999993	3.96052283113675
1.67299999999993	4.0370644593037
1.67399999999993	4.08457356691833
1.67499999999993	4.09717061032014
1.67599999999993	4.06926389582952
1.67699999999993	4.02653445791257
1.67799999999993	4.04074123136432
1.67899999999993	4.0416312489124
1.67999999999993	3.99669587094474
1.68099999999993	3.98804242180991
1.68199999999993	3.97321051630343
1.68299999999993	4.0474468127713
1.68399999999993	4.08520248362601
1.68499999999993	4.08708802131375
1.68599999999993	4.04975874769056
1.68699999999993	4.01812984148808
1.68799999999992	4.0408652537376
1.68899999999992	4.03943621972814
1.68999999999992	3.9931820763629
1.69099999999992	3.97617403786363
1.69199999999992	3.96064721328471
1.69299999999992	4.0371919245482
1.69399999999992	4.08457178325866
1.69499999999992	4.09701627319905
1.69599999999992	4.068971166583
1.69699999999992	4.02638085450625
1.69799999999992	4.04069157668825
1.69899999999992	4.04157967108199
1.69999999999992	3.99664460799523
1.70099999999992	3.98784192469262
1.70199999999992	3.97299757026302
1.70299999999992	4.04729021529756
1.70399999999992	4.08519952756068
1.70499999999992	4.08722442360685
1.70599999999992	4.05002029368232
1.70699999999992	4.01821281171045
1.70799999999992	4.04088700762894
1.70899999999992	4.03944875883417
1.70999999999992	3.99319946993283
1.71099999999992	3.97629662758912
1.71199999999992	3.96076892478472
1.71299999999992	4.03731592303729
1.71399999999992	4.08456945275588
1.71499999999992	4.09686502526503
1.71599999999992	4.06868683206162
1.71699999999992	4.02623154306499
1.71799999999992	4.04064401849082
1.71899999999992	4.04156746219465
1.71999999999992	3.99658869771005
1.72099999999992	3.98764335006646
1.72199999999992	3.97278681910698
1.72299999999992	4.04713156448585
1.72399999999992	4.08518929435136
1.72499999999992	4.08735450837487
1.72599999999992	4.05027315190052
1.72699999999992	4.01829238239499
1.72799999999992	4.04091169780294
1.72899999999992	4.03946312660427
1.72999999999992	3.99322708161177
1.73099999999992	3.97641679751414
1.73199999999992	3.96088833360964
1.73299999999992	4.0374358117582
1.73399999999992	4.08456745058084
1.73499999999992	4.0967183439336
1.73599999999992	4.068411714044
1.73699999999992	4.02608586073487
1.73799999999992	4.04059705410404
1.73899999999992	4.04155127466723
1.73999999999992	3.996537966233
1.74099999999992	3.98745390024952
1.74199999999992	3.97258229119102
1.74299999999992	4.04697868741043
1.74399999999992	4.08518448918944
1.74499999999992	4.08748199385575
1.74599999999992	4.05051853135363
1.74699999999992	4.01836766155396
1.74799999999992	4.04093575064334
1.74899999999992	4.03947805034527
1.74999999999992	3.9932500237584
1.75099999999992	3.97653671179895
1.75199999999992	3.96100894204443
1.75299999999992	4.03755512380818
1.75399999999992	4.08456741925506
1.75499999999992	4.09657747522306
1.75599999999992	4.0681464730433
1.75699999999992	4.02594423355247
1.75799999999992	4.04055062637513
1.75899999999992	4.04154764899287
1.75999999999992	3.99648958925399
1.76099999999992	3.98727097024532
1.76199999999992	3.97237897899898
1.76299999999992	4.04682904961602
1.76399999999992	4.08517812992935
1.76499999999992	4.08760632057958
1.76599999999992	4.05075721129941
1.76699999999992	4.01844347526492
1.76799999999992	4.04096006518773
1.76899999999992	4.03949245912768
1.76999999999992	3.99327613425613
1.77099999999992	3.97665452572621
1.77199999999992	3.96112739511555
1.77299999999992	4.0376703436941
1.77399999999992	4.08456685877575
1.77499999999992	4.09643956228087
1.77599999999992	4.06788932217581
1.77699999999992	4.02580491994865
1.77799999999991	4.04050528778616
1.77899999999991	4.04154659340575
1.77999999999991	3.99644501876616
1.78099999999991	3.9870954662762
1.78199999999991	3.97218071620999
1.78299999999991	4.04668617564198
1.78399999999991	4.08517235977777
1.78499999999991	4.08772711791966
1.78599999999991	4.05098936610438
1.78699999999991	4.01851771430612
1.78799999999991	4.04098120152592
1.78899999999991	4.03950837570407
1.78999999999991	3.99330264581195
1.79099999999991	3.97677117356048
1.79199999999991	3.96124440335424
1.79299999999991	4.03778434156766
1.79399999999991	4.08456667733562
1.79499999999991	4.09630639225154
1.79599999999991	4.06764138748005
1.79699999999991	4.02567058100202
1.79799999999991	4.04046106317307
1.79899999999991	4.04154015904661
1.79999999999991	3.99640889555181
1.80099999999991	3.98692642561601
1.80199999999991	3.9719953903995
1.80299999999991	4.04654855704675
1.80399999999991	4.08516893016271
1.80499999999991	4.08784437267777
1.80599999999991	4.05121462085334
1.80699999999991	4.01858991515741
1.80799999999991	4.0410022340215
1.80899999999991	4.03952330317024
1.80999999999991	3.99332551219902
1.81099999999991	3.97688563507014
1.81199999999991	3.96135820254651
1.81299999999991	4.03789434212746
1.81399999999991	4.08456294794534
1.81499999999991	4.09618033605721
1.81599999999991	4.06740161267837
1.81699999999991	4.0255410921167
1.81799999999991	4.04041781973849
1.81899999999991	4.04153668925241
1.81999999999991	3.99637295659175
1.82099999999991	3.98676179919121
1.82199999999991	3.9718170638624
1.82299999999991	4.04641584852933
1.82399999999991	4.08516515863875
1.82499999999991	4.08795970795322
1.82599999999991	4.0514333971667
1.82699999999991	4.01866088357801
1.82799999999991	4.04102250962128
1.82899999999991	4.03953767863927
1.82999999999991	3.99334920787511
1.83099999999991	3.97699817148447
1.83199999999991	3.96147020292252
1.83299999999991	4.03800003649077
1.83399999999991	4.08455896230833
1.83499999999991	4.09605713187933
1.83599999999991	4.06716965474358
1.83699999999991	4.02541638331547
1.83799999999991	4.04037592359302
1.83899999999991	4.04153486324872
1.83999999999991	3.9963330225666
1.84099999999991	3.98660329054119
1.84199999999991	3.97164726367258
1.84299999999991	4.04628910699731
1.84399999999991	4.0851576702974
1.84499999999991	4.08807471315481
1.84599999999991	4.05164715190972
1.84699999999991	4.0187312406001
1.84799999999991	4.04104230306016
1.84899999999991	4.03955153225318
1.84999999999991	3.99337459347316
1.85099999999991	3.97710715614394
1.85199999999991	3.96158144418465
1.85299999999991	4.03810287274879
1.85399999999991	4.0845557555649
1.85499999999991	4.09593561873108
1.85599999999991	4.06694440084961
1.85699999999991	4.02529655583109
1.85799999999991	4.04033399276162
1.85899999999991	4.04152463425307
1.85999999999991	3.99629353547159
1.86099999999991	3.98644969501642
1.86199999999991	3.97148620644213
1.86299999999991	4.04616752016926
1.86399999999991	4.08514910861636
1.86499999999991	4.08818673117961
1.86599999999991	4.05185585653384
1.86699999999991	4.01880545649497
1.86799999999991	4.04106152815954
1.8689999999999	4.03956378742418
1.8699999999999	3.99339831430437
1.8709999999999	3.97721126811563
1.8719999999999	3.96168820588
1.8729999999999	4.03820285054925
1.8739999999999	4.08455308554975
1.8749999999999	4.09581706459098
1.8759999999999	4.06672604639688
1.8769999999999	4.0251794151643
1.8779999999999	4.04029234000125
1.8789999999999	4.04150684100971
1.8799999999999	3.99625754003446
1.8809999999999	3.98630524279497
1.8819999999999	3.97133544042895
1.8829999999999	4.04605327460034
1.8839999999999	4.08514456877482
1.8849999999999	4.08829667261388
1.8859999999999	4.05205972367862
1.8869999999999	4.01887651710528
1.8879999999999	4.04108006737112
1.8889999999999	4.03957588605537
1.8899999999999	3.99341883090027
1.8909999999999	3.97731167111581
1.8919999999999	3.96178958256326
1.8929999999999	4.03830035110793
1.8939999999999	4.08455121614293
1.8949999999999	4.09570111703618
1.8959999999999	4.06651410604434
1.8969999999999	4.02506978602142
1.8979999999999	4.04025286410155
1.8989999999999	4.04148444373615
1.8999999999999	3.99622233220408
1.9009999999999	3.98616952195605
1.9019999999999	3.97118953718699
1.9029999999999	4.04594326889583
1.9039999999999	4.08513907321086
1.9049999999999	4.08840435366751
1.9059999999999	4.05225866533766
1.9069999999999	4.01894602792442
1.9079999999999	4.04109838975942
1.9089999999999	4.03958821385583
1.9099999999999	3.99343935985953
1.9109999999999	3.97741070009202
1.9119999999999	3.96188692981496
1.9129999999999	4.03839074482153
1.9139999999999	4.08454935492038
1.9149999999999	4.09558862874936
1.9159999999999	4.06630902551813
1.9169999999999	4.02496357286875
1.9179999999999	4.04021492506725
1.9189999999999	4.04146528806999
1.9199999999999	3.99618777013259
1.9209999999999	3.98603976440889
1.9219999999999	3.97104522001081
1.9229999999999	4.04583654719985
1.9239999999999	4.08513763304794
1.9249999999999	4.08850879949217
1.9259999999999	4.05245183963741
1.9269999999999	4.0190132322969
1.9279999999999	4.04111571155555
1.9289999999999	4.03960061684846
1.9299999999999	3.99345937716325
1.9309999999999	3.97750767647843
1.9319999999999	3.96198238883834
1.9329999999999	4.03847854559818
1.9339999999999	4.08454751734622
1.9349999999999	4.09547952805812
1.9359999999999	4.06611058516096
1.9369999999999	4.02486116665848
1.9379999999999	4.04017894185575
1.9389999999999	4.04144321588647
1.9399999999999	3.99616341992665
1.9409999999999	3.9859160090166
1.9419999999999	3.97090468361774
1.9429999999999	4.04573342644486
1.9439999999999	4.0851384309179
1.9449999999999	4.08861059655091
1.9459999999999	4.052639941401
1.9469999999999	4.01907926729132
1.9479999999999	4.04113272184715
1.9489999999999	4.03961269060394
1.9499999999999	3.99347909791566
1.9509999999999	3.97760168711753
1.9519999999999	3.96207629922694
1.9529999999999	4.03856010389753
1.9539999999999	4.08454540558297
1.9549999999999	4.09537322378981
1.9559999999999	4.06591848358804
1.9569999999999	4.02476468924785
1.9579999999999	4.04014524104287
1.9589999999999	4.04142050160789
1.95999999999989	3.99614329082543
1.96099999999989	3.98579496747444
1.96199999999989	3.97076738079432
1.96299999999989	4.04563234612278
1.96399999999989	4.08514192860172
1.96499999999989	4.08870756240455
1.96599999999989	4.05282186394335
1.96699999999989	4.01913911875684
1.96799999999989	4.04115141534913
1.96899999999989	4.03962480198229
1.96999999999989	3.99350181364913
1.97099999999989	3.97769448614361
1.97199999999989	3.96217033651623
1.97299999999989	4.03864287679685
1.97399999999989	4.08454298961882
1.97499999999989	4.09527020329157
1.97599999999989	4.06573247367829
1.97699999999989	4.02467055373381
1.97799999999989	4.04011177444392
1.97899999999989	4.04140748822238
1.97999999999989	3.99611724995176
1.98099999999989	3.9856752578582
1.98199999999989	3.97063183285667
1.98299999999989	4.04553116261987
1.98399999999989	4.08514456376581
1.98499999999989	4.0887995213432
1.98599999999989	4.05299720602992
1.98699999999989	4.01919909294834
1.98799999999989	4.04117013906272
1.98899999999989	4.03963604313344
1.98999999999989	3.99352548987725
1.99099999999989	3.97778528896052
1.99199999999989	3.96226211726515
1.99299999999989	4.03872648145847
1.99399999999989	4.08454093017943
1.99499999999989	4.09517092861214
1.99599999999989	4.06555283904634
1.99699999999989	4.02458020541746
1.99799999999989	4.04007950998578
1.99899999999989	4.04139906236598
2	3.99608791170859
