"Time [s]"	"SolidLoss [kW]"	"StrandedLossR [kW]"
0	0	0
0.001	1.1330425088505	0.843876748868352
0.002	5.11829867193978	4.37338543301973
0.003	10.6023058663214	10.093348621567
0.004	16.2209073128036	16.9036083318617
0.005	21.5406215501082	23.8190945815827
0.006	26.2490828892848	30.0004794014107
0.007	29.725465607623	34.6643893348429
0.008	31.4672051859049	37.3831824369889
0.009	31.6250055035682	38.1301682177282
0.01	30.7511711269842	36.7677761930217
0.011	28.9418936090865	33.597384411125
0.012	26.306774449726	29.3003191523821
0.013	23.2274030531787	24.4722571375519
0.014	20.249033572852	19.697816205362
0.015	17.2733976579379	15.4663985865059
0.016	14.5647102688275	12.1986422378386
0.017	12.2141768064699	9.99509931736146
0.018	10.5451646175502	8.80114220371524
0.019	9.55322720425822	8.22880842280575
0.02	9.60214116900215	8.23482890408379
0.021	10.3642106909361	8.83038754466984
0.022	11.5384125744092	9.78517743693384
0.023	12.9704176476498	11.3438830916492
0.024	14.2742174479994	13.3001535477261
0.025	15.4725153657233	15.4767940482546
0.026	16.5396129417953	17.4600033217927
0.027	17.5882449332369	19.0448236161132
0.028	18.1236671085919	20.0816994492726
0.029	18.0628656432493	20.4536001900789
0.03	17.9015155339352	20.1788523091145
0.031	17.5697991598659	19.318759263744
0.032	17.0343528964031	18.0400675790838
0.033	16.6303582634655	16.5704020364315
0.034	16.3632612819468	15.2441387880922
0.035	15.9742472847277	14.2223261207504
0.036	15.4008614915649	13.5929236608543
0.037	14.6030811057239	13.1631959355404
0.038	13.8654498375266	13.0556805658098
0.039	13.5350075970025	12.9711704859655
0.04	13.6051730015136	12.8747084537288
0.041	14.1626964897027	12.9980533033332
0.042	14.4893806752976	13.016280597357
0.043	14.9512988050592	13.3537840273122
0.044	15.1245478463282	13.9221144104026
0.045	15.2518376947731	14.7923883176554
0.046	15.3912197661925	15.7201484686271
0.047	15.7567937831449	16.4998662445448
0.048	15.9009606420517	17.0375385576247
0.049	15.7093926121295	17.2106901105521
0.05	15.6008385264182	17.0514389106471
0.051	15.4731497001807	16.5940276571651
0.052	15.3151550927449	15.8883295599442
0.053	15.4700803584614	15.1209999254812
0.054	15.750188108961	14.5320959118165
0.055	15.8981597511604	14.2073212447404
0.056	15.7467062781899	14.1294356870726
0.057	15.3170281006751	14.1215459278877
0.058	14.7571382464508	14.2392473300491
0.059	14.5738591726169	14.2619080872878
0.06	14.6078541859134	14.1023611575607
0.061	15.0867355700961	14.057416598056
0.062	15.1755169872193	13.8403267999787
0.063	15.420626323717	13.8706041045502
0.064	15.3524848503498	14.0997388585519
0.065	15.2358483561244	14.6480871144556
0.066	15.1533485527634	15.3200722871307
0.067	15.3569705282966	15.9163073102155
0.068	15.4258950983777	16.3374951942445
0.069	15.2263406477325	16.4561427914727
0.07	15.1159103829564	16.3030069620233
0.071	15.0088429766322	15.9299537756477
0.0720000000000001	14.9273527440705	15.353035794006
0.0730000000000001	15.2034011528913	14.7548336628231
0.0740000000000001	15.5936483638592	14.3430625721164
0.0750000000000001	15.8474886927909	14.1929314680089
0.0760000000000001	15.7842938453856	14.2582723576697
0.0770000000000001	15.4447399372797	14.3656863993995
0.0780000000000001	14.9500202232217	14.5580200745285
0.0790000000000001	14.7927445245762	14.5982395091411
0.0800000000000001	14.8162245249432	14.4132918037424
0.0810000000000001	15.2550174104302	14.3025670268381
0.0820000000000001	15.2752749456486	14.0257665612406
0.0830000000000001	15.486776504717	13.9759999408341
0.0840000000000001	15.38513090696	14.1161003093561
0.0850000000000001	15.2231864233775	14.5770001926771
0.0860000000000001	15.0821782518929	15.1817582576656
0.0870000000000001	15.2405428069718	15.7343875960412
0.0880000000000001	15.3073121861459	16.1291438587257
0.0890000000000001	15.1215873384735	16.23280252839
0.0900000000000001	15.0087192407336	16.0691921147166
0.0910000000000001	14.8946210278777	15.7151753436225
0.0920000000000001	14.8308045367762	15.1719600915918
0.0930000000000001	15.1329481958209	14.6237982268109
0.0940000000000001	15.5364766527017	14.2640725697603
0.0950000000000001	15.7999592103625	14.1707878282231
0.0960000000000001	15.7488851799164	14.2873234037085
0.0970000000000001	15.4367954785193	14.4374054427435
0.0980000000000001	14.9805052374221	14.6606644560769
0.0990000000000001	14.8326509369023	14.7072070270336
0.1	14.8510758917683	14.5106307970726
0.101	15.2487923252443	14.3663917352044
0.102	15.2572221616499	14.0679568077668
0.103	15.4715348143238	13.9907399442052
0.104	15.379974190493	14.0996485689495
0.105	15.2164913748617	14.5280842057236
0.106	15.0529776965106	15.1081625563972
0.107	15.190227134941	15.6488899463615
0.108	15.2674290028627	16.0359059115685
0.109	15.0976351479441	16.134054429283
0.11	14.9855692668978	15.9587686094792
0.111	14.861591599653	15.6071160092114
0.112	14.8068409918753	15.0794351480992
0.113	15.1133352710613	14.5531926692802
0.114	15.5084748791037	14.2159766497329
0.115	15.7599636617357	14.1506630217839
0.116	15.7042087362666	14.2948078108836
0.117	15.4033778890589	14.4688888008356
0.118	14.9783768189123	14.7122467180667
0.119	14.833879545485	14.7602919185388
0.12	14.8530479539761	14.555847146518
0.121	15.2126427041003	14.3909290829728
0.122	15.2202581860125	14.0787702367583
0.123	15.446122602764	13.987156093368
0.124	15.371440057806	14.0791503396442
0.125	15.2149889089373	14.4891011926209
0.126	15.0377049708095	15.0549035343982
0.127	15.1581351162837	15.5911916476031
0.128	15.2458180851688	15.9741681817023
0.129	15.0912780534833	16.0687132110806
0.13	14.9816885350618	15.8833928621432
0.131	14.846258858789	15.5302889429047
0.132	14.8034947073473	15.0152533301
0.133	15.1090776662203	14.5031340237248
0.134	15.4920849236788	14.1802618335578
0.135	15.7280259503366	14.1341850906887
0.136	15.6642520021795	14.2978564956802
0.137	15.3695797575181	14.4899131558033
0.138	14.9711913453652	14.7486671937595
0.139	14.8326652145417	14.7970308744299
0.14	14.8501058434276	14.5873225108926
0.141	15.1767404767964	14.4056216986226
0.142	15.1853615041008	14.0837868057465
0.143	15.4231766476826	13.9799925625865
0.144	15.3648416746749	14.0594744145304
0.145	15.2167536459229	14.4557446546709
0.146	15.0287646845276	15.0106930774954
0.147	15.1332722686615	15.5447034104572
0.148	15.2290149263442	15.924430178686
0.149	15.0891418098694	16.015439444735
0.15	14.9824902427795	15.8219832302127
0.151	14.8394803615433	15.468980851379
0.152	14.8042917184781	14.9633425202855
0.153	15.1100860414931	14.4629287521667
0.154	15.4815207667808	14.1511515479381
0.155	15.7026261823874	14.1204367829384
0.156	15.6306158036349	14.299575772192
0.157	15.3396639393486	14.5067875078382
0.158	14.9644065464454	14.7781986479385
0.159	14.8319956699581	14.8271107628364
0.16	14.8466609981619	14.6129576205759
0.161	15.1465097277171	14.4173633752244
0.162	15.1581252006123	14.0882172484508
0.163	15.3891717434149	13.9547864057021
0.164	15.3629720134762	14.0435909427499
0.165	15.2202493887396	14.427222387627
0.166	15.0226176399924	14.9721071132659
0.167	15.1117410051443	15.5042074981797
0.168	15.2141943924145	15.881801776035
0.169	15.0864136656086	15.9680046865046
0.17	14.9830199495477	15.7674569446252
0.171	14.8366905177498	15.4155740357234
0.172	14.8052261289181	14.9180402747584
0.173	15.1130502742234	14.4279730760113
0.174	15.4736437195859	14.1256143475964
0.175	15.6817563141062	14.1080962843051
0.176	15.6020572608435	14.3004642846819
0.177	15.3137832263835	14.5212155584038
0.178	14.9590194914073	14.8039267138424
0.179	14.8325058722385	14.8536310094959
0.18	14.8449301321802	14.6359995510729
0.181	15.1057573181104	14.4417889757701
0.182	15.1347714570814	14.0899345850949
0.183	15.3948051076482	13.9687966938545
0.184	15.3631175304598	14.0282299403343
0.185	15.2274788078269	14.401929124962
0.186	15.0219870057103	14.9395881710196
0.187	15.0960068562596	15.4707199485602
0.188	15.2025714319188	15.8463577362281
0.189	15.0864518110387	15.928207377441
0.19	14.9860517358741	15.7215573573948
0.191	14.8368582371382	15.3707538650261
0.192	14.8071231590555	14.8801695102474
0.193	15.1175765307383	14.398356860681
0.194	15.468259187665	14.1033453618147
0.195	15.6644385972561	14.0966470684054
0.196	15.5770620567063	14.3000583746363
0.197	15.2904811171137	14.5327572452865
0.198	14.9535307788311	14.825304005617
0.199	14.8328459034668	14.875932514741
0.2	14.8431178110906	14.6555716091351
0.201	15.0866816611463	14.4508093164287
0.202	15.1127616670823	14.0921276071636
0.203	15.3838298068902	13.9632193495171
0.204	15.3652027982541	14.0168397732123
0.205	15.233771236483	14.3788526159577
0.206	15.0205437187777	14.9088349882085
0.207	15.0806733027986	15.4391277357051
0.208	15.1903282315987	15.8134667729591
0.209	15.0853017089685	15.8914949810629
0.21	14.9880481689626	15.6797418071928
0.211	14.8370341053989	15.3304993479205
0.212	14.8085740456572	14.8468432160276
0.213	15.1228703015501	14.3724249174182
0.214	15.4650494109512	14.0842727691685
0.215	15.6503730373745	14.0869296151381
0.216	15.5557428562425	14.3001362863223
0.217	15.2703850989892	14.5438089058179
0.218	14.9493619932839	14.8450308734658
0.219	14.834730195693	14.896785911552
0.22	14.8425411647252	14.6738263488371
0.221	15.0704352786381	14.4598979763603
0.222	15.0933527069479	14.0942402250099
0.223	15.3749613734173	13.9582834593031
0.224	15.3639443286394	14.0002861574244
0.225	15.2398210152691	14.3568305357614
0.226	15.021058843647	14.8813998573924
0.227	15.0678528082446	15.4109261979526
0.228	15.1791822203115	15.7844198846845
0.229	15.0839327499561	15.8588035612319
0.23	14.9897306732363	15.6424383423123
0.231	14.8376816363889	15.2947356563411
0.232	14.8092452427146	14.817368720249
0.233	15.1277935708465	14.3490496787641
0.234	15.4626634422443	14.0669583222755
0.235	15.638438157117	14.0780481594126
0.236	15.5367812069668	14.2999834556065
0.237	15.2523511220218	14.5537810155129
0.238	14.9458088617232	14.8626906823422
0.239	14.8373495062607	14.9158136739378
0.24	14.8422898007388	14.6904486548491
0.241	15.056087944706	14.4684953637854
0.242	15.075450068858	14.09620582808
0.243	15.368187657545	13.9541893981715
0.244	15.365231616611	13.9877764968914
0.245	15.24642510868	14.3371196934602
0.246	15.022053304209	14.856195631876
0.247	15.0565483506212	15.3850285582482
0.248	15.1684465332742	15.757982182575
0.249	15.082283678139	15.8295703843312
0.25	14.9908746583496	15.6088546324289
0.251	14.8383089606733	15.2627202400981
0.252	14.8093217086243	14.7911049350545
0.253	15.1328716062606	14.3280498703913
0.254	15.4609876975845	14.0513577102003
0.255	15.6281183068569	14.0699838055864
0.256	15.5197918060918	14.2998284270141
0.257	15.2361649781086	14.5630739533272
0.258	14.942899044453	14.8787732718888
0.259	14.8412256122319	14.9334366392938
0.26	14.8421543059473	14.7057633980725
0.261	15.0432072603548	14.4766512047649
0.262	15.0604598912279	14.0986400027285
0.263	15.3623193836732	13.9503326579677
0.264	15.3677795431704	13.9767233215024
0.265	15.2526357439778	14.3187023161423
0.266	15.0234150291098	14.8328548285257
0.267	15.0463563809163	15.361010671003
0.268	15.1580851797316	15.733650707286
0.269	15.0801830746138	15.8031339683251
0.27	14.9916580626782	15.5786837368082
0.271	14.8387882539176	15.2340342594582
0.272	14.8086544886904	14.7675512943106
0.273	15.1381211292379	14.3091912324311
0.274	15.4599773202334	14.0373262809037
0.275	15.619164983376	14.0627334921291
0.276	15.504469915619	14.2997537685345
0.277	15.2215213201427	14.5718708584147
0.278	14.9405921647688	14.8935041110094
0.279	14.8449601965855	14.9497000632812
0.28	14.8404009506881	14.7108498876638
0.281	15.0331536055741	14.4843618597801
0.282	15.0493352966597	14.102391361256
0.283	15.3572373679242	13.9471530540684
0.284	15.3700727760952	13.9662893653976
0.285	15.2587370320707	14.3015387670355
0.286	15.0251226967611	14.8111252832995
0.287	15.037178282291	15.3385750894888
0.288	15.1482670034925	15.7112592373795
0.289	15.0773175528844	15.7790117168779
0.29	14.991340626907	15.5460521071416
0.291	14.8388002169611	15.2083182776255
0.292	14.8089024288012	14.7467880330621
0.293	15.1436039240094	14.2923519193838
0.294	15.4599154190664	14.0249256214727
0.295	15.6114353718824	14.0563399712108
0.296	15.4906789582659	14.2999129545889
0.297	15.2082941763312	14.580328470895
0.298	14.9388557284705	14.9072885988902
0.299	14.8487704534724	14.9648871754255
0.3	14.8415947283097	14.7242520247147
0.301	15.0218747147063	14.4918197157312
0.302	15.0377600719529	14.1051682748615
0.303	15.3526251354756	13.9438392518413
0.304	15.3724082194258	13.9563429232619
0.305	15.2646495222853	14.2854177972746
0.306	15.02714926796	14.7909669918758
0.307	15.0290559473195	15.317870272923
0.308	15.1392609647332	15.6909098354127
0.309	15.0742700697371	15.7574390407786
0.31	14.9909947233018	15.5214740728287
0.311	14.8381617613891	15.1849684291843
0.312	14.8079262150188	14.7274995928139
0.313	15.1484971508029	14.2765710741945
0.314	15.4596452638978	14.0131207086963
0.315	15.6042889827177	14.0502519143486
0.316	15.4778257826094	14.2998936858907
0.317	15.1959898357027	14.5882186385613
0.318	14.93754756072	14.9200764778965
0.319	14.8522548930605	14.9791273123588
0.32	14.8425792464119	14.7366690850888
0.321	15.0122314842173	14.4992769597382
0.322	15.0272127831229	14.1085284417667
0.323	15.3489136784843	13.9411762142739
0.324	15.3748949297651	13.9471563255709
0.325	15.2704935195644	14.2704193086816
0.326	15.0294757416961	14.7722474435243
0.327	15.0218858980067	15.2985996694897
0.328	15.1308589226496	15.672146695846
0.329	15.0709068858869	15.7378406316181
0.33	14.9901742945442	15.4991838886398
0.331	14.8377901156745	15.163867323384
0.332	14.8065938834296	14.7097423396078
0.333	15.1530763537113	14.2620219317498
0.334	15.4594546730405	14.0020858898696
0.335	15.5977680756803	14.0446127614329
0.336	15.4659282072298	14.2998838954048
0.337	15.1845343305304	14.5957569718313
0.338	14.9365281001441	14.9320071925702
0.339	14.8556473159099	14.992465876891
0.34	14.8435467551755	14.7484023863033
0.341	15.0035250476259	14.506596708819
0.342	15.0176196392617	14.1120208465554
0.343	15.3455228909371	13.9387957877811
0.344	15.3774301375049	13.9385912737204
0.345	15.2762013519643	14.2563756800943
0.346	15.0320085993391	14.7547819784689
0.347	15.0157644555278	15.2807020913822
0.348	15.1228832540954	15.6547019638848
0.349	15.0672534767652	15.7199052735718
0.35	14.9888786808192	15.4788594135459
0.351	14.8371628699456	15.1446320801371
0.352	14.8052699201419	14.6933337231859
0.353	15.1573998355698	14.2484924772214
0.354	15.4595310950393	13.9919978795888
0.355	15.591762176539	14.0394093698729
0.356	15.4548265290386	14.2998792444144
0.357	15.1738621499366	14.6030464184079
0.358	14.9357662001559	14.9432275201631
0.359	14.8589158924025	15.0050078835373
0.36	14.8446843964602	14.7595111537504
0.361	14.9955695839107	14.5137126193726
0.362	15.0082144462506	14.1154703036316
0.363	15.342746603783	13.9369161307776
0.364	15.3801272668838	13.9306713843371
0.365	15.2818692168289	14.2432959504501
0.366	15.0347222231313	14.7384743598646
0.367	15.0099415250962	15.2637822133921
0.368	15.1156151862642	15.6385085580361
0.369	15.0635595814415	15.7035116461871
0.37	14.9872835406442	15.4603727674801
0.371	14.8364474014802	15.1271011439749
0.372	14.8039320555679	14.678127572383
0.373	15.1614843745033	14.2359657379799
0.374	15.4598287200799	13.98271460413
0.375	15.5861855469465	14.0345944908507
0.376	15.4444356856847	14.2998952099287
0.377	15.1638323393094	14.6100344814304
0.378	14.9351967859113	14.9537664837453
0.379	14.8622733314157	15.0168085565694
0.38	14.8459914606223	14.7700129032181
0.381	14.9881264500546	14.5205723785428
0.382	14.9999943278615	14.1189826082503
0.383	15.3402927675398	13.9352170985438
0.384	15.3826780722658	13.923188008056
0.385	15.2873650564099	14.2309757740152
0.386	15.0375355271635	14.723139248284
0.387	15.0049803548385	15.247942687131
0.388	15.1087588769931	15.6233866695089
0.389	15.0597059783895	15.688354585698
0.39	14.9853481369686	15.4434229482614
0.391	14.8355482562326	15.110946826045
0.392	14.8026757902873	14.6639001690653
0.393	15.1654989317013	14.224280088641
0.394	15.4599754327863	13.9738664933309
0.395	15.5810555135859	14.0301537755456
0.396	15.4347228021804	14.2999793250189
0.397	15.1544812353872	14.6167739719755
0.398	14.9345403180753	14.9625783179118
0.399	14.8654337138583	15.0279838060067
0.4	14.8469546662293	14.7799639804277
0.401	14.9812200516092	14.5270522337471
0.402	14.9918979868447	14.1222600373059
0.403	15.337909892186	13.9335511266387
0.404	15.3854698132249	13.9163058759968
0.405	15.2925725675317	14.2192742696661
0.406	15.0403207069327	14.7085747870276
0.407	15.0004430457596	15.2329007432921
0.408	15.1006853687082	15.600019548149
0.409	15.0553070470009	15.6768582166717
0.41	14.9812015093249	15.4278947429131
0.411	14.8331303304624	15.0952232089097
0.412	14.8001219513783	14.6496105378372
0.413	15.1680764857744	14.2122780062257
0.414	15.4591960514936	13.9646118123009
0.415	15.5755045478568	14.0251939135226
0.416	15.4249842004764	14.2994308176177
0.417	15.1453922109482	14.6227885734842
0.418	14.9340377453432	14.9718927631976
0.419	14.8684351898862	15.0385245248342
0.42	14.8484965522836	14.7897482044191
0.421	14.9749873746873	14.5338779107174
0.422	14.9906623748135	14.1306984992188
0.423	15.3208248544309	13.912963034205
0.424	15.3887377184966	13.9138648372577
0.425	15.296978804507	14.2091368089331
0.426	15.0417976677626	14.6943467963443
0.427	14.9952412864134	15.2178335817998
0.428	15.0929451511047	15.5852988688057
0.429	15.0502148799976	15.6623210560306
0.43	14.9775933910696	15.4120380176855
0.431	14.8309521198524	15.0800674793332
0.432	14.7981975321652	14.6360693633986
0.433	15.1710940454674	14.2013065513619
0.434	15.4589684946407	13.9564542494691
0.435	15.5709367672043	14.0213684140382
0.436	15.4164716498358	14.2998803582808
0.437	15.1376220720758	14.6295013704553
0.438	14.9345662074737	14.9817618027862
0.439	14.8720652557593	15.049421844412
0.44	14.8503471014437	14.799577894135
0.441	14.9694409296928	14.5407018588149
0.442	14.9784437193656	14.1303393679879
0.443	15.3352941270724	13.9322844099557
0.444	15.3917432511039	13.90488748564
0.445	15.3029973551226	14.198464121637
0.446	15.0463699333398	14.6822131575265
0.447	14.9927653743712	15.2053568996402
0.448	15.0884963856075	15.5739533715697
0.449	15.0474945151843	15.6510499283384
0.45	14.9759453687354	15.3995706110169
0.451	14.8303657545866	15.0678674810635
0.452	14.7976249609178	14.6248003510222
0.453	15.1746366580064	14.1918965832204
0.454	15.4591530505721	13.9492016749839
0.455	15.56654600295	14.0176504994754
0.456	15.4079650265795	14.2997937903387
0.457	15.1296685155449	14.6350425058983
0.458	14.9343830704572	14.990150164887
0.459	14.8744163529221	15.058615846286
0.46	14.8514234896791	14.8079160085269
0.461	14.9635538454897	14.5464448996227
0.462	14.9724656177224	14.1337930390177
0.463	15.3335288171684	13.9311975989179
0.464	15.3945809117946	13.8994231595137
0.465	15.3077584879743	14.1886718189251
0.466	15.0493613402349	14.6700642886974
0.467	14.9892287260251	15.1926316059725
0.468	15.0834014821	15.5623967085602
0.469	15.0440795803428	15.6396571274019
0.47	14.9736327664784	15.3873075836513
0.471	14.8294655442986	15.0559676074594
0.472	14.7968588730103	14.6138080774979
0.473	15.178014173258	14.1829317164245
0.474	15.4593450016337	13.9424086990822
0.475	15.5625185137662	14.0143553504198
0.476	15.4001064183978	14.3000522242681
0.477	15.1225679925632	14.6407195603189
0.478	14.9346486388138	14.998581970859
0.479	14.8767379722553	15.0678443500633
0.48	14.8527395354793	14.8161957778077
0.481	14.9581932390348	14.5522101245185
0.482	14.966807106204	14.1373770456127
0.483	15.3320810940098	13.930401999891
0.484	15.3976320944198	13.8944791962273
0.485	15.3121942572407	14.1792601727018
0.486	15.0521908744896	14.6583955444825
0.487	14.9863782621605	15.1805773478879
0.488	15.078233740392	15.5512086832346
0.489	15.0404449919752	15.62878880265
0.49	14.9710443307854	15.3756216579256
0.491	14.8284348580007	15.0446035460773
0.492	14.7959473675774	14.6032463942072
0.493	15.1811590083012	14.1744200767121
0.494	15.4595569355591	13.9360428935044
0.495	15.5587108701486	14.0113248459868
0.496	15.3926769318945	14.3004407704543
0.497	15.1160327307409	14.6462919728306
0.498	14.935086246433	15.0067798265837
0.499	14.8790315687169	15.0765871288146
0.5	14.8541748190462	14.8243212638731
0.501	14.9532516553891	14.55790068512
0.502	14.9610822168807	14.1410701386108
0.503	15.3308917309517	13.9298059486347
0.504	15.4005656222096	13.8898247549357
0.505	15.3166768606109	14.1704560740357
0.506	15.0550427095527	14.6473514864634
0.507	14.9838621270939	15.1691129476593
0.508	15.0733591768093	15.54059303272
0.509	15.0370661406438	15.618270914393
0.51	14.9685275510547	15.3645929900573
0.511	14.8274833956686	15.0338417823551
0.512	14.7950300665039	14.5931638665571
0.513	15.184196187977	14.1663783450119
0.514	15.4597302800132	13.9300280762913
0.515	15.5550592051641	14.0085059933182
0.516	15.3855795533195	14.3008900531112
0.517	15.1099220799875	14.6517049340187
0.518	14.9355753923039	15.0146229483423
0.519	14.8815772617749	15.0850448808239
0.52	14.8557363458404	14.832306583758
0.521	14.9485577410902	14.5634152198563
0.522	14.9565316530901	14.1449595033501
0.523	15.3296022781463	13.9292198445673
0.524	15.4029704152268	13.8851822182318
0.525	15.3209832424102	14.1620376763184
0.526	15.057839326837	14.6368278872254
0.527	14.981230729847	15.1579409524154
0.528	15.0688309571376	15.5304374639321
0.529	15.0338687275291	15.6085172924542
0.53	14.9660982561428	15.3542309176626
0.531	14.8265710023941	15.0237129934667
0.532	14.7942221847303	14.5836391860699
0.533	15.1870905315841	14.1588032116319
0.534	15.4599700973203	13.9244048162191
0.535	15.5516599010358	14.0059485139512
0.536	15.3788523594593	14.3014263732318
0.537	15.1042604616172	14.6570013644817
0.538	14.9359815511569	15.0220566738855
0.539	14.8841654691499	15.0932214919282
0.54	14.8574873454608	14.8401080027101
0.541	14.9440767987164	14.5687251800334
0.542	14.9515605264736	14.1486849623902
0.543	15.3284411398954	13.9287900109299
0.544	15.4056462901488	13.8809845366599
0.545	15.3252305844016	14.154123775383
0.546	15.0617274555012	14.6312669830873
0.547	14.9768104023323	15.1464762509684
0.548	15.0644588166234	15.5204820657693
0.549	15.0307133935593	15.5991227501196
0.55	14.9635989638063	15.34430395867
0.551	14.8256642232783	15.0140286840385
0.552	14.7933523226182	14.5745138061667
0.553	15.1898509189802	14.1516367464321
0.554	15.4602165209717	13.9191571551708
0.555	15.5484430195806	14.0036421539939
0.556	15.3724920066996	14.3021084828
0.557	15.0990055151285	14.6622574829214
0.558	14.9364860033344	15.0292644024962
0.559	14.886921718888	15.1011642884402
0.56	14.8590963659974	14.8476334990829
0.561	14.9399531619418	14.5739528503516
0.562	14.9469904684895	14.1524170376859
0.563	15.3274808805036	13.9284453138987
0.564	15.4069713454421	13.8761581283734
0.565	15.3297266107876	14.1466574427199
0.566	15.0645759191036	14.6218596939985
0.567	14.9747581538221	15.1364534580233
0.568	15.060407047349	15.5113200908855
0.569	15.0278680903198	15.5903893516931
0.57	14.9613125009252	15.3350624125035
0.571	14.8249430968887	15.0049511818648
0.572	14.7926664667076	14.5658843690735
0.573	15.192514194464	14.144873074623
0.574	15.4604154225439	13.9141828508575
0.575	15.545289446588	14.0014331404465
0.576	15.3663063296131	14.3027390993955
0.577	15.0939128634924	14.6671980100568
0.578	14.9369190914166	15.0360883507032
0.579	14.8895351485338	15.108680639871
0.58	14.8604753335026	14.8546806013041
0.581	14.93611683099	14.5789488089911
0.582	14.9426004628959	14.1561569787825
0.583	15.3264963346756	13.9282089848028
0.584	15.4093404368623	13.8722592393645
0.585	15.3338060182355	14.139516347164
0.586	15.0673049189848	14.6128812728876
0.587	14.9731718169029	15.1269545974673
0.588	15.0562659221005	15.5023765615249
0.589	15.0251017452814	15.5820099296955
0.59	14.959069893548	15.3262461298854
0.591	14.8242520172549	14.996260409246
0.592	14.7921160703533	14.5576163487164
0.593	15.1950341819397	14.1384460412702
0.594	15.4605966183901	13.9094995364477
0.595	15.5422281136543	13.9993733669372
0.596	15.3603480114264	14.3034252966328
0.597	15.0891694897616	14.6721105796791
0.598	14.9374146168869	15.0427582927815
0.599	14.8918333107997	15.1159388254191
0.6	14.8613243084633	14.8611228052626
0.601	14.9325302140449	14.5838766122984
0.602	14.938387739773	14.1599201093113
0.603	15.3256823081166	13.928201553175
0.604	15.4112053605182	13.8683555185785
0.605	15.3378099413949	14.1327498426448
0.606	15.0700501580347	14.6043549467358
0.607	14.9717342189373	15.117892794375
0.608	15.0522128154813	15.4937146879221
0.609	15.0226129674651	15.5740544868039
0.61	14.9570013048691	15.3179135057032
0.611	14.8236850447274	14.988009932858
0.612	14.7916693488202	14.5497498447608
0.613	15.197448135668	14.1323712787065
0.614	15.4607736702176	13.9050830966467
0.615	15.5393072387315	13.9974838738454
0.616	15.3546251287755	14.3041749950019
0.617	15.0845642943792	14.6768384478096
0.618	14.9379749424026	15.0492139569441
0.619	14.8939390923079	15.1229026658921
0.62	14.8625224699659	14.8674795321154
0.621	14.9289886659246	14.5886614162225
0.622	14.9343825771669	14.1637249744799
0.623	15.3248039949285	13.9282253013193
0.624	15.4134077852798	13.8649073025726
0.625	15.3415525381204	14.126276077717
0.626	15.0726909621523	14.5961807478558
0.627	14.9702094735212	15.1090642759714
0.628	15.0484441757315	15.485433720686
0.629	15.0202569320732	15.5664448573789
0.63	14.9550289632216	15.309982853785
0.631	14.8231952094725	14.9801400472615
0.632	14.7912670799038	14.5422288337487
0.633	15.199795658948	14.1266419801426
0.634	15.4608156782819	13.9008089732983
0.635	15.5365535485894	13.9957710878857
0.636	15.3491486013798	14.3050072360627
0.637	15.0802294094525	14.6814571454878
0.638	14.9386474052831	15.0555149438369
0.639	14.8959289866026	15.1296226042435
0.64	14.8636860770557	14.8735616926415
0.641	14.9255905507115	14.5933021758394
0.642	14.9305336767973	14.1674948501434
0.643	15.3239936137339	13.928350207792
0.644	15.4157697626189	13.8617738419372
0.645	15.3451088506662	14.12009615446
0.646	15.0752414482731	14.5883288162123
0.647	14.9688101663782	15.1005737326407
0.648	15.044861745062	15.4774927223435
0.649	15.0179591433048	15.559134952945
0.65	14.9531039515416	15.3023945253257
0.651	14.8227138269961	14.9725946566701
0.652	14.7909355951565	14.5350188921709
0.653	15.2020662321066	14.1212213634788
0.654	15.4607828569096	13.8967230249288
0.655	15.5339143988555	13.9941978210054
0.656	15.3438768147708	14.3059043457821
0.657	15.0761989243181	14.686000834432
0.658	14.9393007019884	15.0616036041638
0.659	14.8978634866647	15.1361061519208
0.66	14.8651394331323	14.879626407577
0.661	14.9222909754122	14.5977883366848
0.662	14.9266867844507	14.1710934999139
0.663	15.3231757172229	13.9285056304924
0.664	15.418246941086	13.8589243760094
0.665	15.3484762137038	14.1141848002052
0.666	15.0777358423927	14.5808059861623
0.667	14.9675409772343	15.0924271618627
0.668	15.0416004411843	15.4700140292823
0.669	15.0156716026474	15.5520991728565
0.67	14.9512074912823	15.2951199086742
0.671	14.8222937704819	14.9653510796657
0.672	14.7906622954239	14.5280846090191
0.673	15.2042554064635	14.116069937723
0.674	15.460699117412	13.8928233328507
0.675	15.5313553125094	13.9927309370585
0.676	15.3387706404173	14.3068439767847
0.677	15.0724553166433	14.6904867014989
0.678	14.9399673654807	15.0674483522399
0.679	14.8998123721725	15.1423252171305
0.68	14.866622933042	14.8856057952393
0.681	14.9191218774944	14.6021421758244
0.682	14.9228397057812	14.1745513001901
0.683	15.3224175863967	13.9287502665198
0.684	15.4201933677891	13.8559645627077
0.685	15.3519447061203	14.108667621272
0.686	15.080263927789	14.5736532502431
0.687	14.9664019378112	15.0846180639823
0.688000000000001	15.0384949336618	15.4628112467453
0.689000000000001	15.0135265667046	15.5453825452555
0.690000000000001	14.949417593635	15.2881851473272
0.691000000000001	14.8217879497688	14.9584091189938
0.692000000000001	14.790471415406	14.5214461587613
0.693000000000001	15.2063394887926	14.1111635105457
0.694000000000001	15.4605101772853	13.8890484896538
0.695000000000001	15.5288913640104	13.9913734396592
0.696000000000001	15.3338257246126	14.3078241279085
0.697000000000001	15.0688633497086	14.6948297306383
0.698000000000001	14.940468745113	15.0729297333413
0.699000000000001	14.9018239224863	15.1482943202563
0.700000000000001	14.8681558031659	14.8914114452702
0.701000000000001	14.916210698091	14.6064241993133
0.702000000000001	14.9191367395908	14.1779172218775
0.703000000000001	15.321803401771	13.9291501195484
0.704000000000001	15.4221101365287	13.8532255855373
0.705000000000001	15.3553585558162	14.1034730892265
0.706000000000001	15.0827719198497	14.5668291238781
0.707000000000001	14.9682558837388	15.0802517528787
0.708000000000001	15.0349310603256	15.4558299232709
0.709000000000001	15.0108861418898	15.5385375414291
0.710000000000001	14.9473635873282	15.2811919972807
0.711000000000001	14.8211115613656	14.9515037014494
0.712000000000001	14.7901906900145	14.5148805644079
0.713000000000001	15.2082859862267	14.1063790840752
0.714000000000001	15.4602732597964	13.8854170882245
0.715000000000001	15.5265267163466	13.9901460505088
0.716000000000001	15.3290812395766	14.3089228670014
0.717000000000001	15.065534195798	14.6991564360548
0.718000000000001	14.9411803990983	15.0784634896592
0.719000000000001	14.9037623920267	15.1541589406389
0.720000000000001	14.8697873554612	14.8971781512908
0.721000000000001	14.9135288159268	14.6106436299207
0.722000000000001	14.9159799397601	14.1814315524711
0.723000000000001	15.3210257837796	13.9295634658825
0.724000000000001	15.4238781397303	13.85062721987
0.725000000000001	15.358579589866	14.098481911683
0.726000000000001	15.0851543782584	14.5602093515031
0.727000000000001	14.9646082299055	15.0699803824043
0.728000000000001	15.0326810330531	15.4492665490736
0.729000000000001	15.0093889393551	15.5326018220307
0.730000000000001	14.9459544064461	15.2750211104172
0.731000000000001	14.8209005499342	14.9452484671617
0.732000000000001	14.7902135559567	14.5088472428804
0.733000000000001	15.2103147351879	14.1019835218734
0.734000000000001	15.4601146260842	13.8820683085306
0.735000000000001	15.5241806990818	13.9889738835632
0.736000000000001	15.3243791302038	14.3099498695619
0.737000000000001	15.0622141141566	14.7032250428374
0.738000000000001	14.9418088230068	15.0836966523477
0.739000000000001	14.9051932140741	15.159623276586
0.740000000000001	14.8709700928529	14.902348574676
0.741000000000001	14.9108985459638	14.6145675461085
0.742000000000001	14.9135259838504	14.1851043453454
0.743000000000001	15.3199406401643	13.9298554275307
0.744000000000001	15.4255874063964	13.8481794720276
0.745000000000001	15.3615492808623	14.0936518012804
0.746000000000001	15.0874434707069	14.5538316271382
0.747000000000001	14.9638263186938	15.0630597955397
0.748000000000001	15.029929454428	15.4428410093592
0.749000000000001	15.0075176804429	15.5266286629669
0.750000000000001	14.944375498456	15.2688586245094
0.751000000000001	14.8206123158438	14.9391394826984
0.752000000000001	14.7902336360909	14.5029762581448
0.753000000000001	15.2122524843066	14.0977513359422
0.754000000000001	15.4600481073919	13.8789696858077
0.755000000000001	15.5219421275214	13.9879504274992
0.756000000000001	15.3198747300106	14.3110913103935
0.757000000000001	15.0590141532685	14.707219853928
0.758000000000001	14.942576936456	15.0888191013942
0.759000000000001	14.9068146427068	15.1649449983896
0.760000000000001	14.8720456868827	14.907619841165
0.761000000000001	14.9085279405397	14.6184300289925
0.762000000000001	14.9106411002869	14.1884957617844
0.763000000000001	15.3190359104285	13.9303115881978
0.764000000000001	15.4274104358833	13.8459634599962
0.765000000000001	15.3644182476854	14.0890646625941
0.766000000000001	15.0897128055914	14.5477123271281
0.767000000000001	14.9631582259533	15.0564101803443
0.768000000000001	15.0273067246863	15.4366546349487
0.769000000000001	15.005693249636	15.5208455531398
0.770000000000001	14.9428276426353	15.2628927751976
0.771000000000001	14.8202943926518	14.93322587111
0.772000000000001	14.7902581851814	14.4972898391763
0.773000000000001	15.2140753536979	14.0936632091754
0.774000000000001	15.4600068207588	13.8760437863302
0.775000000000001	15.5197611809001	13.9870072444298
0.776000000000001	15.3154928610777	14.3122715199321
0.777000000000001	15.0560397539049	14.7112038827092
0.778000000000001	14.9432986580828	15.0937976950803
0.779000000000001	14.9086702563441	15.1702587362699
0.780000000000001	14.8730701976851	14.9126576654398
0.781000000000001	14.9062598059411	14.6221759121464
0.782000000000001	14.9075561325166	14.19165962225
0.783000000000001	15.3182373153247	13.9308354218371
0.784000000000001	15.4293404679147	13.8439769352045
0.785000000000001	15.367160151034	14.0847002914516
0.786000000000001	15.0919369553679	14.5418284868581
0.787000000000001	14.9626660723441	15.0500465663517
0.788000000000001	15.0247537208986	15.4306806405109
0.789000000000001	15.0039386267395	15.5152811653369
0.790000000000001	14.9413317423496	15.25713828119
0.791000000000001	14.8201069141828	14.9275373979778
0.792000000000001	14.7903286552367	14.4918003199801
0.793000000000001	15.215857418814	14.0897559057505
0.794000000000001	15.4599907622253	13.8732873150891
0.795000000000001	15.5176389257143	13.9861400560716
0.796000000000001	15.3112161714145	14.3134869690495
0.797000000000001	15.0532011495355	14.7150241707072
0.798000000000001	14.9439594826502	15.09856451531
0.799000000000001	14.9102624841354	15.1754750370978
0.800000000000001	14.8740362044016	14.9175371337357
0.801000000000001	14.9041043071546	14.6258151949985
0.802000000000001	14.9045938792178	14.1947874285039
0.803000000000001	15.3176220634638	13.9314872388822
0.804000000000001	15.4311960991783	13.8421219262532
0.805000000000001	15.3697665640963	14.0805296098063
0.806000000000001	15.0941055497081	14.536152711681
0.807000000000001	14.9621666420056	15.0438633666499
0.808000000000001	15.022327651688	15.4249042597863
0.809000000000001	15.0022897641186	15.5099263777594
0.810000000000001	14.9399082871909	15.2516041283558
0.811000000000001	14.8199851473549	14.9220727998738
0.812000000000001	14.7904355072296	14.486516358424
0.813000000000001	15.217585850317	14.086035509522
0.814000000000001	15.4600139032661	13.8707114775142
0.815000000000001	15.5155770069202	13.9853496358016
0.816000000000001	15.307056213812	14.3147318976133
0.817000000000001	15.0504466030448	14.7187515163265
0.818000000000001	14.9447228574149	15.1032547159981
0.819000000000001	14.9116673564644	15.1804490076723
0.820000000000001	14.8749208140431	14.9222300665288
0.821000000000001	14.9019552067672	14.6293748482841
0.822000000000001	14.9017832344352	14.1978486575221
0.823000000000001	15.3168163903488	13.9320979808589
0.824000000000001	15.4327936207938	13.8402594091177
0.825000000000001	15.3723489557621	14.0765900358425
0.826000000000001	15.0962712713939	14.5307182505627
0.827000000000001	14.9617530269825	15.0379336005527
0.828000000000001	15.020060112177	15.4193811214268
0.829000000000001	15.000734594574	15.5047799799507
0.830000000000001	14.9385626678797	15.2462825005288
0.831000000000001	14.8199020763597	14.9168270865934
0.832000000000001	14.7905813002469	14.4814324085011
0.833000000000001	15.2192465939669	14.0824808460791
0.834000000000001	15.4600351462431	13.8682696207636
0.835000000000001	15.5135788437708	13.9846288288477
0.836000000000001	15.3030069208107	14.3159909352416
0.837000000000001	15.0479009145975	14.7224524377797
0.838000000000001	14.9455892602224	15.10791211246
0.839000000000001	14.9128530303358	15.1851588007893
0.840000000000001	14.8757014794914	14.9267185508847
0.841000000000001	14.8997848354695	14.6328437377528
0.842000000000001	14.8989225834312	14.2007824630684
0.843000000000001	15.3159754104864	13.9327147569424
0.844000000000001	15.4347143243721	13.8390700559947
0.845000000000001	15.3754528464885	14.0733206017757
0.846000000000001	15.0982434247002	14.5253829783793
0.847000000000001	14.9613530808379	15.0321436429287
0.848000000000001	15.01778936446	15.4139614622245
0.849000000000001	14.9992050960363	15.4997637216973
0.850000000000001	14.9372649614873	15.2411306255255
0.851000000000001	14.8197946380321	14.9117766383643
0.852000000000001	14.7907533955608	14.4765387509068
0.853000000000001	15.2208720480002	14.0791111516393
0.854000000000001	15.4600888699851	13.8659829238297
0.855000000000001	15.5116975282996	13.9840248837214
0.856000000000001	15.2991174298819	14.3173137299934
0.857000000000001	15.0454185012892	14.7260435803694
0.858000000000001	14.9462473205586	15.1122476617971
0.859000000000001	14.9142877333998	15.1898637556463
0.860000000000001	14.8766191650701	14.9311535905257
0.861000000000001	14.897753201315	14.6362829013215
0.862000000000001	14.8962559702061	14.203716018227
0.863000000000001	15.3152055631089	13.9334264097308
0.864000000000001	15.4350617600028	13.836399108334
0.865000000000001	15.3774852782711	14.0693889673736
0.866000000000001	15.1006023349344	14.5205264497156
0.867000000000001	14.9612718305386	15.0268034856614
0.868000000000001	15.0158364959436	15.4089565503639
0.869000000000001	14.9978728915736	15.495075043259
0.870000000000001	14.9360924425116	15.236255809128
0.871000000000001	14.8197353523726	14.9069707102712
0.872000000000001	14.7909327282718	14.4717942367433
0.873000000000001	15.2223401496505	14.0758071052217
0.874000000000001	15.460051622303	13.8637106823452
0.875000000000001	15.5097733584842	13.9833690982721
0.876000000000001	15.2952855931948	14.3185128941928
0.877000000000001	15.0430275511857	14.7295159678357
0.878000000000001	14.9468951403251	15.1164364085676
0.879000000000001	14.9153905426843	15.1942458364194
0.880000000000001	14.877338533834	14.935319033082
0.881000000000001	14.8958226653933	14.6396043716457
0.882000000000001	14.8938090594233	14.2066082290579
0.883000000000001	15.314385992981	13.9341620190645
0.884000000000001	15.4355451130827	13.8342658053756
0.885000000000001	15.3800549527086	14.0661215830941
0.886000000000001	15.1028578583174	14.5158322619545
0.887000000000001	14.9613495130972	15.0217140233396
0.888000000000001	15.0139373907369	15.4041275585596
0.889000000000001	14.9965632868281	15.4905306377501
0.890000000000001	14.9349389939884	15.2315344630121
0.891000000000001	14.8197362426301	14.9023218425345
0.892000000000001	14.7911323884752	14.4671961451816
0.893000000000001	15.2237445689085	14.0726279038717
0.894000000000001	15.4600199170663	13.8615450563922
0.895000000000001	15.5079125805819	13.9827640504418
0.896000000000001	15.2915857149258	14.3197161547324
0.897000000000001	15.0407772063014	14.7329084617797
0.898000000000001	14.9475147336047	15.1204970744715
0.899000000000001	14.9163669502587	15.19845942176
0.900000000000001	14.878142590955	14.9393962884998
0.901000000000001	14.8939912734655	14.6428527480829
0.902000000000001	14.8914807983945	14.2094564659108
0.903000000000001	15.3135328403157	13.9349140633701
0.904000000000001	15.4361791159486	13.8324073161393
0.905000000000001	15.3824883058894	14.0629994248647
0.906000000000001	15.1050320537549	14.5112955104595
0.907000000000001	14.9614416703319	15.0167758337614
0.908000000000001	15.0121012798146	15.3994356093737
0.909000000000001	14.9952623832956	15.4860999721359
0.910000000000001	14.9338242753566	15.2269535367797
0.911000000000001	14.8197759293091	14.8978319732413
0.912000000000001	14.7913811586964	14.4627620708155
0.913000000000001	15.2250939499978	14.0695804426513
0.914000000000001	15.4599987236119	13.8594945864539
0.915000000000001	15.5061114662961	13.9822276445604
0.916000000000001	15.2880208351514	14.3209298817192
0.917000000000001	15.0386096619448	14.7362195612539
0.918000000000001	14.9480639249517	15.1243778099923
0.919000000000001	14.9175638822203	15.2026345588626
0.920000000000001	14.8787728660798	14.9433128825471
0.921000000000001	14.8922670714324	14.6460262023695
0.922000000000001	14.889213493043	14.2122509755532
0.923000000000001	15.312711407783	13.9356961374946
0.924000000000001	15.4371342415163	13.830916762675
0.925000000000001	15.3847424478048	14.0599966919177
0.926000000000001	15.1071066217206	14.506894102575
0.927000000000001	14.9613936759278	15.0118939176802
0.928000000000001	15.0103311032866	15.3948368542584
0.929000000000001	14.9940384640718	15.4818126050965
0.930000000000001	14.9327624225725	15.2225314309752
0.931000000000001	14.8198828091061	14.8935100776876
0.932000000000001	14.7916561971772	14.4584885483878
0.933000000000001	15.2263969490788	14.0666686165036
0.934000000000001	15.4599731847587	13.8575482127799
0.935000000000001	15.5043776565301	13.9817619829821
0.936000000000001	15.2845924623501	14.3221599894912
0.937000000000001	15.0365169969207	14.7394644397463
0.938000000000001	14.948647329758	15.1281724071033
0.939000000000001	14.9185590845048	15.2066057400088
0.940000000000001	14.8795623413003	14.9471713763224
0.941000000000001	14.8906176462339	14.6491414403092
0.942000000000001	14.887009865102	14.2149841611201
0.943000000000001	15.3119218331611	13.9365117393121
0.944000000000001	15.4380810472066	13.8295256353796
0.945000000000001	15.3868809098255	14.0571182766881
0.946000000000001	15.109136399783	14.5026524484047
0.947000000000001	14.9612419373192	15.0071288000764
0.948000000000001	15.0087032646745	15.3904080455009
0.949000000000001	14.9928965675018	15.4776847075029
0.950000000000001	14.9317632172785	15.2182778657916
0.951000000000001	14.8200136397051	14.8893586062415
0.952000000000001	14.7919387119334	14.4543694624516
0.953000000000001	15.227662721152	14.063887758425
0.954000000000001	15.4599536074747	13.8557065888426
0.955000000000001	15.5027096687317	13.9813567715115
0.956000000000001	15.2812947274996	14.3233898278215
0.957000000000001	15.0345417398863	14.7426612630343
0.958000000000001	14.9492001935588	15.1318465601238
0.959000000000001	14.9193674588925	15.2104376746594
0.960000000000001	14.8803417400691	14.9509130503849
0.961000000000001	14.8890631401513	14.6521690045265
0.962000000000001	14.8848694772815	14.2176551589531
0.963000000000001	15.3112037990521	13.9373792803276
0.964000000000001	15.4390947329772	13.8282948669478
0.965000000000001	15.3888972284611	14.0543516301115
0.966000000000001	15.1111064297425	14.49855105809
0.967000000000001	14.9612539354402	15.0025535147671
0.968000000000001	15.007129707785	15.3861535688073
0.969000000000001	14.991754105831	15.4736613376034
0.970000000000001	14.9307741288705	15.2141448126974
0.971000000000001	14.8268258783519	14.8881638603663
0.972000000000001	14.7901981681687	14.449550266782
0.973000000000001	15.2287371295365	14.060827092598
0.974000000000001	15.4596735417269	13.8536324809289
0.975000000000001	15.5008743117366	13.9806998856766
0.976000000000001	15.277978531079	14.3243903364187
0.977000000000001	15.0325314817874	14.7456111128495
0.978000000000001	14.9496776130718	15.1353403383617
0.979000000000001	14.9203013371955	15.2141799213081
0.980000000000001	14.8812618201935	14.95467293731
0.981000000000001	14.8878388823772	14.6552660331889
0.982000000000001	14.8831170485508	14.2204790762027
0.983000000000001	15.3106385010591	13.9384098512351
0.984000000000001	15.4402592999348	13.8273287098974
0.985000000000001	15.3909768059997	14.0518683243022
0.986000000000001	15.1131188651677	14.4947021840816
0.987000000000001	14.9616545465463	14.9983452826412
0.988000000000001	15.0054847315733	15.3819895532344
0.989000000000001	14.9905789489664	15.4697115109472
0.990000000000001	14.9297485657595	15.2100724432961
0.991000000000001	14.8267966503768	14.884172087607
0.992000000000001	14.7903599941506	14.4455621552433
0.993000000000001	15.2298127249781	14.0581614150055
0.994000000000001	15.4595352981891	13.8518470190341
0.995000000000001	15.4992545109654	13.9803129248283
0.996000000000001	15.2748828705042	14.3255462001487
0.997000000000001	15.0306626113204	14.7485879775056
0.998000000000001	14.9501308542766	15.1387276515346
0.999000000000001	14.9212738398137	15.2178452211648
1	14.8820573928495	14.958260224597
1.001	14.8865045707156	14.6581868109211
1.002	14.8813550223276	14.2231650095701
1.003	15.3099336976458	13.9393360212997
1.004	15.4411895906162	13.8262878242163
1.005	15.3929062654571	14.0494121362332
1.006	15.115035464685	14.4909248788321
1.007	14.9616355125014	14.9940587462202
1.008	15.0040239758899	15.3779457636799
1.009	14.9895841487877	15.4659690403118
1.01	14.9288550218676	15.2062166190069
1.011	14.8269170268927	14.8804117232582
1.012	14.790669927742	14.4418105557837
1.013	15.2309202771723	14.055686831895
1.014	15.4594693853173	13.8502285025791
1.015	15.4977295727324	13.9800323310544
1.016	15.271917968685	14.3267415778803
1.017	15.0288849811841	14.7515179977845
1.018	14.9506414465021	15.1420687067429
1.019	14.9222013164929	15.2213802118943
1.02	14.88285665438	14.9617433442772
1.021	14.8851126220913	14.6609724930171
1.022	14.8795822437571	14.2257132068865
1.023	15.3091169275862	13.940174358984
1.024	15.4420171738999	13.8252595270013
1.025	15.3947234497874	14.0470194258386
1.026	15.1168969889957	14.4872655582395
1.027	14.9617300738218	14.9899601512674
1.028	15.0026355594434	15.3740821014175
1.029	14.9886397681849	15.4623460821755
1.03	14.9279952924842	15.2024848058768
1.031	14.8270738139308	14.8767957630114
1.032	14.791029889983	14.4382066221324
1.033	15.2320016804438	14.0533266876786
1.034	15.4594197689812	13.8487110190019
1.035	15.4962617664897	13.9798128604015
1.036	15.2690769385718	14.3279365654798
1.037	15.0271707889794	14.7543787632312
1.038	14.9511677981575	15.1453364235153
1.039	14.9231627193324	15.2248249339593
1.04	14.8835954011257	14.9651126157958
1.041	14.883740194174	14.6636683160175
1.042	14.8777878965365	14.2281754524039
1.043	15.3083032316883	13.9410022185602
1.044	15.4427707688	13.8242720415192
1.045	15.3964731728821	14.0447226217263
1.046	15.1187198114085	14.4837391272621
1.047	14.9620430608456	14.9860744755849
1.048	15.0072217842203	15.3791225090652
1.049	14.9883715976451	15.4575351912741
1.05	14.9288726435803	15.1995446839815
1.051	14.8226896608958	14.8712219559888
1.05199999999999	14.794376873255	14.4363675792586
1.05299999999999	15.2341737028031	14.0522800994622
1.05399999999999	15.4606775807958	13.8485573173427
1.05499999999999	15.4959418248585	13.9807934065218
1.05599999999999	15.2671990904115	14.3300627495778
1.05699999999999	15.0261157099526	14.7578278908969
1.05799999999999	14.9519453261116	15.1488156164565
1.05899999999999	14.9241833781004	15.2282201861077
1.05999999999999	14.8841883401207	14.9682221530646
1.06099999999999	14.8819998236169	14.6659063510377
1.06199999999999	14.8754495286861	14.2300414705242
1.06299999999999	15.3070067390448	13.9412671257265
1.06399999999999	15.4430441603444	13.8228201192843
1.06499999999999	15.397668790541	14.0419964592758
1.06599999999999	15.120091812769	14.479904186346
1.06699999999999	14.9619217573643	14.9819096202151
1.06799999999999	15.0058281944292	15.375332344794
1.06899999999999	14.9873490996679	15.4540817818334
1.06999999999999	14.9281400167438	15.1961182520306
1.07099999999999	14.8229793629209	14.8680161175427
1.07199999999999	14.7949963888783	14.4332422056156
1.07299999999999	15.2354323638728	14.0503408772449
1.07399999999999	15.4608820301062	13.8474573146531
1.07499999999999	15.4947843255085	13.9808938534668
1.07599999999999	15.2647399623069	14.3314472678142
1.07699999999999	15.0246783521531	14.7607009554894
1.07799999999999	14.9525179580234	15.1519830597945
1.07899999999999	14.9251596651093	15.2314784509485
1.07999999999999	14.8848618530359	14.971365536294
1.08099999999999	14.88062211639	14.6683522328351
1.08199999999999	14.8736287114301	14.2322787925455
1.08299999999999	15.3061520731075	13.941988458527
1.08399999999999	15.4437198645529	13.8218928908033
1.08499999999999	15.3991850044913	14.0397859677337
1.08599999999999	15.1217325191922	14.4765359592374
1.08699999999999	14.9619725348693	14.9780851569414
1.08799999999999	15.0046470705465	15.3717964304466
1.08899999999999	14.9862586343886	15.450653661996
1.08999999999999	14.9274642608207	15.1927599971123
1.09099999999999	14.8231909947063	14.8648128670198
1.09199999999999	14.7954628243021	14.4300619272404
1.09299999999999	15.2364794692431	14.0482944756171
1.09399999999999	15.4609087289552	13.846236337182
1.09499999999999	15.4935095906169	13.9808577465409
1.09599999999999	15.2622455421854	14.3326735804365
1.09699999999999	15.0231769392606	14.7633800137839
1.09799999999999	14.9531150047381	15.155075769563
1.09899999999999	14.9261831479066	15.2346660317252
1.09999999999999	14.8854558613339	14.9744046106513
1.10099999999999	14.8792640233608	14.6707698829774
1.10199999999999	14.8719514605777	14.2345027926489
1.10299999999999	15.3054227649784	13.942813924043
1.10399999999999	15.4443481159756	13.8210503486178
1.10499999999999	15.4007038805025	14.037730486074
1.10599999999999	15.1233830279667	14.4733473397253
1.10699999999999	14.9621084919845	14.9744399711649
1.10799999999999	15.003521141551	15.3683891480988
1.10899999999999	14.9850676765713	15.4472301256624
1.10999999999999	14.9268610041567	15.1895196598695
1.11099999999999	14.8234377311378	14.8617242203622
1.11199999999999	14.7959352647596	14.4269818324774
1.11299999999999	15.2374976820718	14.046321354298
1.11399999999999	15.4609259779334	13.845068272643
1.11499999999999	15.4922651297066	13.9808410967808
1.11599999999999	15.2598296295995	14.3338728698008
1.11699999999999	15.0217749382563	14.7660215621726
1.11799999999999	14.9536740392947	15.1580645336237
1.11899999999999	14.9271738370342	15.2377186994326
1.11999999999999	14.8860440059673	14.9773340363829
1.12099999999999	14.8779411274124	14.6731289163263
1.12199999999999	14.870441964532	14.2367345753023
1.12299999999999	15.3045772236523	13.9435806660828
1.12399999999999	15.4449343132267	13.8202543962111
1.12499999999999	15.4021752850807	14.0357689941731
1.12599999999999	15.1249992200348	14.4702828580777
1.12699999999999	14.9622871200133	14.9709243805368
1.12799999999999	15.0024195279958	15.3650785021858
1.12899999999999	14.9839431078283	15.4439107539499
1.12999999999999	14.9262419727654	15.1863534594562
1.13099999999999	14.8236884072369	14.8587422913683
1.13199999999999	14.7964172170411	14.4240060750457
1.13299999999999	15.2384774305036	14.0444215754684
1.13399999999999	15.4609389776495	13.8439583763277
1.13499999999999	15.4910583948639	13.9808507766093
1.13599999999999	15.2574928245011	14.3350585188202
1.13699999999999	15.0204716578193	14.7686428085525
1.13799999999999	14.9542175677531	15.1609713415626
1.13899999999999	14.9281350842476	15.2406761647095
1.13999999999999	14.8866238773109	14.980171160787
1.14099999999999	14.8766431401839	14.6754211338976
1.14199999999999	14.8690123710238	14.2389399848706
1.14299999999998	15.3035544191912	13.9442349909346
1.14399999999998	15.4454893917702	13.8195028432783
1.14499999999998	15.4036119149682	14.0339006497991
1.14599999999998	15.1266003726106	14.4673404132474
1.14699999999998	14.962430233633	14.9675078456548
1.14799999999998	15.0013717826043	15.3618642163227
1.14899999999998	14.9829332319041	15.4407369496177
1.14999999999998	14.9256524745622	15.1832924451254
1.15099999999998	14.8239548937255	14.8558744130534
1.15199999999998	14.7969135080284	14.4211363266521
1.15299999999998	15.2394483405595	14.0426063682893
1.15399999999998	15.4609445148177	13.8429034262154
1.15499999999998	15.4898801304563	13.9808788577218
1.15599999999998	15.2552208395658	14.3362266782698
1.15699999999998	15.0191921896329	14.7711817394065
1.15799999999998	14.9546868948607	15.1637328621189
1.15899999999998	14.9291361995325	15.2435395744878
1.15999999999998	14.8872685160464	14.9829532612466
1.16099999999998	14.8754133077052	14.6776738101418
1.16199999999998	14.8675289007914	14.2410755692321
1.16299999999998	15.3027477398406	13.9449805079986
1.16399999999998	15.4460448072549	13.8188295182898
1.16499999999998	15.4049966676564	14.0321173121278
1.16599999999998	15.1281782967177	14.4645116864043
1.16699999999998	14.9625581000439	14.9641868324551
1.16799999999998	15.0003818534139	15.3587540676811
1.16899999999998	14.9819870139466	15.437672989872
1.16999999999998	14.9251211061249	15.1803634301182
1.17099999999998	14.8242297472928	14.853093433582
1.17199999999998	14.7974130442849	14.4183545895876
1.17299999999998	15.2403900762964	14.0408554905147
1.17399999999998	15.4609381415964	13.8418929600287
1.17499999999998	15.4887259885576	13.9809203571777
1.17599999999998	15.2530153409297	14.3373752292991
1.17699999999998	15.0178896660341	14.7736036604234
1.17799999999998	14.9552557906074	15.1664915209187
1.17899999999998	14.9299990361879	15.2463099049415
1.17999999999998	14.8878325453684	14.9856346127859
1.18099999999998	14.8742126943617	14.6798744512413
1.18199999999998	14.866118961401	14.2431576437549
1.18299999999998	15.3019659310939	13.9457406669572
1.18399999999998	15.4465824065302	13.8182081584076
1.18499999999998	15.406310864284	14.0303966104514
1.18599999999998	15.1297054296113	14.4617673333211
1.18699999999998	14.9627307034679	14.9609774740691
1.18799999999998	14.9993907712485	15.3557103512594
1.18899999999998	14.9810699873764	15.4346945464771
1.18999999999998	14.9246314823652	15.1775275755165
1.19099999999998	14.8245141187823	14.8503963184134
1.19199999999998	14.7979224227918	14.4156655573428
1.19299999999998	15.241310180104	14.0391729098575
1.19399999999998	15.4609354777453	13.8409377144575
1.19499999999998	15.4876114549688	13.9809890122334
1.19599999999998	15.2508903268413	14.3385179061782
1.19699999999998	15.0166310992476	14.775961698463
1.19799999999998	14.9556277034524	15.1690069965736
1.19899999999998	14.9310260121846	15.2490574686595
1.19999999999998	14.8884957221342	14.9883053789151
1.20099999999998	14.8731472784002	14.6820773662008
1.20199999999998	14.8649447122994	14.2452965100295
1.20299999999998	15.3011321060845	13.9464839973169
1.20399999999998	15.447165213903	13.8176880261278
1.20499999999998	15.4075697845236	14.0287522175587
1.20599999999998	15.1311989693252	14.4591218095293
1.20699999999998	14.9629592196176	14.9578791175513
1.20799999999998	14.9984416536585	15.3527683683956
1.20899999999998	14.9802020581713	15.4317921520538
1.20999999999998	14.924072953585	15.1747069463068
1.21099999999998	14.8247471844978	14.8477490805249
1.21199999999998	14.7983780549767	14.4130234870394
1.21299999999998	15.2421846920753	14.0375304891693
1.21399999999998	15.4609126481292	13.8400100725719
1.21499999999998	15.4865202695211	13.9810659816063
1.21599999999998	15.2488389830459	14.3396442830343
1.21699999999998	15.0154429671576	14.7782830006344
1.21799999999998	14.9560514388047	15.1715199130967
1.21899999999998	14.9319883099755	15.2517377196236
1.21999999999998	14.8891004343994	14.9908954960241
1.22099999999998	14.8721124633132	14.6842166831079
1.22199999999998	14.8633616362546	14.247204534437
1.22299999999998	15.3004340361704	13.947254112252
1.22399999999998	15.4477833716189	13.8172357275305
1.22499999999998	15.4088384505925	14.0272167156134
1.22599999999998	15.1326943105752	14.4566044811156
1.22699999999998	14.9632302877095	14.9549001270453
1.22799999999998	14.9974913094445	15.3498860944521
1.22899999999998	14.9794372842698	15.429026233252
1.22999999999998	14.9235346920642	15.1719703328622
1.23099999999998	14.824964315188	14.8451823875345
1.23199999999998	14.7988635599635	14.4104685053524
1.23299999999998	15.2430069742771	14.0359316316212
1.23399999999997	15.4608766924261	13.8391157930372
1.23499999999997	15.4854456039709	13.9811439256104
1.23599999999997	15.2468460992579	14.3407386979169
1.23699999999997	15.0142688239591	14.7805248212991
1.23799999999997	14.9565472828191	15.1740284058886
1.23899999999997	14.9328231308326	15.254320360544
1.23999999999997	14.8896234423112	14.9933838581838
1.24099999999997	14.8711072441454	14.6862822224045
1.24199999999997	14.8620846374829	14.2491649189392
1.24299999999997	15.2996963077193	13.9480092018415
1.24399999999997	15.4483417529437	13.8168059157356
1.24499999999997	15.4100139375733	14.0257167217787
1.24599999999997	15.1341169882294	14.454153926846
1.24699999999997	14.9634781023679	14.9519927469179
1.24799999999997	14.9966060387644	15.3471072226357
1.24899999999997	14.9786813144595	15.4263434988958
1.24999999999997	14.9230154190603	15.169311858012
1.25099999999997	14.8251448122134	14.8426887773739
1.25199999999997	14.799348791156	14.4079936691077
1.25299999999997	15.243797188016	14.0343869914244
1.25399999999997	15.4608626506325	13.838284164431
1.25499999999997	15.4844182793005	13.9812538307928
1.25599999999997	15.2449319616542	14.3418274933235
1.25699999999997	15.0131852124354	14.7827610431612
1.25799999999997	14.9569620872722	15.1764108370554
1.25899999999997	14.9336881856475	15.2568270305598
1.25999999999997	14.8901423956173	14.9958123260344
1.26099999999997	14.8701689729755	14.6883125835478
1.26199999999997	14.8608605620481	14.2510936140536
1.26299999999997	15.2989802604818	13.9487661207454
1.26399999999997	15.4489227531424	13.8164451458991
1.26499999999997	15.4111191883206	14.0242646609251
1.26599999999997	15.1355095664054	14.4517932752646
1.26699999999997	14.9637297719979	14.9491715042718
1.26799999999997	14.9958302289216	15.3444714840093
1.26899999999997	14.9779049132461	15.4237448522048
1.26999999999997	14.9224739925715	15.1667021829962
1.27099999999997	14.825341412903	14.840251933241
1.27199999999997	14.7997859864809	14.4055615127231
1.27299999999997	15.2445389363447	14.0328724971596
1.27399999999997	15.4608240723284	13.8374685190091
1.27499999999997	15.4834098778967	13.9813634564126
1.27599999999997	15.2430728280225	14.3428865503823
1.27699999999997	15.0121607926432	14.7849603599621
1.27799999999997	14.9574440046193	15.178796727341
1.27899999999997	14.9345411420005	15.259254697117
1.27999999999997	14.8906293113372	14.9981675207826
1.28099999999997	14.86922631963	14.6902651861494
1.28199999999997	14.8596089334901	14.2529414157192
1.28299999999997	15.2982781053204	13.9494966088345
1.28399999999997	15.4494465028232	13.8160954746125
1.28499999999997	15.4121861615684	14.0228698609744
1.28599999999997	15.1368795518801	14.449525775151
1.28699999999997	14.9640060334492	14.9464530791369
1.28799999999997	14.995080194315	15.3419148854401
1.28899999999997	14.977212582448	15.4212562193149
1.28999999999997	14.9219333599891	15.1641570603597
1.29099999999997	14.8255416244696	14.8378970466187
1.29199999999997	14.8002054533593	14.4032007766453
1.29299999999997	15.245259911198	14.0314116285955
1.29399999999997	15.4607872033847	13.8366925727546
1.29499999999997	15.4824318457451	13.9814851742198
1.29599999999997	15.2412769092183	14.3439239322551
1.29699999999997	15.011162340588	14.7870910941671
1.29799999999997	14.9520017945052	15.1741540156155
1.29899999999997	14.9384216560585	15.2622472856215
1.29999999999997	14.8906705066374	15.0010475385226
1.30099999999997	14.8664433034616	14.6913185787785
1.30199999999997	14.856703466459	14.2536216822333
1.30299999999997	15.2962194794756	13.9490508960582
1.30399999999997	15.4487497181158	13.8146235478452
1.30499999999997	15.4122740548865	14.0205856223161
1.30599999999997	15.137432002278	14.4465939286875
1.30699999999997	14.9637304520704	14.9433294273564
1.30799999999997	14.9940831658786	15.3391439814565
1.30899999999997	14.9765487833421	15.4188251597358
1.30999999999997	14.9215451170233	15.1618683920284
1.31099999999997	14.8260573033656	14.8359901473754
1.31199999999997	14.801036150972	14.4014029857552
1.31299999999997	15.2464370683235	14.0305183846101
1.31399999999997	15.4612366962622	13.8364756420528
1.31499999999997	15.4819316347998	13.9820641181142
1.31599999999997	15.2399224398752	14.3452835459709
1.31699999999997	15.0104514599796	14.7893831668002
1.31799999999997	14.9524888762206	15.1764364075955
1.31899999999997	14.939052303464	15.2645084546836
1.31999999999997	14.891091150464	15.0031998628158
1.32099999999997	14.8654721275948	14.6929927428239
1.32199999999997	14.8553459366864	14.2551605650452
1.32299999999997	15.2953538987175	13.9495421081458
1.32399999999996	15.4489929893892	13.8140637286406
1.32499999999996	15.413135404597	14.0191349854558
1.32599999999996	15.138584090816	14.4443378313499
1.32699999999996	14.9639083201485	14.94067353896
1.32799999999996	14.9932817975833	15.3366406274533
1.32899999999996	14.9759676857047	15.4165028059471
1.32999999999996	14.9210873327083	15.1595148958291
1.33099999999996	14.8263311082715	14.8338754241031
1.33199999999996	14.8015701575781	14.399314894282
1.33299999999996	15.2472682700158	14.0292484441862
1.33399999999996	15.4613109221872	13.8359007128002
1.33499999999996	15.4811087333706	13.9823099678594
1.33599999999996	15.2383311234583	14.3463611130322
1.33699999999996	15.009572033992	14.7914603279274
1.33799999999996	14.9528676421378	15.1785606804144
1.33899999999996	14.9396439203805	15.2667083469853
1.33999999999996	14.8915462757842	15.005360103773
1.34099999999996	14.8646516943613	14.6948004422003
1.34199999999996	14.8542326348561	14.2568598418182
1.34299999999996	15.2946565941825	13.9502055502444
1.34399999999996	15.4493450771277	13.8136987553933
1.34499999999996	15.414118260898	14.0178997749553
1.34599999999996	15.1398346499498	14.4422861709348
1.34699999999996	14.9642103868397	14.9381956327201
1.34799999999996	14.9925968368649	15.3342960661657
1.34899999999996	14.9753615429945	15.4142393109224
1.34999999999996	14.9205858562031	15.1571785376967
1.35099999999996	14.8265306279482	14.8317384589748
1.35199999999996	14.8020255201075	14.3971899265217
1.35299999999996	15.2479943861964	14.0278976422338
1.35399999999996	15.4612961057212	13.8352596563162
1.35499999999996	15.4802236032685	13.9824775160626
1.35599999999996	15.2367248325021	14.3473566408547
1.35699999999996	15.0086694480303	14.7934385469504
1.35799999999996	14.9533409677146	15.1807121060153
1.35899999999996	14.9401922416178	15.2688781672479
1.35999999999996	14.8919414767035	15.0074649109253
1.36099999999996	14.863822461126	14.6965481045871
1.36199999999996	14.8531482197442	14.2585402552406
1.36299999999996	15.2939776715558	13.9508814688036
1.36399999999996	15.4496981393539	13.8133856899241
1.36499999999996	15.4150842469718	14.0167340795831
1.36599999999996	15.1410731646713	14.4403327845186
1.36699999999996	14.9645394426903	14.9358104966616
1.36799999999996	14.9919831647535	15.3320613485234
1.36899999999996	14.9747575080118	15.4120455935047
1.36999999999996	14.9200739462308	15.1548955134003
1.37099999999996	14.8267224269707	14.829650445897
1.37199999999996	14.8024602501074	14.3951096003679
1.37299999999996	15.2487326783374	14.026557208599
1.37399999999996	15.4612640814241	13.834628916142
1.37499999999996	15.4793481180634	13.9826361675103
1.37599999999996	15.2351602915596	14.348319571126
1.37699999999996	15.0078019463182	14.7953708918154
1.37799999999996	14.9538178551172	15.1828211728352
1.37899999999996	14.9407115090756	15.2709896379939
1.37999999999996	14.8922970185517	15.0095014947479
1.38099999999996	14.8630017724338	14.6982318216063
1.38199999999996	14.8520639182065	14.2601831254584
1.38299999999996	15.2933223481151	13.9515595559459
1.38399999999996	15.4500329756511	13.8130994840309
1.38499999999996	15.4160266960619	14.0156267371211
1.38599999999996	15.1422912253089	14.4384616727965
1.38699999999996	14.9648591245818	14.9334934674338
1.38799999999996	14.9913418344641	15.3298482732744
1.38899999999996	14.9742226777764	15.4099336318388
1.38999999999996	14.9196027097987	15.1526852850457
1.39099999999996	14.8269400089706	14.8276406433702
1.39199999999996	14.8029071723216	14.3931036048003
1.39299999999996	15.2494773803887	14.02528701146
1.39399999999996	15.4612278978422	13.8340244018401
1.39499999999996	15.4785016447428	13.9828062853902
1.39599999999996	15.2336508542978	14.3492609378717
1.39699999999996	15.0069886308187	14.79727111239
1.39799999999996	14.9542141221991	15.1848129101642
1.39899999999996	14.9412231227217	15.2730195069093
1.39999999999996	14.8926847205478	15.0115024074427
1.40099999999996	14.8622325817746	14.6998887045439
1.40199999999996	14.8510703068258	14.2618089091587
1.40299999999996	15.2926895405724	13.9522451795283
1.40399999999996	15.4503579816433	13.8128479439849
1.40499999999996	15.4169448684624	14.0145766521639
1.40599999999996	15.1434847434321	14.4366679731458
1.40699999999996	14.965205385032	14.9312650235319
1.40799999999996	14.9906589754513	15.3276519458342
1.40899999999996	14.9737331677223	15.4078835653593
1.40999999999996	14.919162457866	15.1505421209087
1.41099999999996	14.8271716810933	14.825696163047
1.41199999999996	14.8033184154668	14.3911490628887
1.41299999999996	15.250226902968	14.0240818649341
1.41399999999996	15.4612001004288	13.8334524731317
1.41499999999995	15.4776824440041	13.9829850669068
1.41599999999995	15.2321961179222	14.3501803361378
1.41699999999995	15.0062105997127	14.7991248791694
1.41799999999995	14.9546297384081	15.1867761637653
1.41899999999995	14.9416662426205	15.2749598340112
1.41999999999995	14.8930710613755	15.0134464795216
1.42099999999995	14.8615055176831	14.7015093389582
1.42199999999995	14.8501211977986	14.2633933146146
1.42299999999995	15.2920444402895	13.9529074251359
1.42399999999995	15.4506612230911	13.8126140226453
1.42499999999995	15.4178298873638	14.0135690679793
1.42599999999995	15.1446490894307	14.4349411406823
1.42699999999995	14.9655531065077	14.9291068073055
1.42799999999995	14.990000309233	15.325520721417
1.42899999999995	14.9732566846722	15.4058926239197
1.42999999999995	14.9187401847145	15.1484710333384
1.43099999999995	14.8274050839052	14.8238142748558
1.43199999999995	14.8037107664238	14.389255558367
1.43299999999995	15.2509362763398	14.022925606224
1.43399999999995	15.4611958619087	13.8329219358284
1.43499999999995	15.4768843620833	13.9831687094781
1.43599999999995	15.23078948028	14.3510758904834
1.43699999999995	15.0054610255072	14.8009293440333
1.43799999999995	14.9550491892742	15.1886991851514
1.43899999999995	14.9420847825032	15.2768534085154
1.43999999999995	14.8934119816422	15.0153223008866
1.44099999999995	14.860792418045	14.7030793513315
1.44199999999995	14.8491824938424	14.2649261328023
1.44299999999995	15.2913585698766	13.9535289418027
1.44399999999995	15.4509470064203	13.81239476034
1.44499999999995	15.4186835694071	14.0125996026929
1.44599999999995	15.145784214734	14.4332823046055
1.44699999999995	14.9658968809321	14.9270198149685
1.44799999999995	14.9894086561234	15.3234885853572
1.44899999999995	14.9727729847916	15.4039597819074
1.44999999999995	14.918324120694	15.14647071042
1.45099999999995	14.8276402933975	14.8219875753443
1.45199999999995	14.8040730831458	14.3874115257247
1.45299999999995	15.251542159801	14.0218248989371
1.45399999999995	15.4611719386026	13.8324035113126
1.45499999999995	15.4761036298097	13.983351382564
1.45599999999995	15.2294230589495	14.3519423662764
1.45699999999995	15.0047206519763	14.8026720501512
1.45799999999995	14.9554469144401	15.1905576732796
1.45899999999995	14.9425187241283	15.2786990848983
1.45999999999995	14.893746324037	15.0171496120471
1.46099999999995	14.860118699034	14.7046145350093
1.46199999999995	14.848349530518	14.2664379761509
1.46299999999995	15.2907266796661	13.954163067369
1.46399999999995	15.4511528806939	13.8121589554919
1.46499999999995	15.4194976242294	14.0116627360714
1.46599999999995	15.1468860177804	14.431683884802
1.46699999999995	14.9662174868095	14.924982310283
1.46799999999995	14.9888990599008	15.3215593901563
1.46899999999995	14.9722766792517	15.4020779804002
1.46999999999995	14.9179109037768	15.1445359387492
1.47099999999995	14.8278578793043	14.820206745571
1.47199999999995	14.8044223160273	14.385614228927
1.47299999999995	15.2520615771308	14.0207565815221
1.47399999999995	15.4611339069558	13.8318982608333
1.47499999999995	15.4753383767516	13.9835316358209
1.47599999999995	15.2280964926472	14.352781867906
1.47699999999995	15.0039967878114	14.8043623372029
1.47799999999995	14.9558397555025	15.1923674321872
1.47899999999995	14.9428798279315	15.2805024879908
1.47999999999995	14.8940443511382	15.0189116221403
1.48099999999995	14.8594679055369	14.7061150506251
1.48199999999995	14.8475280030378	14.267912589104
1.48299999999995	15.2901306306833	13.9547999499925
1.48399999999995	15.4513720944436	13.8119599911572
1.48499999999995	15.420285405618	14.0107692819468
1.48599999999995	15.1479503814203	14.430142251015
1.48699999999995	14.9665411189626	14.9230109937733
1.48799999999995	14.9883589113027	15.3196466876276
1.48899999999995	14.9718277762648	15.4002583956224
1.48999999999995	14.9175275469688	15.1426736447839
1.49099999999995	14.828084453589	14.8184841304703
1.49199999999995	14.8047678674398	14.3838748240602
1.49299999999995	15.2526076281907	14.0197329739773
1.49399999999995	15.4611598929827	13.8314634381251
1.49499999999995	15.4745667961867	13.9837019178933
1.49599999999995	15.2268091663113	14.353597680553
1.49699999999995	15.0032910873807	14.8060003821835
1.49799999999995	14.9562093221574	15.1941124944363
1.49899999999995	14.943257288425	15.2822574587348
1.49999999999995	14.8943273340044	15.0206124768294
1.50099999999995	14.8588257338734	14.7075700601385
1.50199999999995	14.8466417499335	14.2693254305273
1.50299999999995	15.2895873479136	13.9554394779288
1.50399999999995	15.4515913126042	13.8117846662397
1.50499999999995	15.4210609815336	14.0099267566042
1.50599999999994	15.1489988815521	14.4286687294703
1.50699999999994	14.9668776061001	14.9211146430601
1.50799999999994	14.9878348802764	15.3177928693235
1.50899999999994	14.9713989173553	15.3984932059271
1.50999999999994	14.9171641286115	15.1408778943886
1.51099999999994	14.8283156594762	14.8168177230006
1.51199999999994	14.8051321348197	14.3821944717411
1.51299999999994	15.2531278630783	14.0187348677353
1.51399999999994	15.4611634035863	13.8310323237316
1.51499999999994	15.4738112532588	13.9838671743508
1.51599999999994	15.2255635936956	14.3543883938804
1.51699999999994	15.0026185282725	14.8075997828443
1.51799999999994	14.9565825878656	15.1958168253114
1.51899999999994	14.9436164712207	15.2839337740061
1.51999999999994	14.8946125008694	15.0222763214067
1.52099999999994	14.8582051672898	14.7089803002589
1.52199999999994	14.8457553779123	14.2706939846466
1.52299999999994	15.2890557732579	13.9560605648775
1.52399999999994	15.4518204749986	13.81163762575
1.52499999999994	15.4218157486886	14.0091236129786
1.52599999999994	15.1500195531182	14.4272542857573
1.52699999999994	14.967212729938	14.9192880997638
1.52799999999994	14.9873276697075	15.3159944241189
1.52899999999994	14.9709863078821	15.3967834097633
1.52999999999994	14.9168112012813	15.1391378230413
1.53099999999994	14.8285576478993	14.815206673537
1.53199999999994	14.8054823560778	14.3805589858225
1.53299999999994	15.2536307032196	14.0177723836428
1.53399999999994	15.46112303857	13.8305865087864
1.53499999999994	15.473107125569	13.9840527521837
1.53599999999994	15.2243639830462	14.3551609023554
1.53699999999994	15.0019740713057	14.8091629847623
1.53799999999994	14.9569301034904	15.1974583262768
1.53899999999994	14.9439694451107	15.2856131259157
1.53999999999994	14.8948880923912	15.0238964654771
1.54099999999994	14.8575747848227	14.7103459346208
1.54199999999994	14.8448703659851	14.2720199974214
1.54299999999994	15.2885369494298	13.956666277169
1.54399999999994	15.4520390572811	13.8115042502053
1.54499999999994	15.4225426696796	14.0083521894696
1.54599999999994	15.151011503927	14.4258882600465
1.54699999999994	14.9675700500735	14.9175183302649
1.54799999999994	14.9868145001451	15.3142363182988
1.54899999999994	14.9705853534946	15.3951163763069
1.54999999999994	14.9164650496591	15.1374363450577
1.55099999999994	14.8288020612067	14.8136450927731
1.55199999999994	14.8058233833294	14.3789705761717
1.55299999999994	15.2541180624434	14.0168436358454
1.55399999999994	15.4610586616462	13.8301421154417
1.55499999999994	15.4724269602575	13.9842412055425
1.55599999999994	15.2232128142125	14.3559206947508
1.55699999999994	15.0013288089185	14.8106657099218
1.55799999999994	14.9572716393595	15.1990477364402
1.55899999999994	14.9442883559586	15.2872022370255
1.55999999999994	14.8951874441683	15.0254676967623
1.56099999999994	14.8569985560402	14.7117063684716
1.56199999999994	14.8440426805508	14.2733318903871
1.56299999999994	15.2880435865744	13.9572737359679
1.56399999999994	15.4522475490889	13.8113880323068
1.56499999999994	15.423249000622	14.0076178859517
1.56599999999994	15.1519794814242	14.424574574741
1.56699999999994	14.9679417808034	14.9158047742805
1.56799999999994	14.9863578575384	15.312563342793
1.56899999999994	14.9701630748196	15.3934865813846
1.56999999999994	14.9160964378218	15.1357602773884
1.57099999999994	14.8290302208726	14.8121141208486
1.57199999999994	14.8061402954425	14.3774109561681
1.57299999999994	15.2545897808428	14.01592969981
1.57399999999994	15.4609952180165	13.8297138207685
1.57499999999994	15.4717626347374	13.9844282074015
1.57599999999994	15.2220927282306	14.3566541308639
1.57699999999994	15.0006963359734	14.8121205703077
1.57799999999994	14.9576240032394	15.2006059457853
1.57899999999994	14.9446434678668	15.2887706186693
1.57999999999994	14.8954816823224	15.0270183626388
1.58099999999994	14.8564723401045	14.7130292959193
1.58199999999994	14.843247628941	14.2746129646151
1.58299999999994	15.2875604855116	13.9578693438259
1.58399999999994	15.4524446596051	13.8112828273052
1.58499999999994	15.4239352506324	14.0069116142193
1.58599999999994	15.1529216715812	14.423306165158
1.58699999999994	14.9682765027467	14.9141272293247
1.58799999999994	14.9859498150976	15.3109552554808
1.58899999999994	14.969741559795	15.3919043689148
1.58999999999994	14.9157317329574	15.1341228981258
1.59099999999994	14.829265446574	14.8106298772381
1.59199999999994	14.8064547693399	14.3758981806412
1.59299999999994	15.2550620806262	14.015046229864
1.59399999999994	15.4609463981394	13.8293162330991
1.59499999999994	15.4711049427605	13.9846097999239
1.59599999999994	15.2210065777849	14.3573661009061
1.59699999999993	15.0000965145143	14.81355025211
1.59799999999993	14.957963560348	15.2021193226451
1.59899999999993	14.9451407478588	15.2903375099297
1.59999999999993	14.8956973948595	15.0285247878384
1.60099999999993	14.8559209198814	14.7143004957092
1.60199999999993	14.8424537430917	14.2758448343253
1.60299999999993	15.2870878225528	13.9584492006703
1.60399999999993	15.4526456618794	13.811194060041
1.60499999999993	15.4245982694607	14.0062289962779
1.60599999999993	15.1538328648173	14.4220796838726
1.60699999999993	14.9686029870278	14.9125036220264
1.60799999999993	14.9855002496102	15.3093537085211
1.60899999999993	14.9693855135686	15.3903870338439
1.60999999999993	14.9154050602506	15.132544222682
1.61099999999993	14.8295239844749	14.809205168253
1.61199999999993	14.8067873712651	14.3744460938646
1.61299999999993	15.2555378152769	14.0142018877963
1.61399999999993	15.4609065610057	13.8289466101826
1.61499999999993	15.4704707802966	13.9847986197344
1.61599999999993	15.2199615573509	14.3580639643097
1.61699999999993	14.9995218372518	14.8149488550865
1.61799999999993	14.9582781562234	15.2035754442684
1.61899999999993	14.9455194885174	15.291802531538
1.61999999999993	14.8959689927462	15.0299871223324
1.62099999999993	14.8554013126023	14.7155457603468
1.62199999999993	14.8417142807584	14.2770593982333
1.62299999999993	15.2866430748714	13.9590309199301
1.62399999999993	15.4528603869382	13.8111347891871
1.62499999999993	15.4252502919753	14.0055828673935
1.62599999999993	15.1547199326713	14.4209056747586
1.62699999999993	14.9689421783508	14.910946551587
1.62799999999993	14.9850470258652	15.3077866342342
1.62899999999993	14.9690235506707	15.3888951872307
1.62999999999993	14.9150907548325	15.1310071692793
1.63099999999993	14.8297863105792	14.807820931159
1.63199999999993	14.8071176000283	14.3730341011714
1.63299999999993	15.2559880189741	14.0133698763049
1.63399999999993	15.4608625757995	13.8285890391867
1.63499999999993	15.469852968104	13.9849856990478
1.63599999999993	15.2189499672922	14.3587430768145
1.63699999999993	14.9989683777463	14.8163118276831
1.63799999999993	14.9585858928415	15.2049908778804
1.63899999999993	14.9458936746482	15.2932212592402
1.63999999999993	14.8962401903711	15.0314382729463
1.64099999999993	14.8549049705073	14.7167518748284
1.64199999999993	14.8410331992247	14.278252490516
1.64299999999993	15.2861973152083	13.9595934762132
1.64399999999993	15.4530559004193	13.8110796984786
1.64499999999993	15.4258804242059	14.0049602212986
1.64599999999993	15.1555819344034	14.4197734051372
1.64699999999993	14.9692390267603	14.9094233596068
1.64799999999993	14.9846479960458	15.3062920079958
1.64899999999993	14.9686722442591	15.3874584769632
1.64999999999993	14.9147869032994	15.1295232060229
1.65099999999993	14.8300432896812	14.8064776888276
1.65199999999993	14.8074444959245	14.3716648879192
1.65299999999993	15.2564183403584	14.0125606003304
1.65399999999993	15.4608114673513	13.8282429502771
1.65499999999993	15.4692491947077	13.9851705098887
1.65599999999993	15.2179693362576	14.35940322024
1.65699999999993	14.9984350046977	14.8176391399034
1.65799999999993	14.9589012095822	15.2063772590138
1.65899999999993	14.9460808453467	15.2945110010311
1.65999999999993	14.8965277046673	15.0328133721383
1.66099999999993	14.8544454283668	14.7179457790052
1.66199999999993	14.840412143569	14.2794406419346
1.66299999999993	15.2857885388154	13.960166832901
1.66399999999993	15.4532490128419	13.811044908305
1.66499999999993	15.4265032658679	14.0043743520539
1.66599999999993	15.156427280326	14.4186887053885
1.66699999999993	14.9695369235378	14.9079540689656
1.66799999999993	14.9843232190406	15.3048907717651
1.66899999999993	14.9682908473606	15.3860548075257
1.66999999999993	14.9144636012106	15.1280703595618
1.67099999999993	14.8302645020125	14.8051483608276
1.67199999999993	14.8077312252944	14.3703079240978
1.67299999999993	15.2568228458697	14.0117602760482
1.67399999999993	15.4607362039609	13.827887769759
1.67499999999993	15.4686462995924	13.9853387188482
1.67599999999993	15.2170098565457	14.3600365207112
1.67699999999993	14.997920416879	14.8189303399066
1.67799999999993	14.9591928960375	15.2077138979337
1.67899999999993	14.9463302211734	15.2958371821424
1.67999999999993	14.8968223338289	15.0341659966799
1.68099999999993	14.85397967165	14.7191106058005
1.68199999999993	14.839821273147	14.2806044751484
1.68299999999993	15.2853755349026	13.9607236571959
1.68399999999993	15.4534477402881	13.8110274465395
1.68499999999993	15.4271117502644	14.0038161291695
1.68599999999993	15.1572523529868	14.4176449636336
1.68699999999993	14.9698187604476	14.9065251142556
1.68799999999992	14.9839883869549	15.3035080329353
1.68899999999992	14.9679602904313	15.3847004391576
1.68999999999992	14.914144740454	15.1266508527109
1.69099999999992	14.8305015574069	14.8038682250952
1.69199999999992	14.8080148434962	14.3689971869089
1.69299999999992	15.2572293316504	14.0110052655041
1.69399999999992	15.4606629630266	13.8275493206456
1.69499999999992	15.4680627865978	13.9855099644114
1.69599999999992	15.2160815441323	14.3606546038606
1.69699999999992	14.9974339100963	14.8201953640048
1.69799999999992	14.9594719123358	15.2090098236821
1.69899999999992	14.9465340490111	15.2970748775971
1.69999999999992	14.8970855055956	15.0354777771967
1.70099999999992	14.8535328096621	14.720248003658
1.70199999999992	14.8392581227791	14.2817461890045
1.70299999999992	15.2849941137187	13.9612794794917
1.70399999999992	15.453646462989	13.8110252876869
1.70499999999992	15.4277085721451	14.0032861795997
1.70599999999992	15.1580585153857	14.4166424535985
1.70699999999992	14.9700855371692	14.9051338284383
1.70799999999992	14.9836775275873	15.3021752088097
1.70899999999992	14.9676385378986	15.3833939719166
1.70999999999992	14.9138327816234	15.1252729331758
1.71099999999992	14.8307190883151	14.802621003982
1.71199999999992	14.8082944051033	14.3677226711172
1.71299999999992	15.2576227985271	14.0102712197791
1.71399999999992	15.4605883975425	13.8272221675829
1.71499999999992	15.4674891897919	13.985675325598
1.71599999999992	15.2151792794273	14.3612513870297
1.71699999999992	14.9969582434227	14.8214198181952
1.71799999999992	14.959751404632	15.2102728955783
1.71899999999992	14.9468495173976	15.2983461780034
1.71999999999992	14.8973341002685	15.0367523571706
1.72099999999992	14.8530807387844	14.7213372747716
1.72199999999992	14.8386934298668	14.2828425340889
1.72299999999992	15.2845971117728	13.9618013575643
1.72399999999992	15.453810849995	13.8110057797667
1.72499999999992	15.4282826956216	14.0027692628577
1.72599999999992	15.1588391201854	14.4156694790551
1.72699999999992	14.9703390011053	14.903775171762
1.72799999999992	14.9834066431313	15.3009063294419
1.72899999999992	14.9673261434344	15.3821375338877
1.72999999999992	14.9135486248364	15.1239578119458
1.73099999999992	14.8309289233727	14.8014100037317
1.73199999999992	14.8085670284808	14.3664863992751
1.73299999999992	15.2580015534601	14.0095587969094
1.73399999999992	15.4605149351016	13.8269084037982
1.73499999999992	15.4669315049982	13.9858400538491
1.73599999999992	15.2143066312086	14.3618317517545
1.73699999999992	14.9964913345702	14.8226021728496
1.73799999999992	14.9600219012502	15.2114961107699
1.73899999999992	14.9471691008456	15.2995712708749
1.73999999999992	14.8975660379774	15.0379995174561
1.74099999999992	14.8526540101786	14.7224009009553
1.74199999999992	14.8381410283153	14.2839124729579
1.74299999999992	15.2842145795444	13.9623130686366
1.74399999999992	15.4539944424696	13.8110093666489
1.74499999999992	15.4288405204553	14.0022762358062
1.74599999999992	15.1595958801881	14.4147309412353
1.74699999999992	14.9705694052344	14.9024494266027
1.74799999999992	14.9831363636352	15.299665515878
1.74899999999992	14.9670202998097	15.3809021806926
1.74999999999992	14.9132812609141	15.1226778912858
1.75099999999992	14.8311486251962	14.8002429825075
1.75199999999992	14.8088508810481	14.3652969152732
1.75299999999992	15.2583781481344	14.0088735094328
1.75399999999992	15.4604478449034	13.8266129607064
1.75499999999992	15.4663936858022	13.9860088954448
1.75599999999992	15.2134654456277	14.3623992258449
1.75699999999992	14.996034330887	14.8237491953506
1.75799999999992	14.9602692339855	15.2126692463408
1.75899999999992	14.9475484032185	15.3007826941611
1.75999999999992	14.8977828474434	15.0392050794531
1.76099999999992	14.8522437795863	14.7234330143569
1.76199999999992	14.8375793702482	14.2849464238553
1.76299999999992	15.2838427165185	13.9628063916141
1.76399999999992	15.4541687143279	13.8110125412137
1.76499999999992	15.4293855198877	14.0018035441369
1.76599999999992	15.1603336436084	14.4138270925525
1.76699999999992	14.9708070406472	14.9011711451557
1.76799999999992	14.9828726155416	15.2984620111366
1.76899999999992	14.9667328436591	15.3797143768515
1.76999999999992	14.9130170122109	15.1214336981516
1.77099999999992	14.8313643828624	14.7991080774187
1.77199999999992	14.8091314567463	14.36414137418
1.77299999999992	15.2587388146205	14.0082060262874
1.77399999999992	15.4603794949004	13.8263274814599
1.77499999999992	15.4658658475029	13.9861726633844
1.77599999999992	15.2126499143732	14.3629493285102
1.77699999999992	14.9955769784351	14.8248560385183
1.77799999999991	14.9604909264423	15.2137900812938
1.77899999999991	14.9479456311976	15.3020099672183
1.77999999999991	14.8979982053128	15.0403853442625
1.78099999999991	14.8518562367504	14.7244406379569
1.78199999999991	14.8370292074777	14.2859527114007
1.78299999999991	15.2834946052284	13.9632945281852
1.78399999999991	15.454337498058	13.8110219527258
1.78499999999991	15.4299153970233	14.0013490485387
1.78599999999991	15.1610519235914	14.4129537014088
1.78699999999991	14.97104224677	14.8999294235329
1.78799999999991	14.9825882933663	15.2972685327499
1.78899999999991	14.9664696427905	15.3785639940053
1.78999999999991	14.9127715042346	15.1202287487994
1.79099999999991	14.8315842278504	14.7980106636494
1.79199999999991	14.8094096944521	14.3630250974699
1.79299999999991	15.25909578322	14.0075638987466
1.79399999999991	15.4603118447337	13.8260534047861
1.79499999999991	15.4653550741945	13.9863375317644
1.79599999999991	15.2118641135673	14.3634867200738
1.79699999999991	14.9951349673146	14.8259344791074
1.79799999999991	14.9606948820018	15.2148697690759
1.79899999999991	14.948319847695	15.3031831492968
1.79999999999991	14.8982327763089	15.0415446585321
1.80099999999991	14.8514869878729	14.7254257026089
1.80199999999991	14.8365328812275	14.2869415312943
1.80299999999991	15.283153713814	13.9637763580054
1.80399999999991	15.4545058039327	13.8110427195011
1.80499999999991	15.4304275419102	14.0009114216384
1.80599999999991	15.1617480884141	14.4121087265945
1.80699999999991	14.9712705209351	14.8987222914135
1.80799999999991	14.9823222428742	15.2961167361835
1.80899999999991	14.9662030022509	15.3774400264917
1.80999999999991	14.9125254665619	15.1190536969476
1.81099999999991	14.8318008939141	14.7969424267414
1.81199999999991	14.8096798976996	14.361938313552
1.81299999999991	15.2594382519973	14.0069380769848
1.81399999999991	15.4602286150349	13.8257774920036
1.81499999999991	15.4648746664248	13.9865117853991
1.81599999999991	15.2111034388303	14.3640096319039
1.81699999999991	14.9947088598624	14.826981837949
1.81799999999991	14.960889522038	15.2159156759303
1.81899999999991	14.9486896619008	15.3043245300725
1.81999999999991	14.8984638862922	15.0426731210339
1.82099999999991	14.85112705898	14.726386098947
1.82199999999991	14.8360567857421	14.2879074217436
1.82299999999991	15.2828245956343	13.9642479941722
1.82399999999991	15.4546649574404	13.8110660835758
1.82499999999991	15.430931124153	14.0004947974618
1.82599999999991	15.1624244415832	14.4112930984844
1.82699999999991	14.9714950794216	14.8975535430821
1.82799999999991	14.9820625205381	15.2949965195491
1.82899999999991	14.9659427490054	15.3763461844422
1.82999999999991	14.9122890076062	15.1179125926274
1.83099999999991	14.8320166613682	14.7959046267845
1.83199999999991	14.8099477992146	14.3608841591267
1.83299999999991	15.2597633748155	14.0063285457439
1.83399999999991	15.4601451128143	13.8255120310307
1.83499999999991	15.4644033237389	13.986680974868
1.83599999999991	15.2103678710153	14.3645189891327
1.83699999999991	14.9943013331304	14.8280006590681
1.83799999999991	14.9610795134667	15.216932864361
1.83899999999991	14.9490178005207	15.3054055219213
1.83999999999991	14.8987036982349	15.0437609899172
1.84099999999991	14.8507869941078	14.7273263748043
1.84199999999991	14.8356100817961	14.288855782462
1.84299999999991	15.2825114800256	13.9647143888689
1.84399999999991	15.4548026462552	13.8110821656595
1.84499999999991	15.4314332577052	14.0001037233131
1.84599999999991	15.1630865346772	14.4105102963241
1.84699999999991	14.9717207571005	14.8964226237495
1.84799999999991	14.9818026210302	15.2939034779819
1.84899999999991	14.9656939361538	15.3752846673551
1.84999999999991	14.9120640432548	15.1168041126677
1.85099999999991	14.832225769936	14.7948959063921
1.85199999999991	14.8102196757768	14.3598619435276
1.85299999999991	15.2600769130401	14.0057358183227
1.85399999999991	15.4600663112734	13.8252594355564
1.85499999999991	15.4639357253121	13.9868414731485
1.85599999999991	15.2096534044808	14.3650118180009
1.85699999999991	14.9939125109421	14.8289941610487
1.85799999999991	14.9612499694651	15.2179101873495
1.85899999999991	14.9493273337656	15.3064420757854
1.85999999999991	14.8989284923139	15.0448188439332
1.86099999999991	14.8504591862675	14.7282472790777
1.86199999999991	14.8351915677607	14.289788634894
1.86299999999991	15.2822087426931	13.9651743967821
1.86399999999991	15.4549292920144	13.8110993235994
1.86499999999991	15.4319215743411	13.9997289563341
1.86599999999991	15.1637341573389	14.4097576914103
1.86699999999991	14.9719723734094	14.895352522742
1.86799999999991	14.9815379812313	15.2928383074725
1.8689999999999	14.9654485062253	15.37425018789
1.8699999999999	14.9118422630105	15.1157252461608
1.8709999999999	14.8324210672557	14.7939117809128
1.8719999999999	14.8104767648761	14.3588641753407
1.8729999999999	15.2603819439721	14.005158110134
1.8739999999999	15.4599926740316	13.8250181862868
1.8749999999999	15.4634779752022	13.9869977800057
1.8759999999999	15.2089604569237	14.3654902245685
1.8769999999999	14.9935296047516	14.8299545075445
1.8779999999999	14.9614075865474	15.2188504638162
1.8789999999999	14.9495852076254	15.3074189938458
1.8799999999999	14.8991723760746	15.0458526207156
1.8809999999999	14.8501644229888	14.7291571749489
1.8819999999999	14.8348097835738	14.2907136660813
1.8829999999999	15.2819257670797	13.9656355748649
1.8839999999999	15.4550634691949	13.8111323758542
1.8849999999999	15.432397947134	13.9993721532139
1.8859999999999	15.1643672170296	14.4090360838806
1.8869999999999	14.9722095354096	14.8943077718528
1.8879999999999	14.9812807332448	15.2918010724504
1.8889999999999	14.9652087546044	15.3732405571544
1.8899999999999	14.9116262412898	15.1146758565358
1.8909999999999	14.8326075389148	14.7929533366296
1.8919999999999	14.8107148595918	14.3578876977799
1.8929999999999	15.2606791608396	14.004598465255
1.8939999999999	15.4599257970754	13.8247884926138
1.8949999999999	15.463028997255	13.9871491911765
1.8959999999999	15.2082875835544	14.3659543800921
1.8969999999999	14.9931767513597	14.8309040770882
1.8979999999999	14.961562245335	15.2197690615979
1.8989999999999	14.9498000810399	15.3083530816566
1.8999999999999	14.8994165253203	15.046859130973
1.9009999999999	14.8499004849599	14.7300479720578
1.9019999999999	14.8344406791177	14.2916152436552
1.9029999999999	15.2816541733999	13.966089510892
1.9039999999999	15.4551903205889	13.8111661546457
1.9049999999999	15.432863875184	13.9990317043869
1.9059999999999	15.1649856476114	14.4083428163887
1.9069999999999	14.9724414061304	14.8932941071857
1.9079999999999	14.9810319224965	15.2907940830054
1.9089999999999	14.9649752712848	15.3722608829658
1.9099999999999	14.9114190740523	15.1136584289157
1.9109999999999	14.8327943862009	14.7920234927057
1.9119999999999	14.8109400578081	14.356933599142
1.9129999999999	15.2609533303633	14.0040481594987
1.9139999999999	15.4598601130767	13.8245662183348
1.9149999999999	15.4625929927348	13.9872986472819
1.9159999999999	15.2076365473844	14.366405263072
1.9169999999999	14.9928319666428	14.8318258776427
1.9179999999999	14.9617136982	15.2206607870594
1.9189999999999	14.9500101452583	15.3092610498925
1.9199999999999	14.8996571769905	15.0478437502378
1.9209999999999	14.8496547065241	14.7309163619716
1.9219999999999	14.8340676917455	14.2924861748792
1.9229999999999	15.2813935294964	13.9665326837735
1.9239999999999	15.455325331617	13.8112137667238
1.9249999999999	15.4333156373017	13.9987039529962
1.9259999999999	15.1655860373517	14.4076737891601
1.9269999999999	14.9726637653581	14.8923087702403
1.9279999999999	14.9807874704512	15.2898128187653
1.9289999999999	14.9647496155098	15.3713097995132
1.9299999999999	14.9112194849818	15.1126716378812
1.9309999999999	14.8329778474097	14.7911208549161
1.9319999999999	14.8111617725832	14.3560077545377
1.9329999999999	15.2612175918086	14.0035155258673
1.9339999999999	15.4597946423583	13.8243515172321
1.9349999999999	15.4621691631396	13.9874462698691
1.9359999999999	15.2070061525615	14.3668431588255
1.9369999999999	14.9924990604673	14.8327202391853
1.9379999999999	14.9618651739541	15.2215301320595
1.9389999999999	14.9501964153409	15.3101293006833
1.9399999999999	14.899913169085	15.0488205733139
1.9409999999999	14.8494286655368	14.7317633784159
1.9419999999999	14.8337034402744	14.2933323060594
1.9429999999999	15.281143237306	13.9669666099901
1.9439999999999	15.4554635325665	13.8112695097796
1.9449999999999	15.4337546028827	13.9983898798636
1.9459999999999	15.1661706072855	14.4070285910623
1.9469999999999	14.9728833121058	14.8913560676538
1.9479999999999	14.9805539367861	15.2888633317945
1.9489999999999	14.9645260416995	15.3703850036209
1.9499999999999	14.9110244421633	15.1117141818608
1.9509999999999	14.833151924761	14.7902420069305
1.9519999999999	14.8113820204671	14.3551087943732
1.9529999999999	15.2614602271662	14.002988057675
1.9539999999999	15.4597285783473	13.8241434657273
1.9549999999999	15.4617555718898	13.9875903365583
1.9559999999999	15.2063957677203	14.3672669170775
1.9569999999999	14.9921883685562	14.8335976871345
1.9579999999999	14.9620268401898	15.222387612069
1.9589999999999	14.9503778338466	15.3109769754956
1.95999999999989	14.9001536195001	15.0497721401294
1.96099999999989	14.8492022538831	14.7325818584819
1.96199999999989	14.8333466680574	14.2941510112538
1.96299999999989	15.2808956220487	13.9673859187358
1.96399999999989	15.4556080679988	13.8113341321558
1.96499999999989	15.4341717010903	13.9980815793184
1.96599999999989	15.1667351066838	14.406402178702
1.96699999999989	14.9730697845916	14.8904068483749
1.96799999999989	14.9803455021383	15.2879515989511
1.96899999999989	14.964314394513	15.3694930981387
1.96999999999989	14.910839519454	15.110790464909
1.97099999999989	14.8333236965539	14.7893913345322
1.97199999999989	14.8116049163478	14.3542424217011
1.97299999999989	15.26170811031	14.0024831394296
1.97399999999989	15.4596602273314	13.8239412478095
1.97499999999989	15.4613541027659	13.9877328005424
1.97599999999989	15.2058046989347	14.3676780321347
1.97699999999989	14.9918887576338	14.8344466544112
1.97799999999989	14.9621801317752	15.223217354736
1.97899999999989	14.9506149224907	15.3118427571621
1.97999999999989	14.9003509618675	15.0506801653359
1.98099999999989	14.8489668137559	14.7333693720581
1.98199999999989	14.8329900834428	14.2949397533658
1.98299999999989	15.2806431044186	13.967784701128
1.98399999999989	15.4557469196629	13.8113970511861
1.98499999999989	15.4345686901825	13.997777166148
1.98599999999989	15.1672788851013	14.4057918074054
1.98699999999989	14.973261576049	14.8894933051774
1.98799999999989	14.9801445224799	15.2870697600979
1.98899999999989	14.9641068631455	15.3686284576356
1.98999999999989	14.9106596926503	15.1098952452983
1.99099999999989	14.8334904989991	14.7885657211157
1.99199999999989	14.811819933116	14.3534013480882
1.99299999999989	15.2619583576803	14.0020016572862
1.99399999999989	15.4595938667263	13.8237465016784
1.99499999999989	15.4609661593196	13.9878753269967
1.99599999999989	15.2052336305304	14.368079247622
1.99699999999989	14.9916018343923	14.8352745632776
1.99799999999989	14.9623297573435	15.2240235269725
1.99899999999989	14.950877396945	15.3127073449479
2	14.9005254570748	15.0515559360106
