"Time [s]"	"CoreLoss [W]"
0	0
0.001	114.953441231024
0.002	53.0778715725286
0.003	47.4537765371348
0.004	44.9601643954013
0.005	54.6952799418855
0.006	62.2115526795831
0.007	67.2920490817233
0.008	85.8382595635468
0.009	68.8914416441996
0.01	71.8747970951158
0.011	88.1663931923664
0.012	87.2565371282825
0.013	81.9172691224215
0.014	72.0487317181567
0.015	73.3099763390285
0.016	72.3623362304949
0.017	97.5779811810968
0.018	119.948648131229
0.019	154.168405748095
0.02	173.414060500333
0.021	159.239935326766
0.022	108.121099903187
0.023	88.6908791757821
0.024	79.527792845655
0.025	85.803953084812
0.026	93.7574517844959
0.027	115.748376325714
0.028	113.830530167754
0.029	114.070095614246
0.03	104.161076384157
0.031	117.093606926566
0.032	112.457103194593
0.033	93.4137264353654
0.034	86.8054309291277
0.035	82.1216237873579
0.036	94.4664284720197
0.037	103.002010036078
0.038	170.789030396032
0.039	132.548047807063
0.04	166.823321991972
0.041	143.20823338797
0.042	118.685036050748
0.043	91.2370224389003
0.044	85.2547855440467
0.045	84.8534117898239
0.046	94.787697258939
0.047	119.568494759129
0.048	116.477892094575
0.049	126.704119897193
0.05	108.156060118053
0.051	121.595686949007
0.052	113.58945021498
0.053	93.4866635441595
0.054	86.9093227810683
0.055	82.4764537924007
0.056	100.259926300432
0.057	100.210446876977
0.058	175.095591745803
0.059	133.436154165429
0.06	165.099854604102
0.061	135.277142629454
0.062	125.416638661756
0.063	91.7237058054101
0.064	87.0742285191368
0.065	84.9019083847999
0.066	95.2947706710835
0.067	120.103043757285
0.068	118.248645478574
0.069	131.425279226999
0.07	110.788275395816
0.071	124.214448381208
0.0720000000000001	114.54018266891
0.0730000000000001	94.2312603381588
0.0740000000000001	87.2125810317976
0.0750000000000001	82.7715210257089
0.0760000000000001	101.171425236488
0.0770000000000001	99.6562998697963
0.0780000000000001	172.241778199892
0.0790000000000001	136.738515525044
0.0800000000000001	163.53414668888
0.0810000000000001	131.307736572339
0.0820000000000001	128.985894143716
0.0830000000000001	91.3173231202423
0.0840000000000001	87.1618651332054
0.0850000000000001	84.7051571351518
0.0860000000000001	95.5156925867942
0.0870000000000001	120.588638835458
0.0880000000000001	119.55364431799
0.0890000000000001	134.396530302071
0.0900000000000001	113.480454479429
0.0910000000000001	126.045961733052
0.0920000000000001	115.638307874395
0.0930000000000001	95.0663494952679
0.0940000000000001	87.4405659542886
0.0950000000000001	82.8451029173765
0.0960000000000001	101.192974387118
0.0970000000000001	99.5544786405128
0.0980000000000001	170.492171297298
0.0990000000000001	140.961314258819
0.1	162.056510779547
0.101	130.720632403797
0.102	130.268538382004
0.103	91.9312308623358
0.104	87.4338088110093
0.105	84.7216602000049
0.106	95.7247733141548
0.107	121.170403750801
0.108	120.799103982706
0.109	136.191836154334
0.11	115.300398098161
0.111	127.164863880755
0.112	116.836499644548
0.113	95.3431399941589
0.114	87.6071909233087
0.115	82.9107293038025
0.116	101.220824187747
0.117	99.6967298590325
0.118	169.27653168733
0.119	144.595572410724
0.12	160.23487566743
0.121	131.352866234491
0.122	130.758861703158
0.123	92.4699502308238
0.124	87.7713693585507
0.125	84.7744686634233
0.126	95.9295743036505
0.127	121.595122132962
0.128	121.928002141235
0.129	137.482094709335
0.13	116.883405400817
0.131	128.24511335558
0.132	118.158211408194
0.133	95.4931301731941
0.134	87.7631862567639
0.135	82.9165989667254
0.136	101.289988178561
0.137	99.7992264531029
0.138	168.228496082588
0.139	147.277524035639
0.14	157.725552345288
0.141	131.909499838602
0.142	131.445714484639
0.143	93.0908016204302
0.144	88.17534820135
0.145	84.8530942467247
0.146	96.2003268380374
0.147	121.834978763589
0.148	122.788434461232
0.149	138.51791581071
0.15	118.272245548979
0.151	128.477807292054
0.152	118.864392119524
0.153	95.2265736056981
0.154	87.7668055246984
0.155	82.6689905666364
0.156	101.354174054161
0.157	99.8611913956333
0.158	167.450823231283
0.159	149.394021546486
0.16	156.256415077952
0.161	132.257633711329
0.162	131.254360288149
0.163	91.857124749411
0.164	89.957575353252
0.165	85.0989108203579
0.166	96.4281208872671
0.167	121.919532624976
0.168	123.387339975797
0.169	139.305053428748
0.17	119.457843659074
0.171	128.895288914664
0.172	119.627574633854
0.173	95.2470490642587
0.174	87.788672119305
0.175	82.5202254776982
0.176	101.399369899256
0.177	99.8943690989249
0.178	166.850503832052
0.179	150.862366966447
0.18	154.997819851159
0.181	134.048726340003
0.182	126.356130521294
0.183	91.3928547135511
0.184	88.0943294498583
0.185	85.1456146424219
0.186	96.6655722863061
0.187	122.02520372889
0.188	124.110571148195
0.189	140.088366762599
0.19	120.500190613785
0.191	129.351102505735
0.192	120.353304678144
0.193	95.1940144730511
0.194	87.7897347364345
0.195	82.4345012445303
0.196	101.524683215564
0.197	100.011718569561
0.198	166.579873815402
0.199	151.394256072118
0.2	153.72423741969
0.201	134.09168287164
0.202	126.407459259077
0.203	91.8358844045339
0.204	87.9868641557951
0.205	85.4262447322937
0.206	96.9486526525133
0.207	122.195090764791
0.208	124.946470934352
0.209	140.872149194231
0.21	121.45333985689
0.211	129.765816324666
0.212	120.961389853736
0.213	95.1073175664152
0.214	87.6849490477949
0.215	82.2581977774486
0.216	101.654586493037
0.217	100.13104860612
0.218	166.165140967268
0.219	151.566720114572
0.22	152.173599947894
0.221	134.201112576457
0.222	126.571852431406
0.223	92.2034054669481
0.224	88.6256230168333
0.225	85.5604784245852
0.226	97.257489323489
0.227	122.323779764674
0.228	125.733526061879
0.229	141.740032573238
0.23	122.387639599983
0.231	130.141443092474
0.232	121.567863255605
0.233	95.0960225644669
0.234	87.6985016304414
0.235	82.2143511324688
0.236	101.785414431375
0.237	100.275783480346
0.238	165.826433270118
0.239	151.785563399327
0.24	151.006444121113
0.241	134.31704717847
0.242	127.058970693658
0.243	92.5437759470575
0.244	88.9983664935464
0.245	85.7487050494786
0.246	97.5241876931921
0.247	122.375379281565
0.248	126.483035788959
0.249	142.245797001296
0.25	123.166857233072
0.251	130.468415534985
0.252	122.130056798694
0.253	95.0888871166999
0.254	87.7173622880645
0.255	82.1790381934901
0.256	101.900897611103
0.257	100.421507707475
0.258	165.463645257691
0.259	151.826067848107
0.26	149.938657220472
0.261	134.493811298654
0.262	127.426824822583
0.263	93.044400830896
0.264	89.3033488185487
0.265	85.9670724872067
0.266	97.8469925020466
0.267	122.421680223951
0.268	127.257329392897
0.269	142.845999893232
0.27	123.934637212751
0.271	130.748095867597
0.272	122.617263512503
0.273	95.0890342585694
0.274	87.732297329223
0.275	82.1482773223254
0.276	102.002157515135
0.277	100.565879315816
0.278	164.984931904739
0.279	151.801088366183
0.28	149.083240593844
0.281	136.169943747845
0.282	127.90487347979
0.283	93.8606142066813
0.284	89.7730913502104
0.285	86.1468824432558
0.286	98.1769624411291
0.287	122.46816630965
0.288	127.882054538622
0.289	143.086450007787
0.29	125.143685533537
0.291	131.912105396051
0.292	123.056511359663
0.293	95.1210445074039
0.294	87.7709417419566
0.295	82.1549373498282
0.296	102.115707752719
0.297	100.725790161373
0.298	164.712575648476
0.299	151.905659747427
0.3	148.620586335384
0.301	136.335434643722
0.302	128.350928194928
0.303	94.5418611289107
0.304	89.9973943234687
0.305	86.4074977400836
0.306	98.5137096948381
0.307	122.50449989014
0.308	128.602992979627
0.309	143.678154560373
0.31	125.732090021977
0.311	132.247409012153
0.312	123.49589784577
0.313	95.1006833600236
0.314	87.7848703760517
0.315	82.1309197674622
0.316	102.194813164763
0.317	100.837107429497
0.318	164.464230590184
0.319	151.878134449548
0.32	147.962167205453
0.321	136.528332005403
0.322	128.468043313652
0.323	94.9159309361097
0.324	90.2218171619206
0.325	86.6490244000554
0.326	98.7868060658728
0.327	122.478233115307
0.328	129.244874001458
0.329	144.227900848447
0.33	126.336801708377
0.331	132.477824413383
0.332	123.865881546573
0.333	95.0776521377335
0.334	87.7880609107886
0.335	82.0950892326831
0.336	102.280715132645
0.337	100.881068125422
0.338	164.228964505545
0.339	152.057429306046
0.34	147.363905711526
0.341	136.573151793549
0.342	128.54551258716
0.343	95.2158566828672
0.344	90.4744069391522
0.345	86.8804170181707
0.346	99.0638914985264
0.347	122.448703088798
0.348	129.933179250899
0.349	144.86542383042
0.35	126.968868850584
0.351	132.772931112143
0.352	124.270565568398
0.353	95.1088360228653
0.354	87.8220891781902
0.355	82.0792464798039
0.356	102.370517044498
0.357	100.905051183686
0.358	163.989376858334
0.359	152.215227584896
0.36	147.021982834086
0.361	136.724142386989
0.362	128.953711548702
0.363	95.4608865872585
0.364	90.7155038236034
0.365	87.1376147178146
0.366	99.2762441400683
0.367	122.40355761659
0.368	130.533621696087
0.369	145.394534342051
0.37	127.553584962265
0.371	133.0119068533
0.372	124.586731273461
0.373	95.0991802657335
0.374	87.8420919455424
0.375	82.0751049693349
0.376	102.472598036293
0.377	100.912634111324
0.378	163.679362096737
0.379	152.192442283643
0.38	146.734397138343
0.381	136.908781810726
0.382	129.0338886459
0.383	95.6736851304163
0.384	90.8843593648703
0.385	87.3154594455757
0.386	99.4633301590401
0.387	122.320014179601
0.388	131.084336039725
0.389	145.769699016116
0.39	128.050703647119
0.391	133.222621015543
0.392	124.867436513613
0.393	95.0810411762971
0.394	87.862434884732
0.395	82.0796603573324
0.396	102.585226525142
0.397	100.906669121732
0.398	163.445881099197
0.399	152.40503166032
0.4	146.322857512738
0.401	136.797110787605
0.402	129.297596361748
0.403	95.8840620660358
0.404	91.0674267275197
0.405	87.515269119411
0.406	99.6425771587336
0.407	122.196386424692
0.408	131.652589772892
0.409	148.91304505373
0.41	128.150555146165
0.411	133.474925671973
0.412	125.061548687096
0.413	95.0948918011202
0.414	87.9247842264919
0.415	82.1071900730245
0.416	102.723280320348
0.417	100.92241103206
0.418	163.190452986898
0.419	152.224388345682
0.42	145.831497624592
0.421	136.987501687388
0.422	127.931896350651
0.423	95.741894386323
0.424	93.0217693463194
0.425	87.6221498430627
0.426	99.7907890195891
0.427	122.090193808295
0.428	132.052910088195
0.429	149.300367175573
0.43	128.587607686161
0.431	133.62301155079
0.432	125.209016269376
0.433	95.1023906368975
0.434	87.9640938066167
0.435	82.1250871665892
0.436	102.849679780109
0.437	100.881879192618
0.438	162.75178119991
0.439	151.949737246078
0.44	145.386059371269
0.441	137.097481467061
0.442	129.169537808994
0.443	95.9068920955749
0.444	91.3857555578942
0.445	87.7935811869913
0.446	99.9990812088111
0.447	122.037348701408
0.448	132.492281339724
0.449	149.572923578915
0.45	129.022452088131
0.451	133.873773840135
0.452	125.426597956296
0.453	95.0889142782881
0.454	87.9753760566488
0.455	82.1469792846446
0.456	102.987148118999
0.457	100.861525160844
0.458	162.368779836873
0.459	151.905041189253
0.46	145.088959015412
0.461	137.243535952539
0.462	129.180015402599
0.463	95.8809383849601
0.464	91.5387325071562
0.465	87.9327528469012
0.466	100.175692094319
0.467	121.98675205664
0.468	132.953254988186
0.469	149.850091293305
0.47	129.484216088539
0.471	134.162511100435
0.472	125.664690450317
0.473	95.120418238832
0.474	88.0071866613145
0.475	82.1677624221178
0.476	103.124727738512
0.477	100.85253912517
0.478	162.009635465238
0.479	151.80735591857
0.48	144.757324430139
0.481	137.394915383108
0.482	129.133410407369
0.483	95.8230124278991
0.484	91.7177456458546
0.485	88.1078685484733
0.486	100.371869001744
0.487	121.907205334361
0.488	133.420165428699
0.489	150.201226718732
0.49	129.907100219775
0.491	134.415073813761
0.492	125.905335104816
0.493	95.1458650523959
0.494	88.0358690522505
0.495	82.1912877029013
0.496	103.270019312672
0.497	100.865672972406
0.498	161.60431787846
0.499	151.809791421787
0.5	144.341538964622
0.501	137.537218498423
0.502	129.103202980897
0.503	95.8247830036645
0.504	91.9201294481728
0.505	88.2521449692215
0.506	100.544325887773
0.507	121.796786983048
0.508	133.844545837172
0.509	150.085617765573
0.51	130.209949580301
0.511	134.618330539213
0.512	126.126482845691
0.513	95.1763166033449
0.514	88.0595283551897
0.515	82.2111972917645
0.516	103.419684909967
0.517	100.894561552544
0.518	161.277062120436
0.519	151.826318068694
0.52	143.96628366175
0.521	137.821241681158
0.522	128.918617272589
0.523	95.8743134591653
0.524	92.1631592919896
0.525	88.3026684989328
0.526	100.724556511261
0.527	121.743561894874
0.528	134.290824560693
0.529	149.969585969861
0.53	130.503255075395
0.531	134.734555524423
0.532	126.302077996919
0.533	95.1972139024133
0.534	88.0784726006242
0.535	82.2254715371029
0.536	103.57754918543
0.537	100.943909447972
0.538	160.944553146951
0.539	151.854013643008
0.54	143.65677114859
0.541	137.928035450071
0.542	128.762420765778
0.543	95.9173254817069
0.544	92.2763993396182
0.545	88.4003177998046
0.546	100.47883142963
0.547	121.709709924687
0.548	134.695860143388
0.549	150.24465138315
0.55	130.806113284038
0.551	134.859025224357
0.552	126.455003532395
0.553	95.2012537568042
0.554	88.0910834553213
0.555	82.2319222411342
0.556	103.716084406068
0.557	101.024690707015
0.558	160.674446329144
0.559	151.784310482438
0.56	143.339018309089
0.561	138.174511887995
0.562	128.699093585045
0.563	95.9359767684024
0.564	92.587398910069
0.565	88.4620001203421
0.566	100.645205773502
0.567	121.628754678794
0.568	135.15354042121
0.569	150.564212871009
0.57	131.15938787943
0.571	135.028025764129
0.572	126.608088957769
0.573	95.2109271253474
0.574	88.1092643005223
0.575	82.2356766301512
0.576	103.845982867629
0.577	101.139662856211
0.578	160.433361123753
0.579	151.736057293305
0.58	142.928715940726
0.581	138.348940928711
0.582	128.639183750517
0.583	95.9499074286301
0.584	92.8087647669804
0.585	88.5577606385417
0.586	100.800974301828
0.587	121.503011603596
0.588	135.630791566631
0.589	150.889409184633
0.59	131.454851326847
0.591	135.228591078517
0.592	126.758848585144
0.593	95.2219287434972
0.594	88.1256008007995
0.595	82.2339426731234
0.596	103.969419827685
0.597	101.268213231557
0.598	160.240558905242
0.599	151.610214683438
0.6	142.567971007267
0.601	138.394372395491
0.602	128.567563334825
0.603	95.9229206450498
0.604	93.0624676443803
0.605	88.6349238429537
0.606	100.962238674383
0.607	121.408615837883
0.608	136.157369963342
0.609	151.207280939459
0.61	131.718358320665
0.611	135.431891066547
0.612	126.888501037064
0.613	95.2304052465952
0.614	88.1390055560309
0.615	82.2288818330468
0.616	104.080532522517
0.617	101.421966525755
0.618	159.956578258808
0.619	151.623573828932
0.62	142.264251471048
0.621	138.444653074383
0.622	128.528295329279
0.623	95.8640815038285
0.624	93.3851072071676
0.625	88.7407072442959
0.626	101.14248651286
0.627	121.323698912613
0.628	136.650292135856
0.629	151.500975473106
0.63	132.037945488509
0.631	135.621999973621
0.632	127.035588645109
0.633	95.238613997089
0.634	88.1521614227507
0.635	82.2166537353209
0.636	104.175435435629
0.637	101.594114649191
0.638	159.602211108486
0.639	151.580012882922
0.64	142.021576995844
0.641	138.470885587374
0.642	128.501233636031
0.643	95.8587273527436
0.644	93.6153432194858
0.645	88.8232801409423
0.646	101.317376278775
0.647	121.239942962364
0.648	137.128462145174
0.649	151.764557245849
0.65	132.333996255869
0.651	135.775734741386
0.652	127.15201783344
0.653	95.2453030802242
0.654	88.1653265057291
0.655	82.2032494654097
0.656	104.253709874136
0.657	101.775995700119
0.658	159.224019333646
0.659	151.636224923539
0.66	141.742767584767
0.661	138.48126109577
0.662	128.498506439409
0.663	95.8807628186854
0.664	93.8119631991094
0.665	88.928922751827
0.666	101.488504032692
0.667	121.159201687298
0.668	137.579273683516
0.669	151.989559451757
0.67	132.619881077491
0.671	135.933543328745
0.672	127.261399060054
0.673	95.2518971834907
0.674	88.1811520624249
0.675	82.1926656048466
0.676	104.313437241459
0.677	101.966823194018
0.678	158.762655633824
0.679	151.573367490073
0.68	141.516097941164
0.681	138.533608670536
0.682	128.497623607895
0.683	95.9353578958728
0.684	93.9935681684559
0.685	88.987074921992
0.686	101.664045995305
0.687	121.09973493783
0.688000000000001	138.012245279817
0.689000000000001	152.207744741297
0.690000000000001	132.864658856159
0.691000000000001	136.094343847691
0.692000000000001	127.375883540175
0.693000000000001	95.2715030325385
0.694000000000001	88.2011872569467
0.695000000000001	82.1792195308834
0.696000000000001	104.346049223917
0.697000000000001	102.165598899738
0.698000000000001	158.208377106194
0.699000000000001	151.373950187194
0.700000000000001	141.300353399106
0.701000000000001	138.584463566895
0.702000000000001	128.502668609595
0.703000000000001	95.9658140143149
0.704000000000001	94.1804059024502
0.705000000000001	89.0350533472282
0.706000000000001	101.848593723448
0.707000000000001	120.811626190899
0.708000000000001	138.246660811351
0.709000000000001	152.246907055103
0.710000000000001	133.233057216106
0.711000000000001	136.171844454781
0.712000000000001	127.475906505193
0.713000000000001	95.2816015859853
0.714000000000001	88.2158329363045
0.715000000000001	82.1577514725465
0.716000000000001	104.354542210331
0.717000000000001	102.364479516615
0.718000000000001	157.568259706431
0.719000000000001	151.159003021374
0.720000000000001	141.079592510607
0.721000000000001	138.607599381788
0.722000000000001	128.444696848997
0.723000000000001	96.0402785655303
0.724000000000001	94.3306233329973
0.725000000000001	89.0813235038264
0.726000000000001	102.049865115594
0.727000000000001	120.978717419014
0.728000000000001	138.861897393506
0.729000000000001	152.635801626704
0.730000000000001	133.395833560072
0.731000000000001	136.393393047126
0.732000000000001	127.555711532249
0.733000000000001	95.2744955689081
0.734000000000001	88.2296394182629
0.735000000000001	82.1367086369539
0.736000000000001	104.336307101896
0.737000000000001	102.577364283785
0.738000000000001	157.01345530311
0.739000000000001	151.079415708824
0.740000000000001	140.953543612187
0.741000000000001	138.411923396685
0.742000000000001	128.285598189653
0.743000000000001	96.106329785175
0.744000000000001	94.4495439785286
0.745000000000001	89.1060582623216
0.746000000000001	102.243989015056
0.747000000000001	120.908435350378
0.748000000000001	139.276742679058
0.749000000000001	152.796767767446
0.750000000000001	133.616507318892
0.751000000000001	136.525798616196
0.752000000000001	127.643283964132
0.753000000000001	95.2812859430182
0.754000000000001	88.2432649516731
0.755000000000001	82.1136921288562
0.756000000000001	104.294060870781
0.757000000000001	102.801101318205
0.758000000000001	156.534176321806
0.759000000000001	150.847946281345
0.760000000000001	140.656392012804
0.761000000000001	138.432963598747
0.762000000000001	128.148958532238
0.763000000000001	96.0696234993548
0.764000000000001	94.5905295899457
0.765000000000001	89.1278631141042
0.766000000000001	102.444831204881
0.767000000000001	120.851580959512
0.768000000000001	139.67887406796
0.769000000000001	152.919554193038
0.770000000000001	133.869443627585
0.771000000000001	136.63439408626
0.772000000000001	127.729799326791
0.773000000000001	95.2928150192296
0.774000000000001	88.2562715598267
0.775000000000001	82.0887276223248
0.776000000000001	104.233894204924
0.777000000000001	103.001137220938
0.778000000000001	156.031549999839
0.779000000000001	150.695428506266
0.780000000000001	140.398193934456
0.781000000000001	138.496542726831
0.782000000000001	128.076269239139
0.783000000000001	96.0234735272344
0.784000000000001	94.6921500709003
0.785000000000001	89.1361717616625
0.786000000000001	102.64571737105
0.787000000000001	120.787411867547
0.788000000000001	140.061712198687
0.789000000000001	152.983937263729
0.790000000000001	134.060644351985
0.791000000000001	136.716034551832
0.792000000000001	127.815548965902
0.793000000000001	95.3130611102036
0.794000000000001	88.2679826446227
0.795000000000001	82.0645678424683
0.796000000000001	104.151828943581
0.797000000000001	103.198987789118
0.798000000000001	155.668782136355
0.799000000000001	150.619418899295
0.800000000000001	140.164119287014
0.801000000000001	138.580173752725
0.802000000000001	128.061063773813
0.803000000000001	96.0848228674126
0.804000000000001	94.7657060976808
0.805000000000001	89.1557133180667
0.806000000000001	102.84851444945
0.807000000000001	120.717517248901
0.808000000000001	140.471751022439
0.809000000000001	153.138808845784
0.810000000000001	134.297054395636
0.811000000000001	136.770520047697
0.812000000000001	127.886100492318
0.813000000000001	95.3152327208117
0.814000000000001	88.2789307793565
0.815000000000001	82.0376012844825
0.816000000000001	104.052653010772
0.817000000000001	103.39938734511
0.818000000000001	155.28724389973
0.819000000000001	150.514177191348
0.820000000000001	139.961638151599
0.821000000000001	138.656015580141
0.822000000000001	128.061125342316
0.823000000000001	96.1587237101301
0.824000000000001	94.8619639050706
0.825000000000001	89.1753708625615
0.826000000000001	103.054344291205
0.827000000000001	120.639989509722
0.828000000000001	140.865106446454
0.829000000000001	153.296102689965
0.830000000000001	134.509291755664
0.831000000000001	136.81600373722
0.832000000000001	127.942195002349
0.833000000000001	95.3200473995163
0.834000000000001	88.2923383652056
0.835000000000001	82.0177661290165
0.836000000000001	103.945013150265
0.837000000000001	103.576347435493
0.838000000000001	154.882191301151
0.839000000000001	150.396653608949
0.840000000000001	139.803563415369
0.841000000000001	138.683857984979
0.842000000000001	128.067441560126
0.843000000000001	96.2603822769985
0.844000000000001	94.7745550351071
0.845000000000001	89.1159178273215
0.846000000000001	103.249823143692
0.847000000000001	120.553140786369
0.848000000000001	141.245144196133
0.849000000000001	153.394655899447
0.850000000000001	134.67926060905
0.851000000000001	136.893966855133
0.852000000000001	127.987141344211
0.853000000000001	95.3238368087591
0.854000000000001	88.2940501874046
0.855000000000001	82.0011426125537
0.856000000000001	103.818897790326
0.857000000000001	103.742889143686
0.858000000000001	154.599971294156
0.859000000000001	150.224103117832
0.860000000000001	139.688279190741
0.861000000000001	138.717568158036
0.862000000000001	128.055131339543
0.863000000000001	96.3433456699824
0.864000000000001	94.9610529656714
0.865000000000001	89.1649086284243
0.866000000000001	103.48079789214
0.867000000000001	120.508748367821
0.868000000000001	141.647951841881
0.869000000000001	153.573656505029
0.870000000000001	134.916917500106
0.871000000000001	137.003772610252
0.872000000000001	128.064908492889
0.873000000000001	95.3261008813444
0.874000000000001	88.3213040145731
0.875000000000001	81.9936872781603
0.876000000000001	103.683151864688
0.877000000000001	103.895308222101
0.878000000000001	154.299712140862
0.879000000000001	150.074439478342
0.880000000000001	139.594698209169
0.881000000000001	138.700717225284
0.882000000000001	128.036813882148
0.883000000000001	96.4254322998727
0.884000000000001	95.0210108663513
0.885000000000001	89.1266473140619
0.886000000000001	103.686242739538
0.887000000000001	120.409048642608
0.888000000000001	141.975868195012
0.889000000000001	153.663165026047
0.890000000000001	135.115145000214
0.891000000000001	137.097736056615
0.892000000000001	128.130805993806
0.893000000000001	95.3408637106133
0.894000000000001	88.3379870645288
0.895000000000001	81.9944531448936
0.896000000000001	103.548596140263
0.897000000000001	104.036663688335
0.898000000000001	154.004479967677
0.899000000000001	150.044444791641
0.900000000000001	139.451789064745
0.901000000000001	138.66792309566
0.902000000000001	128.011381641628
0.903000000000001	96.508700853847
0.904000000000001	95.0645744295835
0.905000000000001	89.1118345713296
0.906000000000001	103.892664908166
0.907000000000001	120.321164877583
0.908000000000001	142.341722309474
0.909000000000001	153.793541506715
0.910000000000001	135.328994819953
0.911000000000001	137.174866566462
0.912000000000001	128.190255144973
0.913000000000001	95.3607363638168
0.914000000000001	88.3558900060395
0.915000000000001	82.0013931408316
0.916000000000001	103.41587529275
0.917000000000001	104.166500356152
0.918000000000001	153.752878569705
0.919000000000001	149.877816751127
0.920000000000001	139.323691383644
0.921000000000001	138.597603498192
0.922000000000001	127.986864922764
0.923000000000001	96.5841301507984
0.924000000000001	95.0656521693184
0.925000000000001	89.1215512070817
0.926000000000001	104.092817865007
0.927000000000001	120.252475939794
0.928000000000001	142.665203955042
0.929000000000001	153.847421223664
0.930000000000001	135.518725784933
0.931000000000001	137.237513868236
0.932000000000001	128.244287914309
0.933000000000001	95.373088963673
0.934000000000001	88.3730367924054
0.935000000000001	82.012248257412
0.936000000000001	103.281317169767
0.937000000000001	104.280060061729
0.938000000000001	153.494502195441
0.939000000000001	149.805408619107
0.940000000000001	139.1256993212
0.941000000000001	138.528636579922
0.942000000000001	127.95670609133
0.943000000000001	96.6738531846753
0.944000000000001	95.0365703764291
0.945000000000001	89.1317121020344
0.946000000000001	104.297992285335
0.947000000000001	120.190751810728
0.948000000000001	143.002522658207
0.949000000000001	153.971358492038
0.950000000000001	135.719523002692
0.951000000000001	137.307929977603
0.952000000000001	128.313125401517
0.953000000000001	95.4027034546713
0.954000000000001	88.3914102445085
0.955000000000001	82.0283614358972
0.956000000000001	103.152805908823
0.957000000000001	104.391800941256
0.958000000000001	153.255602896417
0.959000000000001	149.765155352267
0.960000000000001	138.973855888011
0.961000000000001	138.472390933107
0.962000000000001	127.930091878894
0.963000000000001	96.7171386650642
0.964000000000001	95.0356987734625
0.965000000000001	89.1506068736616
0.966000000000001	104.491371090214
0.967000000000001	120.100699383092
0.968000000000001	143.350263178766
0.969000000000001	154.167110748414
0.970000000000001	135.90781367978
0.971000000000001	136.674892030085
0.972000000000001	127.94799954555
0.973000000000001	95.337443821139
0.974000000000001	88.4231387910374
0.975000000000001	82.0498309405403
0.976000000000001	103.03525499325
0.977000000000001	104.499628207158
0.978000000000001	153.076376647983
0.979000000000001	149.750058428922
0.980000000000001	138.844511645712
0.981000000000001	138.423707306125
0.982000000000001	127.904285239758
0.983000000000001	96.7615423828671
0.984000000000001	95.0337314088913
0.985000000000001	89.1717202045141
0.986000000000001	104.676751879449
0.987000000000001	119.989346040148
0.988000000000001	143.688765881383
0.989000000000001	154.29804689097
0.990000000000001	136.108541196645
0.991000000000001	136.740939354046
0.992000000000001	128.000834488373
0.993000000000001	95.3504565653071
0.994000000000001	88.4425451481723
0.995000000000001	82.0667393228341
0.996000000000001	102.922798792395
0.997000000000001	104.597172558442
0.998000000000001	152.898080220366
0.999000000000001	149.685923572737
1	138.672616098564
1.001	138.401378633737
1.002	127.873308558036
1.003	96.7808023391531
1.004	95.041163120544
1.005	89.1993850130345
1.006	104.858524408001
1.007	119.947857351776
1.008	144.048872138638
1.009	154.407269345597
1.01	136.319207853775
1.011	136.817003187721
1.012	128.042112345361
1.013	95.3641906153205
1.014	88.4650818091026
1.015	82.0879770625152
1.016	102.820768985778
1.017	104.691131131918
1.018	152.707335980474
1.019	149.597931294324
1.02	138.548549728584
1.021	138.378012568776
1.022	127.843928187124
1.023	96.8271665287571
1.024	95.033851147029
1.025	89.2177890984697
1.026	105.043366951252
1.027	119.89192443152
1.028	144.393453623772
1.029	154.491456650983
1.03	136.523053507265
1.031	136.902233495517
1.032	128.091960083262
1.033	95.3818804037133
1.034	88.4893058450592
1.035	82.1115412511228
1.036	102.720489087568
1.037	104.784275105297
1.038	152.511362483013
1.039	149.491160508173
1.04	138.423042496686
1.041	138.342351379885
1.042	127.822946768195
1.043	96.88738905056
1.044	95.0179605156027
1.045	89.244305990487
1.046	105.213210346081
1.047	119.807213873435
1.048	144.440427174741
1.049	151.62416339606
1.05	136.11143804215
1.051	137.602699434751
1.05199999999999	128.52332390129
1.05299999999999	95.4373497045485
1.05399999999999	88.47417280087
1.05499999999999	82.1034610400696
1.05599999999999	102.594019053821
1.05699999999999	104.831174115101
1.05799999999999	152.277394252615
1.05899999999999	149.364858374152
1.05999999999999	138.301087844656
1.06099999999999	138.313957748483
1.06199999999999	127.822200441606
1.06299999999999	96.9188556403402
1.06399999999999	94.9960025790067
1.06499999999999	89.2738352905057
1.06599999999999	105.373673361702
1.06699999999999	119.7258268903
1.06799999999999	144.724581074979
1.06899999999999	151.72451176174
1.06999999999999	136.176573155505
1.07099999999999	137.686707549609
1.07199999999999	128.561402021923
1.07299999999999	95.4494317504035
1.07399999999999	88.4960197896791
1.07499999999999	82.1243814001155
1.07599999999999	102.504427437945
1.07699999999999	104.908813900287
1.07799999999999	152.079376998964
1.07899999999999	149.258041005573
1.07999999999999	138.206466265476
1.08099999999999	138.281883038657
1.08199999999999	127.785758237699
1.08299999999999	96.9546771467641
1.08399999999999	94.959889446754
1.08499999999999	89.3106054601613
1.08599999999999	105.538766760917
1.08699999999999	119.664653856107
1.08799999999999	145.004523698598
1.08899999999999	151.855186022852
1.08999999999999	136.318470725487
1.09099999999999	137.757133811189
1.09199999999999	128.599297928014
1.09299999999999	95.462458773555
1.09399999999999	88.5203718311661
1.09499999999999	82.1494275792464
1.09599999999999	102.42139080704
1.09699999999999	104.976968760108
1.09799999999999	151.878313924594
1.09899999999999	149.120093608464
1.09999999999999	138.172268220796
1.10099999999999	138.263905581206
1.10199999999999	127.774587152249
1.10299999999999	96.9882259058355
1.10399999999999	94.9193150357491
1.10499999999999	89.3456540598098
1.10599999999999	105.695166312929
1.10699999999999	119.59701400378
1.10799999999999	145.275222276255
1.10899999999999	152.011759201777
1.10999999999999	136.490331478273
1.11099999999999	137.819819810167
1.11199999999999	128.633343896743
1.11299999999999	95.4730528571977
1.11399999999999	88.5472923489766
1.11499999999999	82.175390910657
1.11599999999999	102.345320137673
1.11699999999999	105.035072643846
1.11799999999999	151.678000272137
1.11899999999999	149.044924841598
1.11999999999999	138.035968720886
1.12099999999999	138.204318512877
1.12199999999999	127.719606466469
1.12299999999999	96.9909624925314
1.12399999999999	94.8624169878516
1.12499999999999	89.3507887715894
1.12599999999999	105.827295253871
1.12699999999999	119.524208191389
1.12799999999999	145.550084862272
1.12899999999999	152.164817722987
1.12999999999999	136.631258950757
1.13099999999999	137.888539043671
1.13199999999999	128.677637109056
1.13299999999999	95.4880829862137
1.13399999999999	88.5750890661811
1.13499999999999	82.2017791429198
1.13599999999999	102.270496183417
1.13699999999999	105.094468371001
1.13799999999999	151.471537720203
1.13899999999999	148.968216758428
1.13999999999999	137.940174628884
1.14099999999999	138.159374788609
1.14199999999999	127.71814248618
1.14299999999998	97.0360788937514
1.14399999999998	94.8397114300136
1.14499999999998	89.3867751957032
1.14599999999998	105.962276098368
1.14699999999998	119.458849142824
1.14799999999998	145.822772978888
1.14899999999998	152.310825494739
1.14999999999998	136.72856779241
1.15099999999998	137.951587200694
1.15199999999998	128.712009629226
1.15299999999998	95.4965804386702
1.15399999999998	88.6008677679038
1.15499999999998	82.2301234809812
1.15599999999998	102.207434441511
1.15699999999998	105.149164284598
1.15799999999998	151.302920431771
1.15899999999998	148.908460289805
1.15999999999998	137.859338787256
1.16099999999998	138.079844177293
1.16199999999998	127.689247921163
1.16299999999998	97.030886167985
1.16399999999998	94.8047090229638
1.16499999999998	89.4012441194955
1.16599999999998	106.081979720849
1.16699999999998	119.395097788226
1.16799999999998	146.086957621702
1.16899999999998	152.438436602658
1.16999999999998	136.788693659038
1.17099999999998	138.019761805986
1.17199999999998	128.740798533056
1.17299999999998	95.4976987471775
1.17399999999998	88.6270580600471
1.17499999999998	82.259880749742
1.17599999999998	102.155343303126
1.17699999999998	105.205991639118
1.17799999999998	151.100731406287
1.17899999999998	148.823631873324
1.17999999999998	137.781278051493
1.18099999999998	138.019145325868
1.18199999999998	127.701956223409
1.18299999999998	97.083608586783
1.18399999999998	94.792715008637
1.18499999999998	89.443399925163
1.18599999999998	106.217234475951
1.18699999999998	119.338281626517
1.18799999999998	146.365060124592
1.18899999999998	152.575751024784
1.18999999999998	136.829973932236
1.19099999999998	138.085383808524
1.19199999999998	128.771133979807
1.19299999999998	95.4991769879953
1.19399999999998	88.6544833372189
1.19499999999998	82.2914475177997
1.19599999999998	102.106764838403
1.19699999999998	105.263762332357
1.19799999999998	150.978575551587
1.19899999999998	148.727730384944
1.19999999999998	137.723396542299
1.20099999999998	137.950441943457
1.20199999999998	127.69954587131
1.20299999999998	97.1490530528047
1.20399999999998	94.7719814058768
1.20499999999998	89.4953540049907
1.20599999999998	106.353890153193
1.20699999999998	119.281526056648
1.20799999999998	146.614828660273
1.20899999999998	152.707120719699
1.20999999999998	136.879160951882
1.21099999999998	138.155933973738
1.21199999999998	128.80284748967
1.21299999999998	95.4980277159752
1.21399999999998	88.6812386390324
1.21499999999998	82.3231155203478
1.21599999999998	102.056650811135
1.21699999999998	105.322250306424
1.21799999999998	150.832633560008
1.21899999999998	148.633981598567
1.21999999999998	137.675098997576
1.22099999999998	137.904607634323
1.22199999999998	127.71760184845
1.22299999999998	97.188472671547
1.22399999999998	94.7565463373691
1.22499999999998	89.5425854584607
1.22599999999998	106.484732124013
1.22699999999998	119.218979315059
1.22799999999998	146.892653831707
1.22899999999998	152.873071983853
1.22999999999998	136.974590483103
1.23099999999998	138.215288899838
1.23199999999998	128.82674960886
1.23299999999998	95.5040748745681
1.23399999999997	88.7048576704341
1.23499999999997	82.3537470187225
1.23599999999997	102.007564587111
1.23699999999997	105.379399975407
1.23799999999997	150.653890130611
1.23899999999997	148.558757043406
1.23999999999997	137.60538114487
1.24099999999997	137.864911120702
1.24199999999997	127.704301386173
1.24299999999997	97.2268285604057
1.24399999999997	94.7423869682021
1.24499999999997	89.5844190481579
1.24599999999997	106.612075921435
1.24699999999997	119.16828121236
1.24799999999997	147.166490828388
1.24899999999997	153.034858967486
1.24999999999997	137.099683771704
1.25099999999997	138.27731981111
1.25199999999997	128.851971667017
1.25299999999997	95.5190818351969
1.25399999999997	88.7221644330073
1.25499999999997	82.3835850878784
1.25599999999997	101.960852689591
1.25699999999997	105.438142365934
1.25799999999997	150.501646704705
1.25899999999997	148.493728061071
1.25999999999997	137.532155261756
1.26099999999997	137.821748463045
1.26199999999997	127.683023468972
1.26299999999997	97.2639659665326
1.26399999999997	94.713346947335
1.26499999999997	89.6208519918255
1.26599999999997	106.730929876206
1.26699999999997	119.110175435075
1.26799999999997	147.39480533132
1.26899999999997	153.178021027686
1.26999999999997	137.216324791434
1.27099999999997	138.336688732852
1.27199999999997	128.879427840548
1.27299999999997	95.5388868207907
1.27399999999997	88.7397234797441
1.27499999999997	82.4156660195991
1.27599999999997	101.917067160197
1.27699999999997	105.489862310505
1.27799999999997	150.324102000348
1.27899999999997	148.416986018061
1.27999999999997	137.468431501655
1.28099999999997	137.779920556985
1.28199999999997	127.666274734177
1.28299999999997	97.3105467501242
1.28399999999997	94.6822455345768
1.28499999999997	89.670209764811
1.28599999999997	106.847615630312
1.28699999999997	119.052648799308
1.28799999999997	147.616068695686
1.28899999999997	153.322386943318
1.28999999999997	137.354964393403
1.29099999999997	138.394901179889
1.29199999999997	128.902822967204
1.29299999999997	95.5566390917972
1.29399999999997	88.760421896355
1.29499999999997	82.4491575694201
1.29599999999997	101.878934945153
1.29699999999997	105.54723241234
1.29799999999997	150.406596634233
1.29899999999997	150.470535891095
1.29999999999997	138.671794111244
1.30099999999997	137.326096428586
1.30199999999997	127.542377243645
1.30299999999997	97.1985474995325
1.30399999999997	94.5194275203135
1.30499999999997	89.5662346021066
1.30599999999997	106.802367369396
1.30699999999997	118.862424133107
1.30799999999997	147.389854378834
1.30899999999997	152.572163857411
1.30999999999997	137.316599418196
1.31099999999997	138.439240479799
1.31199999999997	128.90012012329
1.31299999999997	95.5900588186155
1.31399999999997	88.7689533437162
1.31499999999997	82.4967181989966
1.31599999999997	101.858035293137
1.31699999999997	105.665015767377
1.31799999999997	150.407481433571
1.31899999999997	150.442054222536
1.31999999999997	138.588980813559
1.32099999999997	137.341695916536
1.32199999999997	127.565555942487
1.32299999999997	97.2435991700688
1.32399999999996	94.5795601694222
1.32499999999996	89.6474673926977
1.32599999999996	106.951673872279
1.32699999999996	118.839013720102
1.32799999999996	147.731096637631
1.32899999999996	153.048872721599
1.32999999999996	137.526385439511
1.33099999999996	138.519083601572
1.33199999999996	128.92982182334
1.33299999999996	95.6513817025057
1.33399999999996	88.7844223563838
1.33499999999996	82.5319406990755
1.33599999999996	101.822814588536
1.33699999999996	105.72452014926
1.33799999999996	150.265343252885
1.33899999999996	150.394294493399
1.33999999999996	138.533687858253
1.34099999999996	137.352870195005
1.34199999999996	127.572280723609
1.34299999999996	97.3164358962325
1.34399999999996	94.5850926885529
1.34499999999996	89.7120647444341
1.34599999999996	107.084207254144
1.34699999999996	118.810399315617
1.34799999999996	148.02115109465
1.34899999999996	153.307413186876
1.34999999999996	137.659134838356
1.35099999999996	138.579114531317
1.35199999999996	128.945466330921
1.35299999999996	95.7037786346819
1.35399999999996	88.7942790313018
1.35499999999996	82.5668709699328
1.35599999999996	101.789891109908
1.35699999999996	105.784055084276
1.35799999999996	150.080039311771
1.35899999999996	150.331064452703
1.35999999999996	138.467303033665
1.36099999999996	137.328849095367
1.36199999999996	127.562076297504
1.36299999999996	97.3573491999007
1.36399999999996	94.577034754447
1.36499999999996	89.7541111993163
1.36599999999996	107.187220601725
1.36699999999996	118.751027590916
1.36799999999996	148.197413999013
1.36899999999996	153.349782889634
1.36999999999996	137.755853458429
1.37099999999996	138.623886786117
1.37199999999996	128.956209011586
1.37299999999996	95.7520452154122
1.37399999999996	88.8104393487217
1.37499999999996	82.6010859465552
1.37599999999996	101.760670542191
1.37699999999996	105.840782073074
1.37799999999996	149.884038141687
1.37899999999996	150.282640569629
1.37999999999996	138.412101910298
1.38099999999996	137.362678179369
1.38199999999996	127.591656014556
1.38299999999996	97.4236938937252
1.38399999999996	94.6204532262645
1.38499999999996	89.8356770614781
1.38599999999996	107.33127218169
1.38699999999996	118.736407960849
1.38799999999996	148.457193034964
1.38899999999996	153.449388139297
1.38999999999996	137.869245558117
1.39099999999996	138.669204980446
1.39199999999996	128.972264351678
1.39299999999996	95.7673619951013
1.39399999999996	88.8469476812428
1.39499999999996	82.6339860867548
1.39599999999996	101.734300750075
1.39699999999996	105.894634887422
1.39799999999996	149.724570099874
1.39899999999996	150.250070629027
1.39999999999996	138.334860524516
1.40099999999996	137.356416020231
1.40199999999996	127.591149427108
1.40299999999996	97.4403618044747
1.40399999999996	94.6304187496105
1.40499999999996	89.8780414652798
1.40599999999996	107.437808012093
1.40699999999996	118.699141175132
1.40799999999996	148.710504489143
1.40899999999996	153.546575075597
1.40999999999996	137.988552122771
1.41099999999996	138.710933467608
1.41199999999996	128.994011803384
1.41299999999996	95.7493740264119
1.41399999999996	88.9004586484148
1.41499999999995	82.667106433521
1.41599999999995	101.711079682694
1.41699999999995	105.945107019557
1.41799999999995	149.561305846862
1.41899999999995	150.233895063791
1.41999999999995	138.258023892603
1.42099999999995	137.330074242846
1.42199999999995	127.570726370823
1.42299999999995	97.4349228581326
1.42399999999995	94.6124093413632
1.42499999999995	89.9000135938884
1.42599999999995	107.526415528069
1.42699999999995	118.658011454436
1.42799999999995	148.931649301304
1.42899999999995	153.609455371025
1.42999999999995	138.083482545264
1.43099999999995	138.752457780669
1.43199999999995	129.009683210485
1.43299999999995	95.7467257562802
1.43399999999995	88.9341929872979
1.43499999999995	82.7003001581689
1.43599999999995	101.691907662257
1.43699999999995	105.993216463524
1.43799999999995	149.396870894715
1.43899999999995	150.231643412049
1.43999999999995	138.187259480312
1.44099999999995	137.326296362978
1.44199999999995	127.557354799831
1.44299999999995	97.4357300318451
1.44399999999995	94.599606151822
1.44499999999995	89.9333356107761
1.44599999999995	107.609589207075
1.44699999999995	118.608364963482
1.44799999999995	149.165687087929
1.44899999999995	153.743162844128
1.44999999999995	138.186858754972
1.45099999999995	138.797637194521
1.45199999999995	129.029568134349
1.45299999999995	95.7593982941833
1.45399999999995	88.9563803459531
1.45499999999995	82.7309678627622
1.45599999999995	101.678390294994
1.45699999999995	106.041456610331
1.45799999999995	149.242431189314
1.45899999999995	150.21934647462
1.45999999999995	138.149162938477
1.46099999999995	137.306158809139
1.46199999999995	127.549456379809
1.46299999999995	97.447480174171
1.46399999999995	94.6027019989633
1.46499999999995	89.9784026065073
1.46599999999995	107.699485195577
1.46699999999995	118.573175418612
1.46799999999995	149.36569609379
1.46899999999995	153.858222239653
1.46999999999995	138.279059530192
1.47099999999995	138.835212380067
1.47199999999995	129.046774140204
1.47299999999995	95.8052993054447
1.47399999999995	88.9605063595917
1.47499999999995	82.7588391097685
1.47599999999995	101.669740196161
1.47699999999995	106.0925904597
1.47799999999995	149.091518298459
1.47899999999995	150.265418102837
1.47999999999995	138.137244601936
1.48099999999995	137.284339005385
1.48199999999995	127.542358619156
1.48299999999995	97.4539665141143
1.48399999999995	94.5965236918021
1.48499999999995	90.0164739469094
1.48599999999995	107.785088843263
1.48699999999995	118.53279134434
1.48799999999995	149.55489704804
1.48899999999995	153.912774962914
1.48999999999995	138.369112275977
1.49099999999995	138.881322912384
1.49199999999995	129.072554924428
1.49299999999995	95.8033319696144
1.49399999999995	88.9851719467273
1.49499999999995	82.7893323573224
1.49599999999995	101.664937530494
1.49699999999995	106.140648350815
1.49799999999995	148.94817259537
1.49899999999995	150.239579862356
1.49999999999995	138.053026384443
1.50099999999995	137.285447635251
1.50199999999995	127.536957191951
1.50299999999995	97.4670004594447
1.50399999999995	94.5847838974488
1.50499999999995	90.0594290703043
1.50599999999994	107.874176750315
1.50699999999994	118.495625060835
1.50799999999994	149.757717671155
1.50899999999994	154.056616118653
1.50999999999994	138.472631640553
1.51099999999994	138.93401776784
1.51199999999994	129.101263161931
1.51299999999994	95.796472426901
1.51399999999994	89.0139170306339
1.51499999999994	82.8166901233534
1.51599999999994	101.656361466694
1.51699999999994	106.184867285241
1.51799999999994	148.803087106261
1.51899999999994	150.203672530915
1.51999999999994	137.975204178447
1.52099999999994	137.267544145091
1.52199999999994	127.528963205507
1.52299999999994	97.4693887702992
1.52399999999994	94.576188411371
1.52499999999994	90.0989448583984
1.52599999999994	107.950647498471
1.52699999999994	118.452042527166
1.52799999999994	149.929143384824
1.52899999999994	154.116672771223
1.52999999999994	138.562350428356
1.53099999999994	138.98527121143
1.53199999999994	129.126619083547
1.53299999999994	95.8070085720284
1.53399999999994	89.0284881155143
1.53499999999994	82.8446624417636
1.53599999999994	101.650777865327
1.53699999999994	106.227089827453
1.53799999999994	148.657580012991
1.53899999999994	150.174225228299
1.53999999999994	137.881282487207
1.54099999999994	137.278445384979
1.54199999999994	127.523706192459
1.54299999999994	97.4636658665487
1.54399999999994	94.5769571035461
1.54499999999994	90.1441001643386
1.54599999999994	108.025782400276
1.54699999999994	118.417455087555
1.54799999999994	150.131064271033
1.54899999999994	154.171716583465
1.54999999999994	138.643242513234
1.55099999999994	139.033307905512
1.55199999999994	129.145340149811
1.55299999999994	95.8194745380989
1.55399999999994	89.0366263955689
1.55499999999994	82.8715286301833
1.55599999999994	101.64570798658
1.55699999999994	106.271518477506
1.55799999999994	148.525944628273
1.55899999999994	150.169668264486
1.55999999999994	137.814832609588
1.56099999999994	137.293775224928
1.56199999999994	127.522663497875
1.56299999999994	97.4667077549024
1.56399999999994	94.5892726680235
1.56499999999994	90.1941299484499
1.56599999999994	108.096283539272
1.56699999999994	118.378454918852
1.56799999999994	150.292545707832
1.56899999999994	154.177056706778
1.56999999999994	138.702587733401
1.57099999999994	139.080671163794
1.57199999999994	129.163093822626
1.57299999999994	95.8191797368389
1.57399999999994	89.0526493321699
1.57499999999994	82.8984760212911
1.57599999999994	101.643738733069
1.57699999999994	106.312898372937
1.57799999999994	148.388177377965
1.57899999999994	150.195310634135
1.57999999999994	137.734391787322
1.58099999999994	137.309499313032
1.58199999999994	127.518323776052
1.58299999999994	97.4649355882512
1.58399999999994	94.6000647162773
1.58499999999994	90.2418804628958
1.58599999999994	108.163652997109
1.58699999999994	118.342873557228
1.58799999999994	150.460786088476
1.58899999999994	154.216959970239
1.58999999999994	138.748423226134
1.59099999999994	139.128254399513
1.59199999999994	129.179416112778
1.59299999999994	95.8074814244468
1.59399999999994	89.075011524663
1.59499999999994	82.9253486802808
1.59599999999994	101.645886371846
1.59699999999993	106.352698026021
1.59799999999993	148.259304006546
1.59899999999993	150.178870530795
1.59999999999993	137.596573712707
1.60099999999993	137.367373387281
1.60199999999993	127.51699555455
1.60299999999993	97.4621363498532
1.60399999999993	94.6022897907849
1.60499999999993	90.2796052922734
1.60599999999993	108.2233061007
1.60699999999993	118.289259803281
1.60799999999993	150.577097349803
1.60899999999993	154.208165793714
1.60999999999993	138.816284058238
1.61099999999993	139.175482843495
1.61199999999993	129.192457517092
1.61299999999993	95.8099709241934
1.61399999999993	89.0863131912716
1.61499999999993	82.9519319343217
1.61599999999993	101.64507560733
1.61699999999993	106.391063078107
1.61799999999993	148.146706461437
1.61899999999993	150.165128301323
1.61999999999993	137.547972678106
1.62099999999993	137.365246988594
1.62199999999993	127.522203400085
1.62299999999993	97.4672980052935
1.62399999999993	94.6158697340883
1.62499999999993	90.3285210646875
1.62599999999993	108.299447599446
1.62699999999993	118.26409364746
1.62799999999993	150.765334916943
1.62899999999993	154.261879961173
1.62999999999993	138.872619294231
1.63099999999993	139.221730561051
1.63199999999993	129.205637232581
1.63299999999993	95.8283516017546
1.63399999999993	89.0862780196198
1.63499999999993	82.9752624009957
1.63599999999993	101.644890993438
1.63699999999993	106.427604336602
1.63799999999993	148.037576032597
1.63899999999993	150.148918846376
1.63999999999993	137.483691863384
1.64099999999993	137.351704979869
1.64199999999993	127.522144110346
1.64299999999993	97.4676995487313
1.64399999999993	94.617337683807
1.64499999999993	90.3629082717721
1.64599999999993	108.356693818296
1.64699999999993	118.216966310517
1.64799999999993	150.855031193513
1.64899999999993	154.237192164822
1.64999999999993	138.944999495702
1.65099999999993	139.260640044119
1.65199999999993	129.218994040473
1.65299999999993	95.8484063648581
1.65399999999993	89.088384143953
1.65499999999993	82.9976712180384
1.65599999999993	101.644873758875
1.65699999999993	106.463927720489
1.65799999999993	147.93241772826
1.65899999999993	150.124409169583
1.65999999999993	137.441865068346
1.66099999999993	137.339113345731
1.66199999999993	127.528834057278
1.66299999999993	97.4753964145622
1.66399999999993	94.6263513620724
1.66499999999993	90.4072706761028
1.66599999999993	108.424214856568
1.66699999999993	118.193888713048
1.66799999999993	151.018345359278
1.66899999999993	154.290213765754
1.66999999999993	138.983156748814
1.67099999999993	139.297403125007
1.67199999999993	129.233168593443
1.67299999999993	95.858157643246
1.67399999999993	89.0975530671347
1.67499999999993	83.0206065177895
1.67599999999993	101.649824715979
1.67699999999993	106.498056360866
1.67799999999993	147.828085096314
1.67899999999993	150.120956903121
1.67999999999993	137.377651963104
1.68099999999993	137.391588120257
1.68199999999993	127.564874248371
1.68299999999993	97.5219158632846
1.68399999999993	94.6711258579988
1.68499999999993	90.4841727734739
1.68599999999993	108.51001840635
1.68699999999993	118.167395160198
1.68799999999992	151.173936335213
1.68899999999992	154.319572648064
1.68999999999992	139.032488695388
1.69099999999992	139.345544420185
1.69199999999992	129.247569599661
1.69299999999992	95.8640923494551
1.69399999999992	89.1078075266032
1.69499999999992	83.0400414487366
1.69599999999992	101.650313670382
1.69699999999992	106.530203392953
1.69799999999992	147.728934935222
1.69899999999992	150.121427349242
1.69999999999992	137.29547081011
1.70099999999992	137.390719329523
1.70199999999992	127.569631640085
1.70299999999992	97.5373848736724
1.70399999999992	94.6747946405983
1.70499999999992	90.526754448895
1.70599999999992	108.568982329459
1.70699999999992	118.140017921654
1.70799999999992	151.31303183522
1.70899999999992	154.358709057955
1.70999999999992	139.08844419644
1.71099999999992	139.391980486645
1.71199999999992	129.26238312404
1.71299999999992	95.8680353481686
1.71399999999992	89.1219440546292
1.71499999999992	83.0587833616457
1.71599999999992	101.652517635605
1.71699999999992	106.562055050222
1.71799999999992	147.630816625533
1.71899999999992	150.022948022728
1.71999999999992	137.22659148251
1.72099999999992	137.339254002713
1.72199999999992	127.56573117169
1.72299999999992	97.5554293476877
1.72399999999992	94.6650130137347
1.72499999999992	90.5602447754924
1.72599999999992	108.621666665948
1.72699999999992	118.100315782247
1.72799999999992	151.357219561278
1.72899999999992	154.316223130928
1.72999999999992	139.137205558723
1.73099999999992	139.419640348833
1.73199999999992	129.276233279172
1.73299999999992	95.8595363123325
1.73399999999992	89.1397469964202
1.73499999999992	83.0802507946532
1.73599999999992	101.653815491136
1.73699999999992	106.593204323615
1.73799999999992	147.538316350359
1.73899999999992	149.899158435169
1.73999999999992	137.194030420711
1.74099999999992	137.312650590249
1.74199999999992	127.566388885606
1.74299999999992	97.5741649707421
1.74399999999992	94.6617796853959
1.74499999999992	90.6003042100188
1.74599999999992	108.677719072693
1.74699999999992	118.080732176234
1.74799999999992	151.455614103076
1.74899999999992	154.289321700509
1.74999999999992	139.193542527147
1.75099999999992	139.45200372481
1.75199999999992	129.286883266845
1.75299999999992	95.8585331744566
1.75399999999992	89.1537681267626
1.75499999999992	83.0982923669526
1.75599999999992	101.656276277056
1.75699999999992	106.623809533788
1.75799999999992	147.453444672151
1.75899999999992	149.811685537639
1.75999999999992	137.237582428588
1.76099999999992	137.31070044493
1.76199999999992	127.56707000876
1.76299999999992	97.5940578961216
1.76399999999992	94.6543332693835
1.76499999999992	90.6342761315645
1.76599999999992	108.729107270038
1.76699999999992	118.060683102197
1.76799999999992	151.580496297347
1.76899999999992	154.349259644818
1.76999999999992	139.257341739163
1.77099999999992	139.484974463992
1.77199999999992	129.297574382585
1.77299999999992	95.8576056883582
1.77399999999992	89.1682627769899
1.77499999999992	83.1189136001824
1.77599999999992	101.659625904068
1.77699999999992	106.656961514053
1.77799999999991	147.383561209404
1.77899999999991	149.780684075473
1.77999999999991	137.262703571678
1.78099999999991	137.292498518104
1.78199999999991	127.559484949099
1.78299999999991	97.6092316796008
1.78399999999991	94.6455803762695
1.78499999999991	90.666469918127
1.78599999999991	108.779998872679
1.78699999999991	118.0293402386
1.78799999999991	151.70018968387
1.78899999999991	154.418431449877
1.78999999999991	139.316483750968
1.79099999999991	139.516424075607
1.79199999999991	129.309116327294
1.79299999999991	95.8554168011212
1.79399999999991	89.1818239774566
1.79499999999991	83.1373358890928
1.79599999999991	101.663168175113
1.79699999999991	106.689660645906
1.79799999999991	147.321136912174
1.79899999999991	149.749491324654
1.79999999999991	137.246681836354
1.80099999999991	137.272372875969
1.80199999999991	127.559207931373
1.80299999999991	97.6265462201158
1.80399999999991	94.6407877254108
1.80499999999991	90.7018362834893
1.80599999999991	108.828130123458
1.80699999999991	118.017627919569
1.80799999999991	151.813819419626
1.80899999999991	154.419769248799
1.80999999999991	139.381405748015
1.81099999999991	139.544668832086
1.81199999999991	129.318276483893
1.81299999999991	95.8557066284068
1.81399999999991	89.1921393482957
1.81499999999991	83.1542549712942
1.81599999999991	101.666993970351
1.81699999999991	106.720842552307
1.81799999999991	147.257326601315
1.81899999999991	149.704700211629
1.81999999999991	137.225232535624
1.82099999999991	137.263425629193
1.82199999999991	127.560480605443
1.82299999999991	97.6430437652776
1.82399999999991	94.6370318066269
1.82499999999991	90.7351201075238
1.82599999999991	108.869593625096
1.82699999999991	117.995809617893
1.82799999999991	151.925962595422
1.82899999999991	154.459848455603
1.82999999999991	139.438464150925
1.83099999999991	139.574209836435
1.83199999999991	129.328211163725
1.83299999999991	95.8621079232852
1.83399999999991	89.1978358748781
1.83499999999991	83.1699973892911
1.83599999999991	101.672502391319
1.83699999999991	106.75076862138
1.83799999999991	147.193116407312
1.83899999999991	149.639380673597
1.83999999999991	137.203859971377
1.84099999999991	137.250382943759
1.84199999999991	127.552222891542
1.84299999999991	97.6575132451082
1.84399999999991	94.6329085204967
1.84499999999991	90.7649425097336
1.84599999999991	108.912371140364
1.84699999999991	117.974850839472
1.84799999999991	152.043952862817
1.84899999999991	154.501581245201
1.84999999999991	139.502914865019
1.85099999999991	139.604076801774
1.85199999999991	129.338505465267
1.85299999999991	95.8712583081985
1.85399999999991	89.2006941610937
1.85499999999991	83.185266356681
1.85599999999991	101.677728385787
1.85699999999991	106.779047686856
1.85799999999991	147.133919924135
1.85899999999991	149.607199051941
1.85999999999991	137.18958634091
1.86099999999991	137.231200512699
1.86199999999991	127.55294482907
1.86299999999991	97.6746013330212
1.86399999999991	94.6329128219117
1.86499999999991	90.7956674572313
1.86599999999991	108.953638053891
1.86699999999991	117.950034323761
1.86799999999991	152.145309026264
1.8689999999999	154.536262083319
1.8699999999999	139.569726654041
1.8709999999999	139.634533078616
1.8719999999999	129.349167622106
1.8729999999999	95.8809680989487
1.8739999999999	89.2026494727219
1.8749999999999	83.2014709482334
1.8759999999999	101.683196455392
1.8769999999999	106.807798906989
1.8779999999999	147.079510874361
1.8789999999999	149.601519251043
1.8799999999999	137.1781139544
1.8809999999999	137.211855691286
1.8819999999999	127.554390680568
1.8829999999999	97.6922592591917
1.8839999999999	94.6347222592025
1.8849999999999	90.8269033107625
1.8859999999999	108.995660019904
1.8869999999999	117.931491658982
1.8879999999999	152.252391729556
1.8889999999999	154.572494550788
1.8899999999999	139.628718566682
1.8909999999999	139.664392507433
1.8919999999999	129.358894463788
1.8929999999999	95.8922637856802
1.8939999999999	89.1999107733201
1.8949999999999	83.2151186578261
1.8959999999999	101.688510715717
1.8969999999999	106.83394441286
1.8979999999999	147.021849523746
1.8989999999999	149.593003972265
1.8999999999999	137.158736899549
1.9009999999999	137.182819798374
1.9019999999999	127.553531591547
1.9029999999999	97.7018344799876
1.9039999999999	94.636125554302
1.9049999999999	90.851172922132
1.9059999999999	109.036151215861
1.9069999999999	117.914058104092
1.9079999999999	152.345398483897
1.9089999999999	154.573357616464
1.9099999999999	139.676103417629
1.9109999999999	139.697390802411
1.9119999999999	129.371555480517
1.9129999999999	95.9144994634202
1.9139999999999	89.1899524525579
1.9149999999999	83.2265507709663
1.9159999999999	101.693253331793
1.9169999999999	106.85922952165
1.9179999999999	146.967288552376
1.9189999999999	149.585455681875
1.9199999999999	137.141514772966
1.9209999999999	137.167192119432
1.9219999999999	127.56190781362
1.9229999999999	97.7131177406249
1.9239999999999	94.6456779135534
1.9249999999999	90.8827582732061
1.9259999999999	109.076373611893
1.9269999999999	117.898204818955
1.9279999999999	152.477108854433
1.9289999999999	154.649774375965
1.9299999999999	139.73102299518
1.9309999999999	139.72498049229
1.9319999999999	129.38225027447
1.9329999999999	95.9285239336245
1.9339999999999	89.1859125313611
1.9349999999999	83.2386470239651
1.9359999999999	101.699607207459
1.9369999999999	106.884587117835
1.9379999999999	146.916345038625
1.9389999999999	149.576509840168
1.9399999999999	137.135332358088
1.9409999999999	137.127679652095
1.9419999999999	127.557543923227
1.9429999999999	97.7174971603172
1.9439999999999	94.6516851357628
1.9449999999999	90.9080921107385
1.9459999999999	109.107079570977
1.9469999999999	117.876562440326
1.9479999999999	152.572605210049
1.9489999999999	154.67012193782
1.9499999999999	139.775442910846
1.9509999999999	139.745590073204
1.9519999999999	129.383296532154
1.9529999999999	95.9370167603519
1.9539999999999	89.1810159824321
1.9549999999999	83.2495332129121
1.9559999999999	101.706228499206
1.9569999999999	106.908562265205
1.9579999999999	146.860544341058
1.9589999999999	149.565856128646
1.95999999999989	137.102785367179
1.96099999999989	137.096020623863
1.96199999999989	127.559487396221
1.96299999999989	97.7203019224653
1.96399999999989	94.6623787521586
1.96499999999989	90.9374338931091
1.96599999999989	109.143986365824
1.96699999999989	117.853579493624
1.96799999999989	152.638850868935
1.96899999999989	154.67240583373
1.96999999999989	139.824937922414
1.97099999999989	139.759244814872
1.97199999999989	129.370333267092
1.97299999999989	95.9206524801748
1.97399999999989	89.1865223351462
1.97499999999989	83.2596120113828
1.97599999999989	101.713298066598
1.97699999999989	106.932500073057
1.97799999999989	146.808096052585
1.97899999999989	149.549812899207
1.97999999999989	137.057379461508
1.98099999999989	137.047516902288
1.98199999999989	127.537887235898
1.98299999999989	97.7041953889938
1.98399999999989	94.6481789507808
1.98499999999989	90.9416441235973
1.98599999999989	109.159736096776
1.98699999999989	117.82930923411
1.98799999999989	152.669070147045
1.98899999999989	154.593388412623
1.98999999999989	139.86960167188
1.99099999999989	139.782673982402
1.99199999999989	129.378618315502
1.99299999999989	95.9161450655556
1.99399999999989	89.1962947554541
1.99499999999989	83.2693331741423
1.99599999999989	101.7208385941
1.99699999999989	106.955042902738
1.99799999999989	146.755701052188
1.99899999999989	149.529142341618
2	137.0152750675
