"Time [s]"	"Pem [kW]"	"Pout [kW]"	"Pin [kW]"
0	0	0	0.3815
0.001	-0	-0	2.71159816616746
0.002	-0	-0	11.1707125245943
0.003	-0	-0	23.9524960295098
0.004	-0	-0	38.1416692186538
0.005	-0	-0	52.1044690715741
0.006	-0	-0	64.5135349172041
0.007	-0	-0	73.7608716421497
0.008	-0	-0	78.7875342568251
0.009	0	0	79.6679364095859
0.01	0	0	77.0517536207386
0.011	0	0	71.4394461463153
0.012	0	0	63.5912566985739
0.013	0	0	54.649644768134
0.014	0	0	45.8622480198345
0.015	0	0	37.6736384712375
0.016	0	0	30.8379682786867
0.017	0	0	25.6327396618864
0.018	-0	-0	22.3568178922802
0.019	0	0	20.6045349717237
0.02	0	0	20.7045000225995
0.021	0	0	22.2964862418206
0.022	0	0	24.729110221978
0.023	-0	-0	28.147626534035
0.024	-0	-0	31.8292672706393
0.025	-0	-0	35.6157036697422
0.026	-0	-0	39.0199773161513
0.027	-0	-0	42.0187728436431
0.028	-0	-0	43.754502333492
0.029	0	0	44.0376611235755
0.03	0	0	43.4935841349369
0.031	0	0	42.1996215142246
0.032	0	0	40.1964123880644
0.033	0	0	38.1304641905844
0.034	0	0	36.401120165184
0.035	0	0	34.854238801774
0.036	0	0	33.5251482273124
0.037	0	0	32.0986723220577
0.038	0	0	31.1805835572483
0.039	0	0	30.6295042122565
0.04	0	0	30.6401497665497
0.041	0	0	31.4524335667975
0.042	0	0	31.8693316257957
0.043	-0	-0	32.7564167178554
0.044	-0	-0	33.5433035607364
0.045	-0	-0	34.5800791889044
0.046	-0	-0	35.7057460012089
0.047	-0	-0	37.0025808940675
0.048	-0	-0	37.7301041464441
0.049	0	0	37.670640301416
0.05	0	0	37.319568723308
0.051	0	0	36.7163907705986
0.052	0	0	35.7936203014345
0.053	0	0	35.1674565689998
0.054	0	0	34.9073161274675
0.055	0	0	34.772594284874
0.056	0	0	34.5639348817716
0.057	0	0	34.0272623486771
0.058	0	0	33.574975326249
0.059	0	0	33.3093893462451
0.06	0	0	33.2011442833883
0.061	0	0	33.7267569331972
0.062	0	0	33.6129796682434
0.063	-0	-0	33.8917263583243
0.064	-0	-0	34.0167427566367
0.065	-0	-0	34.4037007887304
0.066	-0	-0	34.9812200307237
0.067	-0	-0	35.8799950848046
0.068	-0	-0	36.3943326237435
0.069	0	0	36.2748000842937
0.07	0	0	35.9310040273822
0.071	0	0	35.4450043833716
0.0720000000000001	0	0	34.7542627425316
0.0730000000000001	0	0	34.4582115597666
0.0740000000000001	0	0	34.5221207998572
0.0750000000000001	0	0	34.7034720301357
0.0760000000000001	0	0	34.7558777356875
0.0770000000000001	0	0	34.4498320408786
0.0780000000000001	-0	-0	34.1513828339906
0.0790000000000001	0	0	33.9469762707162
0.0800000000000001	0	0	33.7921002435606
0.0810000000000001	0	0	34.1940057791544
0.0820000000000001	0	0	33.9390478191145
0.0830000000000001	-0	-0	34.0852719129943
0.0840000000000001	-0	-0	34.0752084251287
0.0850000000000001	-0	-0	34.3145878448357
0.0860000000000001	-0	-0	34.7494556879736
0.0870000000000001	-0	-0	35.5451099833897
0.0880000000000001	-0	-0	36.0298461108026
0.0890000000000001	0	0	35.9151446930576
0.0900000000000001	0	0	35.5591594540416
0.0910000000000001	0	0	35.0836949156046
0.0920000000000001	0	0	34.4512861295752
0.0930000000000001	0	0	34.239436360828
0.0940000000000001	0	0	34.3727732415755
0.0950000000000001	0	0	34.6246245884047
0.0960000000000001	0	0	34.7442636897285
0.0970000000000001	0	0	34.5155871620642
0.0980000000000001	-0	-0	34.2935030174433
0.0990000000000001	0	0	34.1166816572946
0.1	0	0	33.9368570928615
0.101	0	0	34.2526076928467
0.102	0	0	33.9611028601085
0.103	-0	-0	34.0811586504031
0.104	-0	-0	34.051740447512
0.105	-0	-0	34.2572756281412
0.106	-0	-0	34.6399844124125
0.107	-0	-0	35.3968052297332
0.108	-0	-0	35.8867915289729
0.109	0	0	35.7878137310761
0.11	0	0	35.4215637018948
0.111	0	0	34.9354494898787
0.112	0	0	34.3311138082739
0.113	0	0	34.1454461551601
0.114	0	0	34.2906316877335
0.115	0	0	34.5556813925643
0.116	0	0	34.6966015268008
0.117	-0	-0	34.5057316827472
0.118	-0	-0	34.3401647566407
0.119	0	0	34.1764342480435
0.12	0	0	33.9836068264623
0.121	0	0	34.2321227577159
0.122	0	0	33.9246131865872
0.123	-0	-0	34.0443897898185
0.124	-0	-0	34.0195839657496
0.125	-0	-0	34.2166607494871
0.126	-0	-0	34.5692386899442
0.127	-0	-0	35.3006484113925
0.128	-0	-0	35.799895054335
0.129	0	0	35.7171994573126
0.13	0	0	35.344334876747
0.131	0	0	34.8415251195334
0.132	0	0	34.2655886126944
0.133	0	0	34.0909787985581
0.134	0	0	34.2351793206854
0.135	0	0	34.499844374992
0.136	0	0	34.6495601102786
0.137	-0	-0	34.4838379404447
0.138	-0	-0	34.3644827386041
0.139	0	0	34.2138770253039
0.14	0	0	34.0082031576627
0.141	0	0	34.2009343945641
0.142	0	0	33.8843906858436
0.143	0	0	34.0068969165691
0.144	-0	-0	33.9906702668339
0.145	-0	-0	34.1856850222845
0.146	-0	-0	34.5155534621705
0.147	-0	-0	35.2248656474928
0.148	-0	-0	35.7312196513791
0.149	0	0	35.664000718846
0.15	0	0	35.2869885403867
0.151	0	0	34.7731941558375
0.152	0	0	34.2167275798625
0.153	0	0	34.052255182309
0.154	0	0	34.1932796164309
0.155	0	0	34.4543402822527
0.156	0	0	34.6087093209672
0.157	-0	-0	34.4622781671146
0.158	-0	-0	34.3824821040492
0.159	0	0	34.2439731704726
0.16	0	0	34.0267767013483
0.161	0	0	34.1732939369603
0.162	0	0	33.8521809467401
0.163	0	0	33.9340193281835
0.164	-0	-0	33.9730346591559
0.165	-0	-0	34.1620399625933
0.166	-0	-0	34.4709612817265
0.167	-0	-0	35.1591017311991
0.168	-0	-0	35.6717590171116
0.169	0	0	35.6157160214962
0.17	0	0	35.2359707234048
0.171	0	0	34.7182724274435
0.172	0	0	34.1742331038495
0.173	0	0	34.0211873673416
0.174	0	0	34.1581529486643
0.175	0	0	34.415756135462
0.176	0	0	34.5731804398624
0.177	-0	-0	34.4432018134843
0.178	-0	-0	34.3986438016284
0.179	0	0	34.2710071758978
0.18	0	0	34.0448604677456
0.181	0	0	34.1484579786358
0.182	0	0	33.8167014063195
0.183	0	0	33.9537140148249
0.184	-0	-0	33.9544123656805
0.185	-0	-0	34.1455193012458
0.186	-0	-0	34.438943990675
0.187	-0	-0	35.107429327093
0.188	-0	-0	35.6236890680727
0.189	0	0	35.5783855289671
0.19	0	0	35.1964927529923
0.191	0	0	34.6756384884821
0.192	0	0	34.1401087039425
0.193	0	0	33.9972081875575
0.194	0	0	34.1292352680474
0.195	0	0	34.3823571622933
0.196	0	0	34.5407596418057
0.197	-0	-0	34.4244683830871
0.198	-0	-0	34.4106633164489
0.199	0	0	34.2924441886709
0.2	0	0	34.059158533188
0.201	0	0	34.1314318256993
0.202	0	0	33.789204889239
0.203	0	0	33.932748387502
0.204	-0	-0	33.9443527631669
0.205	-0	-0	34.1304869066345
0.206	-0	-0	34.4076925217778
0.207	-0	-0	35.0580886734696
0.208	-0	-0	35.5773968044154
0.209	0	0	35.54243317594
0.21	0	0	35.1595361218846
0.211	0	0	34.6373950731401
0.212	0	0	34.1097011183641
0.213	0	0	33.9777548485398
0.214	0	0	34.1060904598749
0.215	0	0	34.3546281315129
0.216	-0	-0	34.5134688941716
0.217	-0	-0	34.409360226082
0.218	-0	-0	34.4226707364307
0.219	0	0	34.3140326347165
0.22	0	0	34.0734006817689
0.221	0	0	34.1182948695352
0.222	0	0	33.7651395986161
0.223	0	0	33.9150879257876
0.224	-0	-0	33.9256071129486
0.225	-0	-0	34.1158136845564
0.226	-0	-0	34.3820242397385
0.227	-0	-0	35.0150686013118
0.228	-0	-0	35.5361907974704
0.229	0	0	35.5102004388572
0.23	0	0	35.1265669401195
0.231	0	0	34.6040701946605
0.232	0	0	34.082066681866
0.233	0	0	33.960412799
0.234	0	0	34.0857763479586
0.235	0	0	34.3304410924321
0.236	-0	-0	34.4888931295284
0.237	-0	-0	34.39582905507
0.238	-0	-0	34.4335684090826
0.239	0	0	34.3347882290418
0.24	0	0	34.0868390015936
0.241	0	0	34.1072230957373
0.242	0	0	33.743288222532
0.243	0	0	33.9009447314161
0.244	-0	-0	33.9139460607275
0.245	-0	-0	34.1042253185529
0.246	-0	-0	34.3590778668652
0.247	-0	-0	34.9760411500166
0.248	-0	-0	35.4980217062668
0.249	0	0	35.480539420652
0.25	0	0	35.0963712639027
0.251	0	0	34.574288402532
0.252	0	0	34.0567753978504
0.253	0	0	33.9455961837479
0.254	0	0	34.0680407002249
0.255	0	0	34.309069750885
0.256	-0	-0	34.4667975866047
0.257	-0	-0	34.3840030346442
0.258	-0	-0	34.4437933606709
0.259	0	0	34.3556444685389
0.26	0	0	34.0992772624958
0.261	0	0	34.0977769414305
0.262	0	0	33.7255268442073
0.263	0	0	33.8884443195274
0.264	-0	-0	33.9052611511211
0.265	-0	-0	34.093478358787
0.266	-0	-0	34.3384347514687
0.267	-0	-0	34.9401754175651
0.268	-0	-0	35.4624156346525
0.269	0	0	35.4530782169424
0.27	0	0	35.0689881343182
0.271	0	0	34.5474804775206
0.272	0	0	34.0331536875904
0.273	0	0	33.9331066442989
0.274	0	0	34.0526899347111
0.275	0	0	34.2902162297691
0.276	-0	-0	34.4468931005825
0.277	-0	-0	34.3736848190652
0.278	-0	-0	34.4534234523463
0.279	0	0	34.3749911341579
0.28	0	0	34.0994015928704
0.281	0	0	34.0928233490216
0.282	0	0	33.7140857911861
0.283	0	0	33.8780737757858
0.284	-0	-0	33.8971431338665
0.285	-0	-0	34.0837784933814
0.286	-0	-0	34.3197655155448
0.287	-0	-0	34.9070481080301
0.288	-0	-0	35.4291813609116
0.289	0	0	35.4265301288399
0.29	0	0	35.0377460826489
0.291	0	0	34.5236950713922
0.292	0	0	34.0133065832264
0.293	0	0	33.9229428869324
0.294	0	0	34.0401705440752
0.295	0	0	34.2737989847448
0.296	-0	-0	34.4291980002035
0.297	-0	-0	34.3648830147227
0.298	-0	-0	34.463137584884
0.299	0	0	34.393582075555
0.3	0	0	34.1122295874154
0.301	0	0	34.0849661897559
0.302	0	0	33.7012023304618
0.303	0	0	33.8680465388745
0.304	-0	-0	33.8893232788095
0.305	-0	-0	34.074931556215
0.306	-0	-0	34.3030140600042
0.307	-0	-0	34.876882960306
0.308	-0	-0	35.3990585604998
0.309	0	0	35.4026022022218
0.31	0	0	35.0141956970286
0.311	0	0	34.5006563096216
0.312	0	0	33.9934598198868
0.313	0	0	33.913066991686
0.314	0	0	34.0279409902071
0.315	0	0	34.2583619694836
0.316	-0	-0	34.4124796588264
0.317	-0	-0	34.3566596061243
0.318	-0	-0	34.4724970596871
0.319	0	0	34.410767978082
0.32	0	0	34.123695978069
0.321	0	0	34.0793036549071
0.322	0	0	33.689978866827
0.323	0	0	33.8595797455529
0.324	-0	-0	33.8825016928055
0.325	-0	-0	34.0670984436527
0.326	-0	-0	34.2879720721951
0.327	-0	-0	34.8492091886189
0.328	-0	-0	35.371161083174
0.329	0	0	35.3801526106055
0.33	0	0	34.9922752384979
0.331	0	0	34.4800279752328
0.332	0	0	33.9746090488083
0.333	0	0	33.9040180500673
0.334	0	0	34.0165604947258
0.335	0	0	34.2441409024999
0.336	-0	-0	34.397002319698
0.337	-0	-0	34.3491350886586
0.338	-0	-0	34.4814717740181
0.339	0	0	34.4272168493713
0.34	0	0	34.134591041456
0.341	0	0	34.0746351776842
0.342	0	0	33.6801399553766
0.343	0	0	33.8518009139407
0.344	-0	-0	33.8764276223481
0.345	-0	-0	34.0600332504466
0.346	-0	-0	34.274407874996
0.347	-0	-0	34.8241222377065
0.348	-0	-0	35.3451506325824
0.349	0	0	35.3590455482812
0.35	0	0	34.971683171672
0.351	0	0	34.460943607201
0.352	0	0	33.9571254643869
0.353	0	0	33.8957233232064
0.354	0	0	34.0064873288364
0.355	0	0	34.2310314239454
0.356	-0	-0	34.3825638001293
0.357	-0	-0	34.3423695631794
0.358	-0	-0	34.4901338558061
0.359	0	0	34.4427634357421
0.36	0	0	34.1454170648989
0.361	0	0	34.0709065066544
0.362	0	0	33.6709303024538
0.363	0	0	33.8453132162583
0.364	-0	-0	33.8712203846777
0.365	-0	-0	34.0539074548851
0.366	-0	-0	34.2621344987074
0.367	-0	-0	34.8003697262099
0.368	-0	-0	35.3211242114536
0.369	0	0	35.339270156795
0.37	0	0	34.9524444332643
0.371	0	0	34.4433314211941
0.372	0	0	33.9407357380191
0.373	0	0	33.888099430909
0.374	0	0	33.9974787835836
0.375	0	0	34.2188691092601
0.376	-0	-0	34.3690765986999
0.377	-0	-0	34.336137752722
0.378	-0	-0	34.498363561605
0.379	0	0	34.4575577774343
0.38	0	0	34.1559711374812
0.381	0	0	34.0676772252263
0.382	0	0	33.6630118510468
0.383	0	0	33.8394405976778
0.384	-0	-0	33.8662364422206
0.385	-0	-0	34.0482457466218
0.386	-0	-0	34.2509043388114
0.387	-0	-0	34.7786558362208
0.388	-0	-0	35.2986208917807
0.389	0	0	35.3203522020416
0.39	0	0	34.9341812822889
0.391	0	0	34.4267917471274
0.392	0	0	33.9253806421242
0.393	0	0	33.8812285285588
0.394	0	0	33.988712553787
0.395	0	0	34.2076454350594
0.396	-0	-0	34.3565393418952
0.397	-0	-0	34.3305372709626
0.398	-0	-0	34.5047804141955
0.399	0	0	34.4718884351407
0.4	0	0	34.1655579151145
0.401	0	0	34.0645761189587
0.402	0	0	33.6552736530755
0.403	0	0	33.8337438961901
0.404	-0	-0	33.8621706782734
0.405	-0	-0	34.0428732711211
0.406	-0	-0	34.2403784797259
0.407	-0	-0	34.7581908297065
0.408	-0	-0	35.2650728930728
0.409	0	0	35.3073644871541
0.41	0	0	34.9145445179737
0.411	0	0	34.4089901200257
0.412	0	0	33.9082989157061
0.413	0	0	33.8722655651164
0.414	0	0	33.9783651850511
0.415	0	0	34.1953473342327
0.416	-0	-0	34.3433391823819
0.417	-0	-0	34.3245724851052
0.418	-0	-0	34.5120869483861
0.419	0	0	34.4849163023792
0.42	0	0	34.1755605158217
0.421	0	0	34.0630004078939
0.422	0	0	33.6596699243696
0.423	0	0	33.7885795310408
0.424	-0	-0	33.8655600077723
0.425	-0	-0	34.0383887683865
0.426	-0	-0	34.2287061289776
0.427	-0	-0	34.7368936311125
0.428	-0	-0	35.2416582331007
0.429	0	0	35.287429195856
0.43	0	0	34.8950864758786
0.431	0	0	34.3916373746908
0.432	0	0	33.8925949934783
0.433	0	0	33.8648723087819
0.434	0	0	33.9698314863083
0.435	0	0	34.1854794738356
0.436	-0	-0	34.3327544521701
0.437	-0	-0	34.3210017194981
0.438	-0	-0	34.5211224272553
0.439	0	0	34.4991095600009
0.44	0	0	34.1861788271432
0.441	0	0	34.0622807146715
0.442	0	0	33.6444519416057
0.443	0	0	33.8269645606209
0.444	-0	-0	33.8573733154513
0.445	-0	-0	34.0346871418078
0.446	-0	-0	34.2226604513579
0.447	-0	-0	34.7215310768445
0.448	-0	-0	35.2256878072398
0.449	0	0	35.2736689184665
0.45	0	0	34.8815327961751
0.451	0	0	34.3794064087968
0.452	0	0	33.8810054128873
0.453	0	0	33.8597505831999
0.454	0	0	33.9627135912604
0.455	0	0	34.1759350183197
0.456	-0	-0	34.3216248637373
0.457	-0	-0	34.3160176431468
0.458	-0	-0	34.5278179826194
0.459	0	0	34.5102327956616
0.46	0	0	34.194456495571
0.461	0	0	34.0600625439913
0.462	0	0	33.6394606376046
0.463	0	0	33.8225793777806
0.464	-0	-0	33.854851450285
0.465	-0	-0	34.0306463479972
0.466	-0	-0	34.2147755766467
0.467	-0	-0	34.7046674321503
0.468	-0	-0	35.208715368006
0.469	0	0	35.2588867047597
0.47	0	0	34.8673182194613
0.471	0	0	34.3670696969359
0.472	0	0	33.8694496950814
0.473	0	0	33.8549108763798
0.474	0	0	33.9560966387286
0.475	0	0	34.1672942742899
0.476	-0	-0	34.3116945891854
0.477	-0	-0	34.3123015635813
0.478	-0	-0	34.5352087275428
0.479	0	0	34.5213570770891
0.48	0	0	34.2030138043399
0.481	0	0	34.0585922574248
0.482	0	0	33.6350271530567
0.483	0	0	33.8188987430306
0.484	-0	-0	33.8531547264473
0.485	-0	-0	34.026626418543
0.486	-0	-0	34.2071643097148
0.487	-0	-0	34.6892075216211
0.488	-0	-0	35.1920335487022
0.489	0	0	35.2443824678756
0.49	0	0	34.8532832279279
0.491	0	0	34.3550452936532
0.492	0	0	33.8581456079117
0.493	0	0	33.8502317651634
0.494	0	0	33.9499319150102
0.495	0	0	34.1592119708724
0.496	-0	-0	34.3024652940948
0.497	-0	-0	34.3092438324047
0.498	-0	-0	34.542586895656
0.499	0	0	34.5321058456518
0.5	0	0	34.2115457839814
0.501	0	0	34.057605788009
0.502	0	0	33.6307387712101
0.503	0	0	33.8158249883668
0.504	-0	-0	33.8516472311329
0.505	-0	-0	34.0232390427892
0.506	-0	-0	34.2001668485824
0.507	-0	-0	34.6746953748674
0.508	-0	-0	35.176228193834
0.509	0	0	35.2301232243128
0.51	0	0	34.8398300825159
0.511	0	0	34.3436444913338
0.512	0	0	33.8472909462374
0.513	0	0	33.845895957023
0.514	0	0	33.9440704943009
0.515	0	0	34.1515455317409
0.516	-0	-0	34.2937365661262
0.517	-0	-0	34.306597998522
0.518	-0	-0	34.5497982436805
0.519	0	0	34.5429444634368
0.52	0	0	34.2202103729339
0.521	0	0	34.0569368138407
0.522	0	0	33.627994018111
0.523	0	0	33.812739644855
0.524	-0	-0	33.8495733226536
0.525	-0	-0	34.0199189905978
0.526	-0	-0	34.1936069227742
0.527	-0	-0	34.6604060206437
0.528	-0	-0	35.161303606579
0.529	0	0	35.2167674697427
0.53	0	0	34.8271365647956
0.531	0	0	34.332825250395
0.532	0	0	33.8370872380923
0.533	0	0	33.841851695009
0.534	0	0	33.9386793828352
0.535	0	0	34.1444593130792
0.536	-0	-0	34.2855836982009
0.537	-0	-0	34.3044363973423
0.538	-0	-0	34.5565557585335
0.539	0	0	34.5535795148904
0.54	0	0	34.2290703654298
0.541	0	0	34.0561794001874
0.542	0	0	33.6246536132977
0.543	0	0	33.809996312551
0.544	-0	-0	33.8481560968291
0.545	-0	-0	34.0170922220244
0.546	-0	-0	34.1925459126559
0.547	-0	-0	34.6438572736945
0.548	-0	-0	35.1466910191886
0.549	0	0	35.2041673762499
0.55	0	0	34.8147780372224
0.551	0	0	34.3224497301109
0.552	0	0	33.8271846427437
0.553	0	0	33.838041318406
0.554	0	0	33.933679581244
0.555	0	0	34.1378672065012
0.556	-0	-0	34.2780418594229
0.557	-0	-0	34.3028148079443
0.558	-0	-0	34.5633167532757
0.559	0	0	34.5641853866953
0.56	0	0	34.2374648523516
0.561	0	0	34.0559398083863
0.562	0	0	33.6219415700023
0.563	0	0	33.8075855320036
0.564	-0	-0	33.8446843244924
0.565	-0	-0	34.0149338648293
0.566	-0	-0	34.1871120209894
0.567	-0	-0	34.6313749615549
0.568	-0	-0	35.1333666044888
0.569	0	0	35.1926533958671
0.57	0	0	34.8034161218897
0.571	0	0	34.312952058974
0.572	0	0	33.8180044383221
0.573	0	0	33.8345240504135
0.574	0	0	33.9288990452957
0.575	0	0	34.1314509244882
0.576	-0	-0	34.2706641859941
0.577	-0	-0	34.3011282312927
0.578	-0	-0	34.569661909819
0.579	0	0	34.5742109902035
0.58	0	0	34.2450189945255
0.581	0	0	34.055782487112
0.582	0	0	33.6195097930543
0.583	0	0	33.8052947707252
0.584	-0	-0	33.84333291211
0.585	-0	-0	34.0126760651988
0.586	-0	-0	34.1819566725638
0.587	-0	-0	34.6199105545534
0.588	-0	-0	35.1202001060897
0.589	0	0	35.1815806237692
0.59	0	0	34.7924651797125
0.591	0	0	34.3038957355174
0.592	0	0	33.8093422984445
0.593	0	0	33.8311753679037
0.594	0	0	33.9243919152213
0.595	0	0	34.1253053282356
0.596	-0	-0	34.2636354236522
0.597	-0	-0	34.2998785954204
0.598	-0	-0	34.5760025541738
0.599	0	0	34.5835453701547
0.6	0	0	34.2513283355195
0.601	0	0	34.0557662666347
0.602	0	0	33.6173474993018
0.603	0	0	33.803449928223
0.604	-0	-0	33.8414176995444
0.605	-0	-0	34.0106773507178
0.606	-0	-0	34.1772679824524
0.607	-0	-0	34.6090956149227
0.608	-0	-0	35.1074879723408
0.609	0	0	35.1712328740801
0.61	0	0	34.7821636646638
0.611	0	0	34.2954242968558
0.612	0	0	33.8011888132718
0.613	0	0	33.8280538610304
0.614	0	0	33.9201481341646
0.615	0	0	34.119511833241
0.616	-0	-0	34.2569663745716
0.617	-0	-0	34.2986708902351
0.618	-0	-0	34.58214366025
0.619	0	0	34.5925099055275
0.62	0	0	34.2581217835336
0.621	0	0	34.0556910716423
0.622	0	0	33.6155584049884
0.623	0	0	33.8015674988608
0.624	-0	-0	33.8404541473326
0.625	-0	-0	34.0087029661921
0.626	-0	-0	34.1728182893037
0.627	-0	-0	34.5984280145361
0.628	-0	-0	35.0954465454531
0.629	0	0	35.1613600961264
0.63	0	0	34.7724230010455
0.631	0	0	34.2874060820208
0.632	0	0	33.7934567133275
0.633	0	0	33.8252021082551
0.634	0	0	33.9158842579948
0.635	0	0	34.114103111906
0.636	-0	-0	34.2506846868554
0.637	-0	-0	34.2977265428115
0.638	-0	-0	34.5882128243656
0.639	0	0	34.601065700921
0.64	0	0	34.2647040202911
0.641	0	0	34.0556462902204
0.642	0	0	33.6139755297339
0.643	0	0	33.799955125276
0.644	-0	-0	33.8399246468513
0.645	-0	-0	34.0067863344382
0.646	-0	-0	34.168568764117
0.647	-0	-0	34.5882441430081
0.648	-0	-0	35.083938853413
0.649	0	0	35.1518235749262
0.65	0	0	34.7630532416087
0.651	0	0	34.2796756846568
0.652	0	0	33.7860937330798
0.653	0	0	33.8225701356262
0.654	0	0	33.91172311056
0.655	0	0	34.1089860530761
0.656	-0	-0	34.2447206576529
0.657	-0	-0	34.2971086685078
0.658	-0	-0	34.5940602443299
0.659	0	0	34.6094351716746
0.66	0	0	34.2716625070491
0.661	0	0	34.0555739069294
0.662	0	0	33.6122868821097
0.663	0	0	33.7984168465982
0.664	-0	-0	33.8397882497157
0.665	-0	-0	34.0049450066243
0.666	-0	-0	34.1645716233275
0.667	-0	-0	34.5785606327972
0.668	-0	-0	35.0732359512842
0.669	0	0	35.1425397029932
0.67	0	0	34.7540196223226
0.671	0	0	34.2723299320975
0.672	0	0	33.7790656958764
0.673	0	0	33.8201096283247
0.674	0	0	33.9076914568407
0.675	0	0	34.1040874314843
0.676	-0	-0	34.2390011152663
0.677	-0	-0	34.296809284577
0.678	-0	-0	34.5996269161038
0.679	0	0	34.6174718451476
0.68	0	0	34.2786637355679
0.681	0	0	34.055596932485
0.682	0	0	33.6104978789964
0.683	0	0	33.7971031465838
0.684	-0	-0	33.8388988381588
0.685	-0	-0	34.0035672107572
0.686	-0	-0	34.1609827634356
0.687	-0	-0	34.5693938310265
0.688000000000001	-0	-0	35.0629737570954
0.689000000000001	0	0	35.133734815885
0.690000000000001	0	0	34.7454097298156
0.691000000000001	0	0	34.2651647713842
0.692000000000001	0	0	33.772444395986
0.693000000000001	0	0	33.8177856586278
0.694000000000001	0	0	33.9036613210611
0.695000000000001	0	0	34.0994194462323
0.696000000000001	-0	-0	34.2335066789218
0.697000000000001	-0	-0	34.2965809566647
0.698000000000001	-0	-0	34.604588692419
0.699000000000001	0	0	34.6252147025198
0.700000000000001	0	0	34.2855664872615
0.701000000000001	0	0	34.0558795068107
0.702000000000001	0	0	33.6088259751157
0.703000000000001	0	0	33.7961295549419
0.704000000000001	-0	-0	33.8382181827734
0.705000000000001	-0	-0	34.0024469059719
0.706000000000001	-0	-0	34.1577052746802
0.707000000000001	-0	-0	34.5671172486318
0.708000000000001	-0	-0	35.0522465200809
0.709000000000001	0	0	35.1240348916467
0.710000000000001	0	0	34.7365237543706
0.711000000000001	0	0	34.2577222380199
0.712000000000001	0	0	33.76575360856
0.713000000000001	0	0	33.8153974790754
0.714000000000001	0	0	33.8997084700853
0.715000000000001	-0	-0	34.0950064047181
0.716000000000001	-0	-0	34.2283740277396
0.717000000000001	-0	-0	34.2966850204488
0.718000000000001	-0	-0	34.6097916709385
0.719000000000001	0	0	34.6327858336298
0.720000000000001	0	0	34.2926004108211
0.721000000000001	0	0	34.0563842546396
0.722000000000001	0	0	33.6079337253339
0.723000000000001	0	0	33.7950627892688
0.724000000000001	0	0	33.8374774908735
0.725000000000001	-0	-0	34.0013004339199
0.726000000000001	-0	-0	34.154483519084
0.727000000000001	-0	-0	34.5525969323259
0.728000000000001	-0	-0	35.0437655549817
0.729000000000001	0	0	35.1169262744482
0.730000000000001	0	0	34.7290539056428
0.731000000000001	0	0	34.2516704917521
0.732000000000001	0	0	33.7599670168265
0.733000000000001	0	0	33.8135017332942
0.734000000000001	0	0	33.8961461731498
0.735000000000001	-0	-0	34.090683592952
0.736000000000001	-0	-0	34.2231996237273
0.737000000000001	-0	-0	34.2965641345301
0.738000000000001	-0	-0	34.614670022031
0.739000000000001	0	0	34.6394733778575
0.740000000000001	0	0	34.298551064771
0.741000000000001	0	0	34.0564457767576
0.742000000000001	0	0	33.6079636730777
0.743000000000001	0	0	33.7935326524683
0.744000000000001	0	0	33.8368023669241
0.745000000000001	-0	-0	34.0000012239345
0.746000000000001	-0	-0	34.1513813758736
0.747000000000001	-0	-0	34.5447202990518
0.748000000000001	-0	-0	35.0346824877735
0.749000000000001	0	0	35.1091168214324
0.750000000000001	0	0	34.7214312396653
0.751000000000001	0	0	34.2455632654028
0.752000000000001	0	0	33.7543413400413
0.753000000000001	0	0	33.8116728108123
0.754000000000001	0	0	33.8929511704162
0.755000000000001	-0	-0	34.0866561924198
0.756000000000001	-0	-0	34.2183787525589
0.757000000000001	-0	-0	34.2965589391429
0.758000000000001	-0	-0	34.6197065189724
0.759000000000001	0	0	34.6460494570228
0.760000000000001	0	0	34.304373750619
0.761000000000001	0	0	34.0570058670674
0.762000000000001	0	0	33.6072398632883
0.763000000000001	0	0	33.7922984918144
0.764000000000001	0	0	33.8365307265099
0.765000000000001	-0	-0	33.9988251926687
0.766000000000001	-0	-0	34.1485144886328
0.767000000000001	-0	-0	34.537260339798
0.768000000000001	-0	-0	35.0259750113521
0.769000000000001	0	0	35.1015085765716
0.770000000000001	0	0	34.7140656455276
0.771000000000001	0	0	34.2395746515694
0.772000000000001	0	0	33.748905433388
0.773000000000001	0	0	33.8098547708595
0.774000000000001	0	0	33.8899591924449
0.775000000000001	-0	-0	34.0827892413913
0.776000000000001	-0	-0	34.2137432407179
0.777000000000001	-0	-0	34.296807463785
0.778000000000001	-0	-0	34.6245453744282
0.779000000000001	0	0	34.6530884757353
0.780000000000001	0	0	34.309917053483
0.781000000000001	0	0	34.0576234529891
0.782000000000001	0	0	33.6061313212335
0.783000000000001	0	0	33.79126504686
0.784000000000001	0	0	33.8365997296613
0.785000000000001	-0	-0	33.9977146923288
0.786000000000001	-0	-0	34.145825394883
0.787000000000001	-0	-0	34.5302830214683
0.788000000000001	-0	-0	35.0175475021613
0.789000000000001	0	0	35.094141865803
0.790000000000001	0	0	34.7069092325861
0.791000000000001	0	0	34.23395160427
0.792000000000001	0	0	33.7437140555486
0.793000000000001	0	0	33.808175829917
0.794000000000001	0	0	33.8871671203939
0.795000000000001	-0	-0	34.0790815857691
0.796000000000001	-0	-0	34.2092624160887
0.797000000000001	-0	-0	34.297066590403
0.798000000000001	-0	-0	34.6292684141275
0.799000000000001	0	0	34.6597460056018
0.800000000000001	0	0	34.3152929389202
0.801000000000001	0	0	34.0583065108098
0.802000000000001	0	0	33.6052195703039
0.803000000000001	0	0	33.79070850911
0.804000000000001	0	0	33.8367122984277
0.805000000000001	-0	-0	33.9966517533258
0.806000000000001	-0	-0	34.1432731140024
0.807000000000001	-0	-0	34.523473579475
0.808000000000001	-0	-0	35.0094873439953
0.809000000000001	0	0	35.0871927057463
0.810000000000001	0	0	34.7001010641866
0.811000000000001	0	0	34.2285983117219
0.812000000000001	0	0	33.7387584099837
0.813000000000001	0	0	33.8066041026144
0.814000000000001	0	0	33.8846074686382
0.815000000000001	-0	-0	34.0755345399109
0.816000000000001	-0	-0	34.2049512818888
0.817000000000001	-0	-0	34.2973565309128
0.818000000000001	-0	-0	34.6340212442484
0.819000000000001	0	0	34.6659274878346
0.820000000000001	0	0	34.3204224565112
0.821000000000001	0	0	34.058925958058
0.822000000000001	0	0	33.6044602597036
0.823000000000001	0	0	33.7899223665934
0.824000000000001	0	0	33.8365384599172
0.825000000000001	-0	-0	33.9957888224629
0.826000000000001	-0	-0	34.1409543116481
0.827000000000001	-0	-0	34.5170139630001
0.828000000000001	-0	-0	35.0018553939345
0.829000000000001	0	0	35.0805617709361
0.830000000000001	0	0	34.6935728184071
0.831000000000001	0	0	34.2234915265445
0.832000000000001	0	0	33.7340378386696
0.833000000000001	0	0	33.8051217269334
0.834000000000001	0	0	33.8821845142623
0.835000000000001	-0	-0	34.0721515078301
0.836000000000001	-0	-0	34.2007929513738
0.837000000000001	-0	-0	34.2978559792285
0.838000000000001	-0	-0	34.6388476213392
0.839000000000001	0	0	34.6715955353883
0.840000000000001	0	0	34.3252801398607
0.841000000000001	0	0	34.0593982963971
0.842000000000001	0	0	33.6035411168574
0.843000000000001	0	0	33.7891450757456
0.844000000000001	0	0	33.8373024683257
0.845000000000001	-0	-0	33.996170324341
0.846000000000001	-0	-0	34.1384845095463
0.847000000000001	-0	-0	34.5106919329303
0.848000000000001	-0	-0	34.9943007559824
0.849000000000001	0	0	35.0740229588094
0.850000000000001	0	0	34.6872245593557
0.851000000000001	0	0	34.2185701415742
0.852000000000001	0	0	33.7295320973918
0.853000000000001	0	0	33.8037855287808
0.854000000000001	0	0	33.8799499161696
0.855000000000001	-0	-0	34.0690450180211
0.856000000000001	-0	-0	34.1968914421561
0.857000000000001	-0	-0	34.2983337182608
0.858000000000001	-0	-0	34.6432771760155
0.859000000000001	0	0	34.677465684847
0.860000000000001	0	0	34.3303205383326
0.861000000000001	0	0	34.0600321042648
0.862000000000001	0	0	33.6028579867867
0.863000000000001	0	0	33.7885558733291
0.864000000000001	0	0	33.8348581675133
0.865000000000001	-0	-0	33.9946495663834
0.866000000000001	-0	-0	34.1369857366135
0.867000000000001	-0	-0	34.5052561543805
0.868000000000001	-0	-0	34.9875776348172
0.869000000000001	0	0	35.0681398796202
0.870000000000001	0	0	34.6813769920628
0.871000000000001	0	0	34.2139891867509
0.872000000000001	0	0	33.7252125707007
0.873000000000001	0	0	33.802317508622
0.874000000000001	0	0	33.877636040961
0.875000000000001	-0	-0	34.0658408614562
0.876000000000001	-0	-0	34.1929285444606
0.877000000000001	-0	-0	34.2987905309123
0.878000000000001	-0	-0	34.647522139875
0.879000000000001	0	0	34.6826861554366
0.880000000000001	0	0	34.3348434366588
0.881000000000001	0	0	34.0606274062803
0.882000000000001	0	0	33.6024043863785
0.883000000000001	0	0	33.7879555023615
0.884000000000001	0	0	33.8330389607531
0.885000000000001	-0	-0	33.9943777356639
0.886000000000001	-0	-0	34.1354977940222
0.887000000000001	-0	-0	34.5001999380404
0.888000000000001	-0	-0	34.9810214166505
0.889000000000001	0	0	35.0623319313703
0.890000000000001	0	0	34.6756643110499
0.891000000000001	0	0	34.2096219248421
0.892000000000001	0	0	33.7210471879822
0.893000000000001	0	0	33.8009079432373
0.894000000000001	0	0	33.8754249482761
0.895000000000001	-0	-0	34.0627813684505
0.896000000000001	-0	-0	34.1891432685053
0.897000000000001	-0	-0	34.2993351557844
0.898000000000001	-0	-0	34.6516316864432
0.899000000000001	0	0	34.6877079314915
0.900000000000001	0	0	34.3393685567408
0.901000000000001	0	0	34.0612691934844
0.902000000000001	0	0	33.6020576055901
0.903000000000001	0	0	33.7873530660116
0.904000000000001	0	0	33.8316843146435
0.905000000000001	-0	-0	33.9941193773067
0.906000000000001	-0	-0	34.1340650402758
0.907000000000001	-0	-0	34.4953212258948
0.908000000000001	-0	-0	34.974709897467
0.909000000000001	0	0	35.0566804940297
0.910000000000001	0	0	34.6701481834814
0.911000000000001	0	0	34.2054398299542
0.912000000000001	0	0	33.7170962770357
0.913000000000001	0	0	33.7995701690966
0.914000000000001	0	0	33.8733456115158
0.915000000000001	-0	-0	34.0598792939456
0.916000000000001	-0	-0	34.1855467373674
0.917000000000001	-0	-0	34.2999009965049
0.918000000000001	-0	-0	34.6555460777345
0.919000000000001	0	0	34.6928088097085
0.920000000000001	0	0	34.34354325804
0.921000000000001	0	0	34.0619449823259
0.922000000000001	0	0	33.6017480314777
0.923000000000001	0	0	33.7868254686071
0.924000000000001	0	0	33.8310826053357
0.925000000000001	-0	-0	33.9938011428543
0.926000000000001	-0	-0	34.1326366980563
0.927000000000001	-0	-0	34.4903549885129
0.928000000000001	-0	-0	34.9685149037459
0.929000000000001	0	0	35.051176036025
0.930000000000001	0	0	34.6648235546652
0.931000000000001	0	0	34.2014893719282
0.932000000000001	0	0	33.7133324288345
0.933000000000001	0	0	33.7983071395335
0.934000000000001	0	0	33.8713679388999
0.935000000000001	-0	-0	34.0571442755878
0.936000000000001	-0	-0	34.1821431789888
0.937000000000001	-0	-0	34.3004914909421
0.938000000000001	-0	-0	34.6594170710105
0.939000000000001	0	0	34.697570768528
0.940000000000001	0	0	34.3478220346283
0.941000000000001	0	0	34.0626654939655
0.942000000000001	0	0	33.6014622400233
0.943000000000001	0	0	33.7864013946957
0.944000000000001	0	0	33.8305521596987
0.945000000000001	-0	-0	33.9934735842495
0.946000000000001	-0	-0	34.1313131869504
0.947000000000001	-0	-0	34.4853958750878
0.948000000000001	-0	-0	34.9626610536953
0.949000000000001	0	0	35.0459910489226
0.950000000000001	0	0	34.6597515831955
0.951000000000001	0	0	34.1977434395509
0.952000000000001	0	0	33.7097484981649
0.953000000000001	0	0	33.7971489736621
0.954000000000001	0	0	33.8695062130406
0.955000000000001	-0	-0	34.0545646415661
0.956000000000001	-0	-0	34.1789144695503
0.957000000000001	-0	-0	34.301185779637
0.958000000000001	-0	-0	34.6631682503613
0.959000000000001	0	0	34.7019982190837
0.960000000000001	0	0	34.3520222746157
0.961000000000001	0	0	34.06343839644
0.962000000000001	0	0	33.6012055234611
0.963000000000001	0	0	33.7860868543041
0.964000000000001	0	0	33.8303122103997
0.965000000000001	-0	-0	33.9931248800274
0.966000000000001	-0	-0	34.1300400379504
0.967000000000001	-0	-0	34.4807830293604
0.968000000000001	-0	-0	34.9570610853001
0.969000000000001	0	0	35.0409826400248
0.970000000000001	0	0	34.6547951672248
0.971000000000001	0	0	34.2044912601561
0.972000000000001	0	0	33.702650890923
0.973000000000001	0	0	33.7953249616384
0.974000000000001	0	0	33.8670619062632
0.975000000000001	-0	-0	34.0515058230725
0.976000000000001	-0	-0	34.1754280707471
0.977000000000001	-0	-0	34.3015837033464
0.978000000000001	-0	-0	34.6667238230871
0.979000000000001	0	0	34.7065483461897
0.980000000000001	0	0	34.3564488547511
0.981000000000001	0	0	34.0647056169901
0.982000000000001	0	0	33.6015997075609
0.983000000000001	0	0	33.7861610764318
0.984000000000001	0	0	33.830553441025
0.985000000000001	-0	-0	33.9931611216903
0.986000000000001	-0	-0	34.1290679633667
0.987000000000001	-0	-0	34.4769653683436
0.988000000000001	-0	-0	34.9514699527662
0.989000000000001	0	0	35.0359346694274
0.990000000000001	0	0	34.6498583992592
0.991000000000001	0	0	34.2006877733262
0.992000000000001	0	0	33.6990191263924
0.993000000000001	0	0	33.7940214889809
0.994000000000001	0	0	33.8651043633558
0.995000000000001	-0	-0	34.0490104931028
0.996000000000001	-0	-0	34.1724012775169
0.997000000000001	-0	-0	34.3021925087396
0.998000000000001	-0	-0	34.6701683435726
0.999000000000001	0	0	34.7110184014609
1	0	0	34.360501498301
1.001	0	0	34.0656967532654
1.002	0	0	33.6018372281564
1.003	0	0	33.7859405763074
1.004	0	0	33.8304421787963
1.005	-0	-0	33.9930408266096
1.006	-0	-0	34.1280338684368
1.007	-0	-0	34.472658970965
1.008	-0	-0	34.9462164640513
1.009	0	0	35.0312771900055
1.01	0	0	34.6453080257161
1.011	0	0	34.1973109705572
1.012	0	0	33.6958006516633
1.013	0	0	33.7929612522693
1.014	0	0	33.8634166239239
1.015	-0	-0	34.0467560437723
1.016	-0	-0	34.1695971959861
1.017	-0	-0	34.3028702037223
1.018	-0	-0	34.673627038288
1.019	0	0	34.7152979389106
1.02	0	0	34.3645331472019
1.021	0	0	34.0664891181069
1.022	0	0	33.601929753603
1.023	0	0	33.7855321721428
1.024	0	0	33.8302091448436
1.025	-0	-0	33.9928377563922
1.026	-0	-0	34.1270455149787
1.027	-0	-0	34.4686561784453
1.028	-0	-0	34.9412222297151
1.029	0	0	35.0267757275766
1.03	0	0	34.6409097445207
1.031	0	0	34.1941312815483
1.032	0	0	33.6928001170466
1.033	0	0	33.7919912824427
1.034	0	0	33.8618558410451
1.035	-0	-0	34.0446434436731
1.036	-0	-0	34.1669545200985
1.037	-0	-0	34.3035645999843
1.038	-0	-0	34.6770341857912
1.039	0	0	34.7195284803788
1.04	0	0	34.368382857661
1.041	0	0	34.0672128603143
1.042	0	0	33.6019290361156
1.043	0	0	33.7851412329699
1.044	0	0	33.8299272478243
1.045	-0	-0	33.9926588361412
1.046	-0	-0	34.1261215662398
1.047	-0	-0	34.4650855782702
1.048	-0	-0	34.953746799131
1.049	0	0	35.0186083514829
1.05	0	0	34.6385062354679
1.051	0	0	34.183872080953
1.05199999999999	0	0	33.6955136073662
1.05299999999999	0	0	33.7938062277972
1.05399999999999	0	0	33.8633327264103
1.05499999999999	-0	-0	34.0452193141034
1.05599999999999	-0	-0	34.1664916020954
1.05699999999999	-0	-0	34.3056697746857
1.05799999999999	-0	-0	34.6809692477172
1.05899999999999	0	0	34.7237685472217
1.05999999999999	0	0	34.3717842762574
1.06099999999999	0	0	34.0670129436444
1.06199999999999	0	0	33.6006524807964
1.06299999999999	0	0	33.7835156065221
1.06399999999999	0	0	33.8285338952897
1.06499999999999	-0	-0	33.9913271686133
1.06599999999999	-0	-0	34.1242857705306
1.06699999999999	-0	-0	34.4606966591285
1.06799999999999	-0	-0	34.948730529652
1.06899999999999	0	0	35.014210424197
1.06999999999999	0	0	34.6344386844326
1.07099999999999	0	0	34.1812730458442
1.07199999999999	0	0	33.6933183364561
1.07299999999999	0	0	33.7934975978285
1.07399999999999	0	0	33.8625292567058
1.07499999999999	-0	-0	34.0438407443258
1.07599999999999	-0	-0	34.1645519569457
1.07699999999999	-0	-0	34.3067245476958
1.07799999999999	-0	-0	34.684362153633
1.07899999999999	0	0	34.7278558313886
1.07999999999999	0	0	34.3753729114034
1.08099999999999	0	0	34.067490311203
1.08199999999999	0	0	33.600386443134
1.08299999999999	0	0	33.7829524967384
1.08399999999999	0	0	33.8281991627592
1.08499999999999	-0	-0	33.9909591047733
1.08599999999999	-0	-0	34.123274483386
1.08699999999999	-0	-0	34.4569031232215
1.08799999999999	-0	-0	34.9442202963489
1.08899999999999	0	0	35.0097806621362
1.08999999999999	0	0	34.6305691910419
1.09099999999999	0	0	34.1785484024493
1.09199999999999	0	0	33.6908618439745
1.09299999999999	0	0	33.7928041803328
1.09399999999999	0	0	33.861371359136
1.09499999999999	-0	-0	34.0421744057565
1.09599999999999	-0	-0	34.1624123795602
1.09699999999999	-0	-0	34.307498416706
1.09799999999999	-0	-0	34.6876991748091
1.09899999999999	0	0	34.7319283114945
1.09999999999999	0	0	34.3788311871539
1.10099999999999	0	0	34.0679910487335
1.10199999999999	0	0	33.6003179149653
1.10299999999999	0	0	33.7826682252391
1.10399999999999	0	0	33.8279058492826
1.10499999999999	-0	-0	33.9907585723635
1.10599999999999	-0	-0	34.1224454020563
1.10699999999999	-0	-0	34.4533867344264
1.10799999999999	-0	-0	34.9398955673615
1.10899999999999	0	0	35.0052603315769
1.10999999999999	0	0	34.6269187268442
1.11099999999999	0	0	34.175967240868
1.11199999999999	0	0	33.6885056471733
1.11299999999999	0	0	33.7921447255597
1.11399999999999	0	0	33.8602564129616
1.11499999999999	-0	-0	34.0405685749371
1.11599999999999	-0	-0	34.1603552021051
1.11699999999999	-0	-0	34.3083487384305
1.11799999999999	-0	-0	34.6908961826555
1.11899999999999	0	0	34.735919696942
1.11999999999999	0	0	34.3820686227317
1.12099999999999	0	0	34.0684388991365
1.12199999999999	0	0	33.6004239201533
1.12299999999999	0	0	33.7821725845242
1.12399999999999	0	0	33.8275997461998
1.12499999999999	-0	-0	33.9905689792163
1.12599999999999	-0	-0	34.1216703564656
1.12699999999999	-0	-0	34.4500457062567
1.12799999999999	-0	-0	34.9357014621699
1.12899999999999	0	0	35.0009140720582
1.12999999999999	0	0	34.6232750337331
1.13099999999999	0	0	34.173503323841
1.13199999999999	0	0	33.6862739224111
1.13299999999999	0	0	33.791516014036
1.13399999999999	0	0	33.8591961473358
1.13499999999999	-0	-0	34.0390399850652
1.13599999999999	-0	-0	34.158389790898
1.13699999999999	-0	-0	34.3093049584155
1.13799999999999	-0	-0	34.6939942778314
1.13899999999999	0	0	34.7397895022643
1.13999999999999	0	0	34.385258917559
1.14099999999999	0	0	34.0688707785389
1.14199999999999	0	0	33.6006605552897
1.14299999999998	0	0	33.7814026007238
1.14399999999998	0	0	33.8273401367452
1.14499999999998	-0	-0	33.990463586841
1.14599999999998	-0	-0	34.1209989201873
1.14699999999998	-0	-0	34.4467737014297
1.14799999999998	-0	-0	34.9316626444057
1.14899999999998	0	0	34.9968384426163
1.14999999999998	0	0	34.6197233868562
1.15099999999998	0	0	34.1711671301491
1.15199999999998	0	0	33.6841542887509
1.15299999999998	0	0	33.7909546585036
1.15399999999998	0	0	33.8581810761086
1.15499999999998	-0	-0	34.0375707126715
1.15599999999998	-0	-0	34.1565042608149
1.15699999999998	-0	-0	34.3102098411949
1.15799999999998	-0	-0	34.6969107901316
1.15899999999998	0	0	34.7436379421385
1.15999999999998	0	0	34.3884916114371
1.16099999999998	0	0	34.0693160541028
1.16199999999998	0	0	33.6007442198576
1.16299999999998	0	0	33.7809421295502
1.16399999999998	0	0	33.827158205102
1.16499999999998	-0	-0	33.9903639925049
1.16599999999998	-0	-0	34.1203951961649
1.16699999999998	-0	-0	34.4435827814829
1.16799999999998	-0	-0	34.9277850226258
1.16899999999998	0	0	34.9929271741369
1.16999999999998	0	0	34.6163445879025
1.17099999999998	0	0	34.1689264823475
1.17199999999998	0	0	33.6821184328511
1.17299999999998	0	0	33.7904141647286
1.17399999999998	0	0	33.8571968593619
1.17499999999998	-0	-0	34.0361494906162
1.17599999999998	-0	-0	34.1546979040114
1.17699999999998	-0	-0	34.3109807755255
1.17799999999998	-0	-0	34.6999030688746
1.17899999999998	0	0	34.7472086040221
1.17999999999998	0	0	34.3915306227469
1.18099999999998	0	0	34.0697719676532
1.18199999999998	0	0	33.6009110686099
1.18299999999998	0	0	33.7805977519729
1.18399999999998	0	0	33.8270360665342
1.18499999999998	-0	-0	33.9902726029573
1.18599999999998	-0	-0	34.1198253124407
1.18699999999998	-0	-0	34.4405604857454
1.18799999999998	-0	-0	34.9239860919361
1.18899999999998	0	0	34.9891443195992
1.18999999999998	0	0	34.6130914282453
1.19099999999998	0	0	34.1667742818874
1.19199999999998	0	0	33.6801866198665
1.19299999999998	0	0	33.7899164769466
1.19399999999998	0	0	33.8562753654136
1.19499999999998	-0	-0	34.0348105258533
1.19599999999998	-0	-0	34.1529951423543
1.19699999999998	-0	-0	34.3117480868606
1.19799999999998	-0	-0	34.7025286071865
1.19899999999998	0	0	34.7509250857053
1.19999999999998	0	0	34.3947110514836
1.20099999999998	0	0	34.0703920812403
1.20199999999998	0	0	33.601411301627
1.20299999999998	0	0	33.7802021796714
1.20399999999998	0	0	33.8270707438089
1.20499999999998	-0	-0	33.9902052122056
1.20599999999998	-0	-0	34.1193110457063
1.20699999999998	-0	-0	34.4377121752871
1.20799999999998	-0	-0	34.9203048672066
1.20899999999998	0	0	34.9854802315766
1.20999999999998	0	0	34.6097797785004
1.21099999999998	0	0	34.1646112019344
1.21199999999998	0	0	33.6782348547828
1.21299999999998	0	0	33.7893979821338
1.21399999999998	0	0	33.8553557077676
1.21499999999998	-0	-0	34.0335117743912
1.21599999999998	-0	-0	34.1513713925329
1.21699999999998	-0	-0	34.3125696396572
1.21799999999998	-0	-0	34.7051939592773
1.21899999999998	0	0	34.7545032160082
1.21999999999998	0	0	34.3977648599207
1.22099999999998	0	0	34.0710168474365
1.22199999999998	0	0	33.6012245488589
1.22299999999998	0	0	33.779963001512
1.22399999999998	0	0	33.8272220468302
1.22499999999998	-0	-0	33.9902558433841
1.22599999999998	-0	-0	34.1189183601067
1.22699999999998	-0	-0	34.4350301228727
1.22799999999998	-0	-0	34.9167137930792
1.22899999999998	0	0	34.9821003019126
1.22999999999998	0	0	34.6066215682178
1.23099999999998	0	0	34.162495461366
1.23199999999998	0	0	33.6763949626141
1.23299999999998	0	0	33.7888662683397
1.23399999999997	0	0	33.8544500717981
1.23499999999997	-0	-0	34.0322356799409
1.23599999999997	-0	-0	34.1497933942981
1.23699999999997	-0	-0	34.3133322983446
1.23799999999997	-0	-0	34.7079040910185
1.23899999999997	0	0	34.7578524721655
1.23999999999997	0	0	34.4006080864241
1.24099999999997	0	0	34.0716172809037
1.24199999999997	0	0	33.6014279310077
1.24299999999997	0	0	33.7796787314589
1.24399999999997	0	0	33.8273334106977
1.24499999999997	-0	-0	33.9902266242566
1.24599999999997	-0	-0	34.1184942104061
1.24699999999997	-0	-0	34.4324031011409
1.24799999999997	-0	-0	34.9132915326019
1.24899999999997	0	0	34.97880708615
1.24999999999997	0	0	34.6035957997595
1.25099999999997	0	0	34.1604087550763
1.25199999999997	0	0	33.674634798502
1.25299999999997	0	0	33.7883573997943
1.25399999999997	0	0	33.853629642336
1.25499999999997	-0	-0	34.03105385255
1.25599999999997	-0	-0	34.148316132835
1.25699999999997	-0	-0	34.3142051974601
1.25799999999997	-0	-0	34.7104342468703
1.25899999999997	0	0	34.7611754715223
1.25999999999997	0	0	34.4033801860234
1.26099999999997	0	0	34.0722656399621
1.26199999999997	0	0	33.6016624730793
1.26299999999997	0	0	33.7794291792487
1.26399999999997	0	0	33.8275329891012
1.26499999999997	-0	-0	33.9901576631675
1.26599999999997	-0	-0	34.1181109042896
1.26699999999997	-0	-0	34.4298595241783
1.26799999999997	-0	-0	34.9100832579575
1.26899999999997	0	0	34.9755593836561
1.26999999999997	0	0	34.6005854050271
1.27099999999997	0	0	34.158392168782
1.27199999999997	0	0	33.6728585761148
1.27299999999997	0	0	33.7878222607003
1.27399999999997	0	0	33.852794397255
1.27499999999997	-0	-0	34.0298990688574
1.27599999999997	-0	-0	34.1468846641663
1.27699999999997	-0	-0	34.3151091432373
1.27799999999997	-0	-0	34.7130179213175
1.27899999999997	0	0	34.7644240464967
1.27999999999997	0	0	34.4060611839003
1.28099999999997	0	0	34.072838425199
1.28199999999997	0	0	33.6017947906691
1.28299999999997	0	0	33.7791812213988
1.28399999999997	0	0	33.8276782340163
1.28499999999997	-0	-0	33.9901123820564
1.28599999999997	-0	-0	34.1177869011207
1.28699999999997	-0	-0	34.427448617839
1.28799999999997	-0	-0	34.9069772632539
1.28899999999997	0	0	34.9725175586125
1.28999999999997	0	0	34.5976642322354
1.29099999999997	0	0	34.1564585732995
1.29199999999997	0	0	33.6711272968088
1.29299999999997	0	0	33.7873118665165
1.29399999999997	0	0	33.8520045823218
1.29499999999997	-0	-0	34.0287976797315
1.29599999999997	-0	-0	34.1455198741109
1.29699999999997	-0	-0	34.3159859575924
1.29799999999997	-0	-0	34.7001825531081
1.29899999999997	0	0	34.7750259572884
1.29999999999997	0	0	34.4099645429001
1.30099999999997	0	0	34.0699998975652
1.30199999999997	0	0	33.5986826346206
1.30299999999997	0	0	33.7759171733581
1.30399999999997	0	0	33.8250113896463
1.30499999999997	-0	-0	33.9877526014856
1.30599999999997	-0	-0	34.1155702069871
1.30699999999997	-0	-0	34.4237798370703
1.30799999999997	-0	-0	34.9028932492041
1.30899999999997	0	0	34.9686675775491
1.30999999999997	0	0	34.5950238170841
1.31099999999997	0	0	34.1553813033029
1.31199999999997	0	0	33.6704779293415
1.31299999999997	0	0	33.7879867289495
1.31399999999997	0	0	33.8524015521086
1.31499999999997	-0	-0	34.0287935535199
1.31599999999997	-0	-0	34.1450694951273
1.31699999999997	-0	-0	34.3174597041203
1.31799999999997	-0	-0	34.7028764073077
1.31899999999997	0	0	34.7778538338503
1.31999999999997	0	0	34.4123387570855
1.32099999999997	0	0	34.0703029591198
1.32199999999997	0	0	33.5984053586051
1.32299999999997	0	0	33.7752234164122
1.32399999999996	0	0	33.8246805513751
1.32499999999996	-0	-0	33.9874151099227
1.32599999999996	-0	-0	34.1150049068687
1.32699999999996	-0	-0	34.4213354580581
1.32799999999996	-0	-0	34.8999006894715
1.32899999999996	0	0	34.9662459537162
1.32999999999996	0	0	34.5924603825828
1.33099999999996	0	0	34.1538027371121
1.33199999999996	0	0	33.6691721185656
1.33299999999996	0	0	33.7878549818661
1.33399999999996	0	0	33.8519548214918
1.33499999999996	-0	-0	34.0280217122157
1.33599999999996	-0	-0	34.1440154728483
1.33699999999996	-0	-0	34.3184425377377
1.33799999999996	-0	-0	34.7051395190727
1.33899999999996	0	0	34.780560704545
1.33999999999996	0	0	34.4148037215929
1.34099999999996	0	0	34.0709431852973
1.34199999999996	0	0	33.5985902624744
1.34299999999996	0	0	33.7749562882266
1.34399999999996	0	0	33.8246457789229
1.34499999999996	-0	-0	33.9874389295164
1.34599999999996	-0	-0	34.1147536010564
1.34699999999996	-0	-0	34.4192196552547
1.34799999999996	-0	-0	34.8971482563511
1.34899999999996	0	0	34.9636377225362
1.34999999999996	0	0	34.5897774733983
1.35099999999996	0	0	34.1520818385564
1.35199999999996	0	0	33.6677082947423
1.35299999999996	0	0	33.7874955209417
1.35399999999996	0	0	33.8513191815238
1.35499999999996	-0	-0	34.0270904589671
1.35599999999996	-0	-0	34.1428632543806
1.35699999999996	-0	-0	34.3192983513294
1.35799999999996	-0	-0	34.7074876667457
1.35899999999996	0	0	34.7831829267178
1.35999999999996	0	0	34.4171527759873
1.36099999999996	0	0	34.0714895538951
1.36199999999996	0	0	33.5987843102345
1.36299999999996	0	0	33.7747012667712
1.36399999999996	0	0	33.8246570743957
1.36499999999996	-0	-0	33.9874911055192
1.36599999999996	-0	-0	34.1145529094652
1.36699999999996	-0	-0	34.4171991253888
1.36799999999996	-0	-0	34.8944704200783
1.36899999999996	0	0	34.9608871803173
1.36999999999996	0	0	34.587096248755
1.37099999999996	0	0	34.1503820934117
1.37199999999996	0	0	33.66625660369
1.37299999999996	0	0	33.7871549631855
1.37399999999996	0	0	33.8506776657551
1.37499999999996	-0	-0	34.0261618762327
1.37599999999996	-0	-0	34.1417369706597
1.37699999999996	-0	-0	34.3201499786287
1.37799999999996	-0	-0	34.7097894897952
1.37899999999996	0	0	34.785732194987
1.37999999999996	0	0	34.4194032584368
1.38099999999996	0	0	34.0720459119951
1.38199999999996	0	0	33.5989873481251
1.38299999999996	0	0	33.7745086964964
1.38399999999996	0	0	33.82472824453
1.38499999999996	-0	-0	33.9876134657252
1.38599999999996	-0	-0	34.1144470724683
1.38699999999996	-0	-0	34.4152821558255
1.38799999999996	-0	-0	34.8918697339613
1.38899999999996	0	0	34.9583499837427
1.38999999999996	0	0	34.5845466691331
1.39099999999996	0	0	34.148788989896
1.39199999999996	0	0	33.6648979500278
1.39299999999996	0	0	33.7868593562341
1.39399999999996	0	0	33.8500787584648
1.39499999999996	-0	-0	34.0252814062732
1.39599999999996	-0	-0	34.1406643857273
1.39699999999996	-0	-0	34.3210338677603
1.39799999999996	-0	-0	34.7119285941278
1.39899999999996	0	0	34.7882040181463
1.39999999999996	0	0	34.4216363027244
1.40099999999996	0	0	34.0726010878163
1.40199999999996	0	0	33.5992562781297
1.40299999999996	0	0	33.7743100136665
1.40399999999996	0	0	33.8247940689556
1.40499999999996	-0	-0	33.98772603956
1.40599999999996	-0	-0	34.1143481514499
1.40699999999996	-0	-0	34.4134622910728
1.40799999999996	-0	-0	34.8892357288505
1.40899999999996	0	0	34.9559184717451
1.40999999999996	0	0	34.5821020603521
1.41099999999996	0	0	34.1472711440395
1.41199999999996	0	0	33.663551175265
1.41299999999996	0	0	33.7865999560017
1.41399999999996	0	0	33.8495399751004
1.41499999999995	-0	-0	34.0244456289603
1.41599999999995	-0	-0	34.1396450517512
1.41699999999995	-0	-0	34.3219133862839
1.41799999999995	-0	-0	34.7140613188688
1.41899999999995	0	0	34.7905303891569
1.41999999999995	0	0	34.4238150225238
1.42099999999995	0	0	34.0731548585356
1.42199999999995	0	0	33.5995216855426
1.42299999999995	0	0	33.7740572221815
1.42399999999995	0	0	33.8248264119634
1.42499999999995	-0	-0	33.9878203569028
1.42599999999995	-0	-0	34.1142591938421
1.42699999999995	-0	-0	34.4117104163814
1.42799999999995	-0	-0	34.8866615461805
1.42899999999995	0	0	34.9535248320131
1.42999999999995	0	0	34.5797232210052
1.43099999999995	0	0	34.1458162936576
1.43199999999995	0	0	33.6622351867263
1.43299999999995	0	0	33.7863558029878
1.43399999999995	0	0	33.8490512030829
1.43499999999995	-0	-0	34.0236434076149
1.43599999999995	-0	-0	34.1386697183723
1.43699999999995	-0	-0	34.3227783622624
1.43799999999995	-0	-0	34.7161591262072
1.43899999999995	0	0	34.7927971445232
1.43999999999995	0	0	34.4258806052194
1.44099999999995	0	0	34.073702116732
1.44199999999995	0	0	33.5997598014179
1.44299999999995	0	0	33.7737249045897
1.44399999999995	0	0	33.8248593771213
1.44499999999995	-0	-0	33.9879249475375
1.44599999999995	-0	-0	34.1141930584972
1.44699999999995	-0	-0	34.410017499646
1.44799999999995	-0	-0	34.8842729631652
1.44899999999995	0	0	34.9512530213932
1.44999999999995	0	0	34.5774294483084
1.45099999999995	0	0	34.1444218957383
1.45199999999995	0	0	33.6609358704392
1.45299999999995	0	0	33.7860538308218
1.45399999999995	0	0	33.8485393952323
1.45499999999995	-0	-0	34.0228612695865
1.45599999999995	-0	-0	34.1377247414429
1.45699999999995	-0	-0	34.323595754746
1.45799999999995	-0	-0	34.7181844768635
1.45899999999995	0	0	34.7950251461427
1.45999999999995	0	0	34.4279282294234
1.46099999999995	0	0	34.0742511758919
1.46199999999995	0	0	33.6001135316159
1.46299999999995	0	0	33.7734886833421
1.46399999999995	0	0	33.8248000704737
1.46499999999995	-0	-0	33.9880246208962
1.46599999999995	-0	-0	34.1141484391553
1.46699999999995	-0	-0	34.4083611354114
1.46799999999995	-0	-0	34.8820410797174
1.46899999999995	0	0	34.9490008922704
1.46999999999995	0	0	34.5751942175565
1.47099999999995	0	0	34.1430434696708
1.47199999999995	0	0	33.6596632757089
1.47299999999995	0	0	33.7857100509178
1.47399999999995	0	0	33.848005955425
1.47499999999995	-0	-0	34.0220949834187
1.47599999999995	-0	-0	34.1368106676977
1.47699999999995	-0	-0	34.324386492734
1.47799999999995	-0	-0	34.7201616605894
1.47899999999995	0	0	34.7971767784691
1.47999999999995	0	0	34.4298954557798
1.48099999999995	0	0	34.0747974635019
1.48199999999995	0	0	33.6004501793554
1.48299999999995	0	0	33.7732979318833
1.48399999999995	0	0	33.8247876038019
1.48499999999995	-0	-0	33.9881297404644
1.48599999999995	-0	-0	34.1141069266146
1.48699999999995	-0	-0	34.4067690001979
1.48799999999995	-0	-0	34.879781550487
1.48899999999995	0	0	34.9468002663664
1.48999999999995	0	0	34.5730606978986
1.49099999999995	0	0	34.1417405108761
1.49199999999995	0	0	33.6584517289993
1.49299999999995	0	0	33.7853965161008
1.49399999999995	0	0	33.8476420436035
1.49499999999995	-0	-0	34.0213175841655
1.49599999999995	-0	-0	34.1359293348176
1.49699999999995	-0	-0	34.3251461805837
1.49799999999995	-0	-0	34.7220588872277
1.49899999999995	0	0	34.7992350063438
1.49999999999995	0	0	34.4317123861886
1.50099999999995	0	0	34.0753354933932
1.50199999999995	0	0	33.6006528308687
1.50299999999995	0	0	33.7731807339402
1.50399999999995	0	0	33.8247951585803
1.50499999999995	-0	-0	33.9882766014912
1.50599999999994	-0	-0	34.1141143942182
1.50699999999994	-0	-0	34.4052704860644
1.50799999999994	-0	-0	34.8776152304044
1.50899999999994	0	0	34.9447644612889
1.50999999999994	0	0	34.5710269780129
1.51099999999994	0	0	34.1405040824466
1.51199999999994	0	0	33.6573226837254
1.51299999999994	0	0	33.7850724350169
1.51399999999994	0	0	33.8472585551213
1.51499999999994	-0	-0	34.0205523439555
1.51599999999994	-0	-0	34.1350733706494
1.51699999999994	-0	-0	34.3259049909845
1.51799999999994	-0	-0	34.7239200496291
1.51899999999994	0	0	34.801192212611
1.51999999999994	0	0	34.4335084613316
1.52099999999994	0	0	34.0758399565865
1.52199999999994	0	0	33.6008130948599
1.52299999999994	0	0	33.7730507244283
1.52399999999994	0	0	33.8248486054779
1.52499999999994	-0	-0	33.9884354317521
1.52599999999994	-0	-0	34.1141308893771
1.52699999999994	-0	-0	34.4038346297227
1.52799999999994	-0	-0	34.8754917045937
1.52899999999994	0	0	34.9427167442578
1.52999999999994	0	0	34.5690448703014
1.53099999999994	0	0	34.1393330245953
1.53199999999994	0	0	33.6562160240188
1.53299999999994	0	0	33.7847804784527
1.53399999999994	0	0	33.846792579256
1.53499999999994	-0	-0	34.0198707751412
1.53599999999994	-0	-0	34.1342619980062
1.53699999999994	-0	-0	34.3266620816884
1.53799999999994	-0	-0	34.7256925366076
1.53899999999994	0	0	34.8031479492981
1.53999999999994	0	0	34.4352378848623
1.54099999999994	0	0	34.0763209406771
1.54199999999994	0	0	33.6009406563735
1.54299999999994	0	0	33.7729151094153
1.54399999999994	0	0	33.8249142740715
1.54499999999994	-0	-0	33.9885978535993
1.54599999999994	-0	-0	34.1141555371762
1.54699999999994	-0	-0	34.4024879021537
1.54799999999994	-0	-0	34.8734331968616
1.54899999999994	0	0	34.9407186848606
1.54999999999994	0	0	34.5670973262263
1.55099999999994	0	0	34.1382081552581
1.55199999999994	0	0	33.65513668687
1.55299999999994	0	0	33.7845037011569
1.55399999999994	0	0	33.8462928508846
1.55499999999994	-0	-0	34.0192211219419
1.55599999999994	-0	-0	34.1335013151574
1.55699999999994	-0	-0	34.3273633377381
1.55799999999994	-0	-0	34.7274239628379
1.55899999999994	0	0	34.8050084936334
1.55999999999994	0	0	34.4369718581551
1.56099999999994	0	0	34.0768704574237
1.56199999999994	0	0	33.6011323245407
1.56299999999994	0	0	33.7728261059747
1.56399999999994	0	0	33.824999837232
1.56499999999994	-0	-0	33.9887780203695
1.56599999999994	-0	-0	34.1141953021815
1.56699999999994	-0	-0	34.4012087710204
1.56799999999994	-0	-0	34.8714785814721
1.56899999999994	0	0	34.9386848618072
1.56999999999994	0	0	34.5651253324161
1.57099999999994	0	0	34.1370909659355
1.57199999999994	0	0	33.6540532893881
1.57299999999994	0	0	33.7842081200458
1.57399999999994	0	0	33.8458173010642
1.57499999999994	-0	-0	34.0185907755004
1.57599999999994	-0	-0	34.1327589500128
1.57699999999994	-0	-0	34.3280314187646
1.57799999999994	-0	-0	34.7291349008455
1.57899999999994	0	0	34.8069216583507
1.57999999999994	0	0	34.4386788979257
1.58099999999994	0	0	34.0774487723344
1.58199999999994	0	0	33.6013332074917
1.58299999999994	0	0	33.7727369183929
1.58399999999994	0	0	33.8250836019107
1.58499999999994	-0	-0	33.9889594753399
1.58599999999994	-0	-0	34.1142424102653
1.58699999999994	-0	-0	34.3999262594672
1.58799999999994	-0	-0	34.8696475957669
1.58899999999994	0	0	34.9367319829205
1.58999999999994	0	0	34.563184003859
1.59099999999994	0	0	34.1360270706106
1.59199999999994	0	0	33.6530108361977
1.59299999999994	0	0	33.7839316653168
1.59399999999994	0	0	33.8453970416275
1.59499999999994	-0	-0	34.0179650981555
1.59599999999994	-0	-0	34.1320442214953
1.59699999999993	-0	-0	34.3287140010697
1.59799999999993	-0	-0	34.7308002193035
1.59899999999993	0	0	34.808944361613
1.59999999999993	0	0	34.4402178906183
1.60099999999993	0	0	34.0779929245048
1.60199999999993	0	0	33.60149291528
1.60299999999993	0	0	33.7726468531853
1.60399999999993	0	0	33.8251813359703
1.60499999999993	-0	-0	33.9891261517899
1.60599999999993	-0	-0	34.1142831698251
1.60699999999993	-0	-0	34.3986684115958
1.60799999999993	-0	-0	34.8677265511866
1.60899999999993	0	0	34.9348666433675
1.60999999999993	0	0	34.5613666078985
1.61099999999993	0	0	34.1350481255709
1.61199999999993	0	0	33.6520465638392
1.61299999999993	0	0	33.7837129380638
1.61399999999993	0	0	33.8450057369417
1.61499999999993	-0	-0	34.0173771271669
1.61599999999993	-0	-0	34.1313663733924
1.61699999999993	-0	-0	34.3293969025056
1.61799999999993	-0	-0	34.7324013606154
1.61899999999993	0	0	34.8107459464565
1.61999999999993	0	0	34.4418495454312
1.62099999999993	0	0	34.0784887545593
1.62199999999993	0	0	33.6017093538932
1.62299999999993	0	0	33.7726043489064
1.62399999999993	0	0	33.8253397744105
1.62499999999993	-0	-0	33.9893279924588
1.62599999999993	-0	-0	34.1143613349041
1.62699999999993	-0	-0	34.397520339381
1.62799999999993	-0	-0	34.8659066719809
1.62899999999993	0	0	34.9330796684781
1.62999999999993	0	0	34.5595925983839
1.63099999999993	0	0	34.13411080962
1.63199999999993	0	0	33.6511171395702
1.63299999999993	0	0	33.7834898994238
1.63399999999993	0	0	33.8446097013884
1.63499999999993	-0	-0	34.0168050751702
1.63599999999993	-0	-0	34.1307142456409
1.63699999999993	-0	-0	34.3300701262547
1.63799999999993	-0	-0	34.733959832465
1.63899999999993	0	0	34.8124862574957
1.63999999999993	0	0	34.4434744008776
1.64099999999993	0	0	34.0789663929143
1.64199999999993	0	0	33.6019728109509
1.64299999999993	0	0	33.7725404289903
1.64399999999993	0	0	33.8254696340789
1.64499999999993	-0	-0	33.9895118113664
1.64599999999993	-0	-0	34.1144285301876
1.64699999999993	-0	-0	34.3963351078852
1.64799999999993	-0	-0	34.8641195708388
1.64899999999993	0	0	34.9312795919328
1.64999999999993	0	0	34.5578997377922
1.65099999999993	0	0	34.1331999866665
1.65199999999993	0	0	33.6502252879124
1.65299999999993	0	0	33.7832652249718
1.65399999999993	0	0	33.8442189501298
1.65499999999993	-0	-0	34.0162482004031
1.65599999999993	-0	-0	34.1300841032523
1.65699999999993	-0	-0	34.3307337001474
1.65799999999993	-0	-0	34.735503401937
1.65899999999993	0	0	34.8138887896243
1.65999999999993	0	0	34.445028209986
1.66099999999993	0	0	34.0794786905735
1.66199999999993	0	0	33.6023142157113
1.66299999999993	0	0	33.7725437164506
1.66399999999993	0	0	33.8256282600075
1.66499999999993	-0	-0	33.9897344434585
1.66599999999993	-0	-0	34.1145313211886
1.66699999999993	-0	-0	34.395228889672
1.66799999999993	-0	-0	34.8625775246607
1.66899999999993	0	0	34.9295569287633
1.66999999999993	0	0	34.5561834590193
1.67099999999993	0	0	34.1322556576424
1.67199999999993	0	0	33.6492951491224
1.67299999999993	0	0	33.7830057388649
1.67399999999993	0	0	33.8437950937054
1.67499999999993	-0	-0	34.0156762352785
1.67599999999993	-0	-0	34.1294600978024
1.67699999999993	-0	-0	34.331383271059
1.67799999999993	-0	-0	34.7369761104318
1.67899999999993	0	0	34.8154196091313
1.67999999999993	0	0	34.4465618534166
1.68099999999993	0	0	34.0800242873807
1.68199999999993	0	0	33.6027011388472
1.68299999999993	0	0	33.7725679207331
1.68399999999993	0	0	33.8258487963116
1.68499999999993	-0	-0	33.9900000735211
1.68599999999993	-0	-0	34.1146660827173
1.68699999999993	-0	-0	34.3941411113515
1.68799999999992	-0	-0	34.861035609963
1.68899999999992	0	0	34.9279165219651
1.68999999999992	0	0	34.5545101582232
1.69099999999992	0	0	34.1313893647859
1.69199999999992	0	0	33.6484068132895
1.69299999999992	0	0	33.7827906140522
1.69399999999992	0	0	33.8433918744575
1.69499999999992	-0	-0	34.015129065657
1.69599999999992	-0	-0	34.1288576282463
1.69699999999992	-0	-0	34.3320403320003
1.69799999999992	-0	-0	34.7384022476414
1.69899999999992	0	0	34.8168100250394
1.69999999999992	0	0	34.4480033615976
1.70099999999992	0	0	34.0805134573422
1.70199999999992	0	0	33.6030715136867
1.70299999999992	0	0	33.7726011933816
1.70399999999992	0	0	33.8260460728772
1.70499999999992	-0	-0	33.9902459298006
1.70599999999992	-0	-0	34.114790244996
1.70699999999992	-0	-0	34.3930721952396
1.70799999999992	-0	-0	34.8595527758612
1.70899999999992	0	0	34.9263399777073
1.70999999999992	0	0	34.5528936289285
1.71099999999992	0	0	34.1305287003729
1.71199999999992	0	0	33.6475483841293
1.71299999999992	0	0	33.7825779766917
1.71399999999992	0	0	33.8430019619359
1.71499999999992	-0	-0	34.0145883240166
1.71599999999992	-0	-0	34.1282700161542
1.71699999999992	-0	-0	34.3326716597331
1.71799999999992	-0	-0	34.7397991353267
1.71899999999992	0	0	34.8182861056184
1.71999999999992	0	0	34.4494017466317
1.72099999999992	0	0	34.0809006176252
1.72199999999992	0	0	33.6033885142344
1.72299999999992	0	0	33.7725854631706
1.72399999999992	0	0	33.8261709371268
1.72499999999992	-0	-0	33.9904667116297
1.72599999999992	-0	-0	34.114903417807
1.72699999999992	-0	-0	34.3920068710445
1.72799999999992	-0	-0	34.8580818899374
1.72899999999992	0	0	34.9247430270573
1.72999999999992	0	0	34.5513707239527
1.73099999999992	0	0	34.1296753649674
1.73199999999992	0	0	33.6467179946447
1.73299999999992	0	0	33.78235569844
1.73399999999992	0	0	33.8426305364771
1.73499999999992	-0	-0	34.0140701535756
1.73599999999992	-0	-0	34.1277039124982
1.73699999999992	-0	-0	34.3332725724783
1.73799999999992	-0	-0	34.7411533824745
1.73899999999992	0	0	34.8196908048229
1.73999999999992	0	0	34.4507975520872
1.74099999999992	0	0	34.0813214619737
1.74199999999992	0	0	33.6037021813498
1.74299999999992	0	0	33.7725805005622
1.74399999999992	0	0	33.8263500779933
1.74499999999992	-0	-0	33.9906990543273
1.74599999999992	-0	-0	34.1150230718497
1.74699999999992	-0	-0	34.3909672255673
1.74799999999992	-0	-0	34.8566932442596
1.74899999999992	0	0	34.9231898525481
1.74999999999992	0	0	34.5499027184854
1.75099999999992	0	0	34.1288803232275
1.75199999999992	0	0	33.6459436216326
1.75299999999992	0	0	33.7821653145498
1.75399999999992	0	0	33.8422819929916
1.75499999999992	-0	-0	34.013578348837
1.75599999999992	-0	-0	34.127167420793
1.75699999999992	-0	-0	34.3338515693239
1.75799999999992	-0	-0	34.7424425513736
1.75899999999992	0	0	34.8211904319101
1.75999999999992	0	0	34.4522150985791
1.76099999999992	0	0	34.0817584646335
1.76199999999992	0	0	33.6039718431112
1.76299999999992	0	0	33.7725722156447
1.76399999999992	0	0	33.8265137187403
1.76499999999992	-0	-0	33.9909296607357
1.76599999999992	-0	-0	34.1151470547304
1.76699999999992	-0	-0	34.38998234417
1.76799999999992	-0	-0	34.8553751881633
1.76899999999992	0	0	34.9217889392831
1.76999999999992	0	0	34.5484841863578
1.77099999999992	0	0	34.1281119604713
1.77199999999992	0	0	33.6451978004244
1.77299999999992	0	0	33.7819727902904
1.77399999999992	0	0	33.841942097913
1.77499999999992	-0	-0	34.0130969867684
1.77599999999992	-0	-0	34.1266481909633
1.77699999999992	-0	-0	34.3343948984161
1.77799999999991	-0	-0	34.7436698567317
1.77899999999991	0	0	34.8227828758971
1.77999999999991	0	0	34.4535912719131
1.78099999999991	0	0	34.0821848395016
1.78199999999991	0	0	33.6042221200375
1.78299999999991	0	0	33.7725845407352
1.78399999999991	0	0	33.8266773909378
1.78499999999991	-0	-0	33.9911580333998
1.78599999999991	-0	-0	34.1152749899773
1.78699999999991	-0	-0	34.3890187248476
1.78799999999991	-0	-0	34.854038217326
1.78899999999991	0	0	34.9204604439498
1.78999999999991	0	0	34.5471193825969
1.79099999999991	0	0	34.1273824891359
1.79199999999991	0	0	33.6444883116035
1.79299999999991	0	0	33.7817994403354
1.79399999999991	0	0	33.8416137508329
1.79499999999991	-0	-0	34.0126363340995
1.79599999999991	-0	-0	34.1261553892963
1.79699999999991	-0	-0	34.3349296880699
1.79799999999991	-0	-0	34.7448468511629
1.79899999999991	0	0	34.8242926473631
1.79999999999991	0	0	34.4549330122292
1.80099999999991	0	0	34.0826114889738
1.80199999999991	0	0	33.6045290108527
1.80299999999991	0	0	33.7726051750863
1.80399999999991	0	0	33.8268582413219
1.80499999999991	-0	-0	33.9913851725099
1.80599999999991	-0	-0	34.1153995659854
1.80699999999991	-0	-0	34.3881003554256
1.80799999999991	-0	-0	34.8527550324988
1.80899999999991	0	0	34.9190861011616
1.80999999999991	0	0	34.5457860814565
1.81099999999991	0	0	34.1266736245577
1.81199999999991	0	0	33.643794690282
1.81299999999991	0	0	33.781626377738
1.81399999999991	0	0	33.8412611943321
1.81499999999991	-0	-0	34.0122210428524
1.81599999999991	-0	-0	34.1256816773829
1.81699999999991	-0	-0	34.3354526324804
1.81799999999991	-0	-0	34.7459803443081
1.81899999999991	0	0	34.8257555814373
1.81999999999991	0	0	34.4562351964535
1.82099999999991	0	0	34.0830383827474
1.82199999999991	0	0	33.6048417519535
1.82299999999991	0	0	33.7726314821011
1.82399999999991	0	0	33.8270332314616
1.82499999999991	-0	-0	33.9916207496755
1.82599999999991	-0	-0	34.1155205308594
1.82699999999991	-0	-0	34.3872053156996
1.82799999999991	-0	-0	34.8515075123039
1.82899999999991	0	0	34.9177864605425
1.82999999999991	0	0	34.5444892722596
1.83099999999991	0	0	34.1259936694736
1.83199999999991	0	0	33.6431303724275
1.83299999999991	0	0	33.7814540649735
1.83399999999991	0	0	33.8409139420282
1.83499999999991	-0	-0	34.0118114278755
1.83599999999991	-0	-0	34.1252290172829
1.83699999999991	-0	-0	34.3359691441353
1.83799999999991	-0	-0	34.747081417828
1.83899999999991	0	0	34.8270975663643
1.83999999999991	0	0	34.4575015706901
1.84099999999991	0	0	34.083467042397
1.84199999999991	0	0	33.6051653508222
1.84299999999991	0	0	33.7726724891369
1.84399999999991	0	0	33.8271753907326
1.84499999999991	-0	-0	33.9918766366828
1.84599999999991	-0	-0	34.1156563540514
1.84699999999991	-0	-0	34.3863494722896
1.84799999999991	-0	-0	34.8502923549351
1.84899999999991	0	0	34.9165317170073
1.84999999999991	0	0	34.5432456642607
1.85099999999991	0	0	34.1253329092738
1.85199999999991	0	0	33.6425015689543
1.85299999999991	0	0	33.7812868624198
1.85399999999991	0	0	33.8405821965558
1.85499999999991	-0	-0	34.0113980835484
1.85599999999991	-0	-0	34.1247873517171
1.85699999999991	-0	-0	34.3364822755088
1.85799999999991	-0	-0	34.7481280695004
1.85899999999991	0	0	34.828401242856
1.85999999999991	0	0	34.4587304580596
1.86099999999991	0	0	34.0838873608743
1.86199999999991	0	0	33.6055193539259
1.86299999999991	0	0	33.7727252609775
1.86399999999991	0	0	33.8273106370521
1.86499999999991	-0	-0	33.992132929312
1.86599999999991	-0	-0	34.1158013433369
1.86699999999991	-0	-0	34.3855803869701
1.86799999999991	-0	-0	34.8490831258896
1.8689999999999	0	0	34.9152987436228
1.8699999999999	0	0	34.5420355501297
1.8709999999999	0	0	34.1246786493627
1.8719999999999	0	0	33.6418783137189
1.8729999999999	0	0	33.7811238727543
1.8739999999999	0	0	33.8402665953409
1.8749999999999	-0	-0	34.0109942907471
1.8759999999999	-0	-0	34.1243599243445
1.8769999999999	-0	-0	34.3369713263674
1.8779999999999	-0	-0	34.7491299012392
1.8789999999999	0	0	34.829612561732
1.8799999999999	0	0	34.4599606507791
1.8809999999999	0	0	34.084338696424
1.8819999999999	0	0	33.6059132807646
1.8829999999999	0	0	33.7728068758041
1.8839999999999	0	0	33.8274751360831
1.8849999999999	-0	-0	33.9923936762725
1.8859999999999	-0	-0	34.1159586846087
1.8869999999999	-0	-0	34.3848253160267
1.8879999999999	-0	-0	34.8479142647959
1.8889999999999	0	0	34.914097692365
1.8899999999999	0	0	34.5408496472925
1.8909999999999	0	0	34.1240369391676
1.8919999999999	0	0	33.6412510343987
1.8929999999999	0	0	33.7809702409882
1.8939999999999	0	0	33.8399654166055
1.8949999999999	-0	-0	34.0105944241255
1.8959999999999	-0	-0	34.1239445804066
1.8969999999999	-0	-0	34.3374845588822
1.8979999999999	-0	-0	34.7501060205582
1.8989999999999	0	0	34.8307306104049
1.8999999999999	0	0	34.4611567253969
1.9009999999999	0	0	34.0848007987721
1.9019999999999	0	0	33.6062989915514
1.9029999999999	0	0	33.7728887876677
1.9039999999999	0	0	33.8276316739998
1.9049999999999	-0	-0	33.9926511061605
1.9059999999999	-0	-0	34.1161232805536
1.9069999999999	-0	-0	34.3840955993446
1.9079999999999	-0	-0	34.8467697937452
1.9089999999999	0	0	34.9128977257229
1.9099999999999	0	0	34.5396929662452
1.9109999999999	0	0	34.123425969801
1.9119999999999	0	0	33.6406321422456
1.9129999999999	0	0	33.7808067341469
1.9139999999999	0	0	33.8396656387844
1.9149999999999	-0	-0	34.010206819537
1.9159999999999	-0	-0	34.1235440893063
1.9169999999999	-0	-0	34.3379806466759
1.9179999999999	-0	-0	34.751056698879
1.9189999999999	0	0	34.8318219389027
1.9199999999999	0	0	34.4623302121339
1.9209999999999	0	0	34.085278025024
1.9219999999999	0	0	33.6066609944491
1.9229999999999	0	0	33.7729758782104
1.9239999999999	0	0	33.8278224093023
1.9249999999999	-0	-0	33.9929111480633
1.9259999999999	-0	-0	34.1162880397611
1.9269999999999	-0	-0	34.3833839727143
1.9279999999999	-0	-0	34.8456931096265
1.9289999999999	0	0	34.9118098062474
1.9299999999999	0	0	34.5385815230214
1.9309999999999	0	0	34.1228313592965
1.9319999999999	0	0	33.6400341662337
1.9329999999999	0	0	33.7806401872077
1.9339999999999	0	0	33.839379589468
1.9349999999999	-0	-0	34.0098336080908
1.9359999999999	-0	-0	34.1231595037554
1.9369999999999	-0	-0	34.3384650534289
1.9379999999999	-0	-0	34.751990592908
1.9389999999999	0	0	34.8328454417508
1.9399999999999	0	0	34.4635324946836
1.9409999999999	0	0	34.0857357326214
1.9419999999999	0	0	33.6069979738748
1.9429999999999	0	0	33.7730607709013
1.9439999999999	0	0	33.8280231583998
1.9449999999999	-0	-0	33.993163171408
1.9459999999999	-0	-0	34.1164462193198
1.9469999999999	-0	-0	34.3826952094912
1.9479999999999	-0	-0	34.8446225956378
1.9489999999999	0	0	34.9106938578622
1.9499999999999	0	0	34.5374931648506
1.9509999999999	0	0	34.1222412088822
1.9519999999999	0	0	33.6394504105994
1.9529999999999	0	0	33.7804454054991
1.9539999999999	0	0	33.83909846564
1.9549999999999	-0	-0	34.0094686654508
1.9559999999999	-0	-0	34.122787396885
1.9569999999999	-0	-0	34.3389593072038
1.9579999999999	-0	-0	34.7529202376427
1.9589999999999	0	0	34.8338411670787
1.95999999999989	0	0	34.4646718358221
1.96099999999989	0	0	34.0861751004633
1.96199999999989	0	0	33.6073245475017
1.96299999999989	0	0	33.7731341888297
1.96399999999989	0	0	33.8282465075085
1.96499999999989	-0	-0	33.9933982767064
1.96599999999989	-0	-0	34.116603135695
1.96699999999989	-0	-0	34.381969331217
1.96799999999989	-0	-0	34.8435873673075
1.96899999999989	0	0	34.9096047004677
1.96999999999989	0	0	34.5364567359345
1.97099999999989	0	0	34.1216687620446
1.97199999999989	0	0	33.6388880078322
1.97299999999989	0	0	33.7802547790166
1.97399999999989	0	0	33.8388309870949
1.97499999999989	-0	-0	34.0091167186113
1.97599999999989	-0	-0	34.1224285028143
1.97699999999989	-0	-0	34.3394384658519
1.97799999999989	-0	-0	34.7538173570077
1.97899999999989	0	0	34.8349149807744
1.97999999999989	0	0	34.4657057566167
1.98099999999989	0	0	34.0865589605745
1.98199999999989	0	0	33.6075995569012
1.98299999999989	0	0	33.7731631635555
1.98399999999989	0	0	33.8284367135656
1.98499999999989	-0	-0	33.9935870217973
1.98599999999989	-0	-0	34.1167276346334
1.98699999999989	-0	-0	34.3812832834088
1.98799999999989	-0	-0	34.8425534917876
1.98899999999989	0	0	34.9084647523272
1.98999999999989	0	0	34.5354500294977
1.99099999999989	0	0	34.1211241830577
1.99199999999989	0	0	33.6383620167848
1.99299999999989	0	0	33.7801026414905
1.99399999999989	0	0	33.8385775933396
1.99499999999989	-0	-0	34.0087817481026
1.99599999999989	-0	-0	34.1220865557928
1.99699999999989	-0	-0	34.3399116459901
1.99799999999989	-0	-0	34.754688495354
1.99899999999989	0	0	34.8360129466005
2	0	0	34.4666845798615
