"Time [s]"	"factor_puissance []"
0	0.00508892541805668
0.001	0.0361706968056762
0.002	0.149008972225981
0.003	0.319508429542528
0.004	0.5087814153969
0.005	0.695034749810437
0.006	0.860562431582823
0.007	0.983915005393845
0.008	1.05096693500804
0.009	1.06271084298523
0.01	1.0278129161374
0.011	0.952948920959043
0.012	0.848259928124613
0.013	0.728985495015269
0.014	0.611768177398049
0.015	0.502538234356379
0.016	0.411355493092095
0.017	0.341921626211804
0.018	0.298223273496433
0.019	0.274849126460924
0.02	0.276182585670148
0.021	0.297418494284016
0.022	0.329867883550588
0.023	0.375468341093099
0.024	0.424578682180016
0.025	0.475086919231784
0.026	0.520497390238944
0.027	0.560499085608297
0.028	0.583652422226285
0.029	0.587429549262201
0.03	0.580171968090871
0.031	0.562911471968831
0.032	0.5361901565303
0.033	0.508631948680904
0.034	0.485563789395387
0.035	0.464929545911834
0.036	0.447200469090663
0.037	0.428172344601813
0.038	0.415925725332427
0.039	0.40857473795079
0.04	0.408716741703953
0.041	0.41955200167186
0.042	0.425113110791584
0.043	0.436946164193843
0.044	0.447442647695472
0.045	0.461272461186968
0.046	0.476288016765996
0.047	0.49358682685588
0.048	0.503291444342766
0.049	0.50249824100746
0.05	0.497815208039201
0.051	0.489769264093842
0.052	0.477460194380706
0.053	0.469107637280176
0.054	0.465637557843274
0.055	0.463840468959548
0.056	0.461057108172748
0.057	0.453898296914982
0.058	0.447865125421689
0.059	0.444322406563704
0.06	0.442878498171172
0.061	0.449889778836085
0.062	0.448372074994354
0.063	0.452090347907466
0.064	0.45375797340431
0.065	0.458919704899048
0.066	0.466623380783704
0.067	0.478612369559137
0.068	0.485473248655773
0.069	0.483878773745444
0.07	0.479292790802732
0.071	0.472809918085636
0.0720000000000001	0.463595939859211
0.0730000000000001	0.459646837922072
0.0740000000000001	0.460499339511446
0.0750000000000001	0.462918429643451
0.0760000000000001	0.463617482663199
0.0770000000000001	0.459535061390853
0.0780000000000001	0.455553971600732
0.0790000000000001	0.452827340524809
0.0800000000000001	0.450761409853145
0.0810000000000001	0.456122529894406
0.0820000000000001	0.452721580894713
0.0830000000000001	0.454672101230432
0.0840000000000001	0.454537861809218
0.0850000000000001	0.457731004701764
0.0860000000000001	0.463531817337255
0.0870000000000001	0.474145252115575
0.0880000000000001	0.480611270463785
0.0890000000000001	0.479081239113196
0.0900000000000001	0.474332661573795
0.0910000000000001	0.467990319306333
0.0920000000000001	0.45955445784938
0.0930000000000001	0.456728539964749
0.0940000000000001	0.458507154490569
0.0950000000000001	0.461866663587426
0.0960000000000001	0.463462559953664
0.0970000000000001	0.460412185657088
0.0980000000000001	0.457449748832689
0.0990000000000001	0.455091083789134
0.1	0.452692358240681
0.101	0.456904235708653
0.102	0.453015778689498
0.103	0.454617233375777
0.104	0.454224816493873
0.105	0.456966502483411
0.106	0.462071552181948
0.107	0.472166977330514
0.108	0.478703029054498
0.109	0.477382739063568
0.11	0.472497236880436
0.111	0.46601283591161
0.112	0.4579514487264
0.113	0.45547478073363
0.114	0.457411447436243
0.115	0.460947012783457
0.116	0.462826782254052
0.117	0.460280720914747
0.118	0.458072181626011
0.119	0.455888138776963
0.12	0.453315964813705
0.121	0.456630981954854
0.122	0.452529033664389
0.123	0.454126764203504
0.124	0.45379587301446
0.125	0.456424730299049
0.126	0.461127857017366
0.127	0.470884317102535
0.128	0.477543894903714
0.129	0.476440797326654
0.13	0.471467061962214
0.131	0.464759954874584
0.132	0.457077391496237
0.133	0.454748226826773
0.134	0.456671754224808
0.135	0.46020218862096
0.136	0.462199284848439
0.137	0.459988674724184
0.138	0.458396565365275
0.139	0.456387597494979
0.14	0.453644061524155
0.141	0.456214952455534
0.142	0.451992495508657
0.143	0.453626637242364
0.144	0.453410185839251
0.145	0.456011537204674
0.146	0.460411736125645
0.147	0.469873431562667
0.148	0.476627816257062
0.149	0.475731165839389
0.15	0.470702104612972
0.151	0.463848470790724
0.152	0.456425621766404
0.153	0.454231682672096
0.154	0.456112843425359
0.155	0.459595197967838
0.156	0.461654365791888
0.157	0.459701083430588
0.158	0.458636663473591
0.159	0.45678905762115
0.16	0.453891818741888
0.161	0.455846249369645
0.162	0.451562841616042
0.163	0.452654504576722
0.164	0.453174939988202
0.165	0.45569612974655
0.166	0.459816909702296
0.167	0.468996189976251
0.168	0.475834655750909
0.169	0.475087083994968
0.17	0.470021564991444
0.171	0.463115855903103
0.172	0.45585877715537
0.173	0.453817261195632
0.174	0.455644279880276
0.175	0.459080514231698
0.176	0.461180437020906
0.177	0.459446619103266
0.178	0.458852248463394
0.179	0.457149671087363
0.18	0.454133042695947
0.181	0.45551495621211
0.182	0.451089571012981
0.183	0.452917217005163
0.184	0.452926532484638
0.185	0.455475756447849
0.186	0.459389822923136
0.187	0.468306918650779
0.188	0.475193438488763
0.189	0.474589123071509
0.19	0.469494958314941
0.191	0.46254715096037
0.192	0.455403583115888
0.193	0.453497396824707
0.194	0.455258539592144
0.195	0.458634996843767
0.196	0.460747967759296
0.197	0.45919672911607
0.198	0.459012579825078
0.199	0.457435624846704
0.2	0.45432376822323
0.201	0.455287840032686
0.202	0.4507227879863
0.203	0.452637551176096
0.204	0.452792344891121
0.205	0.455275235517229
0.206	0.458972951640245
0.207	0.467648751137364
0.208	0.474575934223533
0.209	0.474109545500975
0.21	0.469001984423959
0.211	0.462037012327585
0.212	0.45499796860697
0.213	0.453237903793533
0.214	0.454949805116114
0.215	0.458265112257775
0.216	0.460383929543535
0.217	0.45899519757163
0.218	0.459172749850637
0.219	0.457723598612936
0.22	0.454513747861294
0.221	0.45511260283704
0.222	0.450401774961022
0.223	0.452401973790741
0.224	0.452542291900625
0.225	0.455079505680275
0.226	0.458630555905232
0.227	0.46707489546583
0.228	0.474026276828726
0.229	0.473679584832471
0.23	0.468562200132748
0.231	0.461592483307537
0.232	0.45462934583814
0.233	0.453006573789065
0.234	0.45467883001657
0.235	0.457942475198887
0.236	0.460056107175616
0.237	0.458814701843979
0.238	0.459318116674637
0.239	0.45800046275849
0.24	0.454693005023369
0.241	0.454964913633624
0.242	0.450110293904209
0.243	0.452213314128015
0.244	0.452386742162619
0.245	0.454924925522191
0.246	0.458324468408071
0.247	0.466554298378285
0.248	0.473517129624506
0.249	0.473283928975408
0.25	0.468159412336641
0.251	0.461195216416428
0.252	0.454291978975539
0.253	0.452808931194135
0.254	0.454442249705804
0.255	0.457657397444713
0.256	0.459761369115301
0.257	0.458656951553182
0.258	0.459454509901468
0.259	0.458278669435559
0.26	0.454858922145418
0.261	0.45483890898158
0.262	0.449873370366551
0.263	0.452046567958169
0.264	0.452270891947024
0.265	0.454781569095666
0.266	0.458049104647522
0.267	0.466075876261615
0.268	0.473042171189708
0.269	0.472917617002752
0.27	0.467794141814574
0.271	0.460837618694289
0.272	0.453976882981411
0.273	0.452642330054524
0.274	0.454237481944834
0.275	0.457405905536911
0.276	0.459495858119621
0.277	0.458519314254286
0.278	0.459582968140799
0.279	0.45853673952317
0.28	0.454860580619871
0.281	0.454772831754003
0.282	0.449720755253762
0.283	0.451908232640617
0.284	0.452162603652526
0.285	0.454652180126821
0.286	0.457800070966713
0.287	0.46563398266391
0.288	0.472598850769286
0.289	0.472563485311151
0.29	0.467377396150479
0.291	0.460520339119386
0.292	0.453712137414248
0.293	0.452506753112962
0.294	0.454070482612656
0.295	0.457186911734817
0.296	0.459259818680319
0.297	0.458401904750109
0.298	0.459712547422545
0.299	0.458784728813396
0.3	0.45503169649799
0.301	0.454668023110489
0.302	0.449548899498187
0.303	0.451774476780091
0.304	0.452058292619328
0.305	0.45453416858444
0.306	0.457576619045638
0.307	0.465231602095122
0.308	0.472197035082055
0.309	0.472244304619229
0.31	0.467063251573839
0.311	0.460213019223253
0.312	0.453447396396095
0.313	0.452375016037352
0.314	0.453907349486757
0.315	0.456980993466556
0.316	0.459036808477483
0.317	0.458292210613701
0.318	0.459837395834668
0.319	0.459013975933191
0.32	0.455184649595894
0.321	0.454592489119604
0.322	0.4493991868655
0.323	0.451661536073031
0.324	0.451967297750632
0.325	0.454429680706012
0.326	0.457375970148915
0.327	0.464862454624212
0.328	0.471824903544801
0.329	0.471944843813459
0.33	0.466770849008721
0.331	0.459937852630321
0.332	0.453195941171741
0.333	0.452254309906264
0.334	0.453755542166377
0.335	0.456791295041275
0.336	0.458830352318914
0.337	0.458191839163662
0.338	0.459957111829107
0.339	0.459233391606067
0.34	0.455329981614247
0.341	0.454530215115924
0.342	0.44926794312614
0.343	0.451557772261984
0.344	0.451886274181716
0.345	0.45433543629896
0.346	0.457195033876563
0.347	0.464527813412785
0.348	0.471477943536542
0.349	0.471663291346978
0.35	0.466496166198025
0.351	0.459683281396863
0.352	0.452962723197532
0.353	0.452143664437435
0.354	0.453621173647544
0.355	0.456616424376442
0.356	0.458637753238357
0.357	0.45810159210055
0.358	0.460072657538633
0.359	0.459440771471195
0.36	0.455474392691246
0.361	0.454480477425809
0.362	0.449145093226139
0.363	0.451471231214433
0.364	0.451816813515559
0.365	0.45425372275574
0.366	0.457031316192264
0.367	0.464210972627732
0.368	0.471157449001319
0.369	0.47139950237611
0.37	0.466239535778905
0.371	0.459448347973434
0.372	0.452744096473788
0.373	0.452041967401271
0.374	0.453501006373844
0.375	0.456454188171083
0.376	0.458457844032139
0.377	0.4580184643977
0.378	0.460182435674999
0.379	0.459638116953452
0.38	0.455615176146627
0.381	0.454437401220458
0.382	0.44903946699118
0.383	0.451392894863281
0.384	0.451750331440979
0.385	0.454178199790889
0.386	0.456881514236449
0.387	0.463921325532868
0.388	0.470857271503353
0.389	0.471147150971647
0.39	0.465995918968387
0.391	0.459227721059242
0.392	0.452539270948765
0.393	0.451950314689305
0.394	0.453384071407572
0.395	0.456304472729606
0.396	0.458290606378597
0.397	0.457943758148738
0.398	0.460268031701871
0.399	0.459829277237226
0.4	0.455743056608948
0.401	0.454396034776135
0.402	0.448936245202593
0.403	0.451316905114919
0.404	0.451696097182802
0.405	0.454106534975335
0.406	0.456741107128069
0.407	0.463648337611948
0.408	0.470409766225897
0.409	0.470973904543303
0.41	0.465733979180571
0.411	0.458990260632923
0.412	0.452311413460552
0.413	0.451830755442954
0.414	0.45324604522731
0.415	0.45614042523841
0.416	0.458114526097419
0.417	0.457864192354865
0.418	0.460365495417626
0.419	0.46000305926798
0.42	0.45587648384089
0.421	0.45437501596594
0.422	0.448994888182234
0.423	0.450714446174424
0.424	0.451741308310029
0.425	0.454046715054095
0.426	0.456585406676138
0.427	0.463364248869462
0.428	0.470097432128159
0.429	0.470707982628222
0.43	0.465474423413851
0.431	0.458758787954527
0.432	0.452101934852456
0.433	0.45173213491849
0.434	0.453132212051838
0.435	0.456008795341695
0.436	0.457973333692129
0.437	0.457816561005297
0.438	0.460486021965677
0.439	0.460192386737119
0.44	0.456018124193133
0.441	0.454365415795213
0.442	0.448791891644098
0.443	0.451226473835508
0.444	0.451632103941374
0.445	0.453997338116782
0.446	0.456504761846497
0.447	0.463159323855305
0.448	0.469884398560397
0.449	0.470524430792399
0.45	0.465293627437047
0.451	0.458595635993255
0.452	0.451947338492682
0.453	0.451663814919805
0.454	0.453037264641531
0.455	0.45588147942485
0.456	0.45782487328461
0.457	0.457750077144668
0.458	0.460575335679649
0.459	0.460340762403395
0.46	0.456128542115189
0.461	0.454335827052995
0.462	0.448725311372013
0.463	0.451167978767568
0.464	0.451598464141254
0.465	0.4539434369416
0.466	0.456399583499613
0.467	0.462934375414609
0.468	0.469657998881699
0.469	0.47032724708842
0.47	0.465104015587122
0.471	0.458431073459665
0.472	0.4517931938372
0.473	0.45159925684103
0.474	0.452948999430708
0.475	0.455766218345102
0.476	0.457692410829629
0.477	0.457700507415294
0.478	0.460673922703763
0.479	0.460489152019422
0.48	0.456242690230796
0.481	0.454316214526966
0.482	0.448666171995326
0.483	0.451118881845593
0.484	0.451575831110939
0.485	0.453889814081369
0.486	0.456298054876406
0.487	0.462728151740552
0.488	0.469435475856079
0.489	0.470133771387899
0.49	0.464916799269543
0.491	0.458270676889542
0.492	0.4516424057467
0.493	0.45153684098781
0.494	0.452866766614912
0.495	0.455658406446549
0.496	0.457569298917762
0.497	0.45765971956233
0.498	0.46077234196261
0.499	0.460632532573948
0.5	0.456356500474739
0.501	0.454303055760822
0.502	0.448608968180434
0.503	0.451077880251261
0.504	0.451555722247968
0.505	0.453844629015644
0.506	0.456204713964693
0.507	0.46253457052827
0.508	0.469224644212225
0.509	0.469943563715529
0.51	0.464737344345192
0.511	0.458118598691091
0.512	0.451497612657057
0.513	0.451479004541536
0.514	0.452788579635008
0.515	0.455556141867356
0.516	0.457452864197901
0.517	0.457624426112007
0.518	0.460868535965913
0.519	0.460777111650075
0.52	0.456472079627969
0.521	0.454294132144441
0.522	0.448572355221554
0.523	0.451036724070342
0.524	0.451528057855898
0.525	0.453800341996022
0.526	0.456117209447823
0.527	0.462343961202146
0.528	0.469025561351317
0.529	0.46976540791236
0.53	0.4645680222876
0.531	0.457974278087637
0.532	0.451361502801912
0.533	0.451425057103108
0.534	0.452716666229584
0.535	0.455461616996411
0.536	0.457344111021453
0.537	0.457595591964729
0.538	0.460958676173247
0.539	0.460918975303193
0.54	0.456590265318706
0.541	0.454284028811302
0.542	0.448527796713137
0.543	0.45100013006381
0.544	0.451509153120587
0.545	0.453762635011896
0.546	0.456103056364311
0.547	0.462123213262468
0.548	0.468830640335867
0.549	0.469597332064272
0.55	0.464403168748683
0.551	0.457835876386721
0.552	0.451229409566855
0.553	0.451374229521595
0.554	0.452649972605986
0.555	0.455373683212077
0.556	0.457243508518029
0.557	0.457573961171793
0.558	0.461048862799709
0.559	0.461060449721564
0.56	0.456702241512331
0.561	0.454280832835401
0.562	0.44849162007864
0.563	0.450967972049641
0.564	0.451462842267402
0.565	0.45373384413695
0.566	0.45603057230292
0.567	0.461956708529772
0.568	0.468652902583189
0.569	0.469443744154881
0.57	0.464251609273626
0.571	0.457709184538593
0.572	0.451106952487892
0.573	0.4513273117903
0.574	0.452586203822501
0.575	0.455288094796283
0.576	0.457145095857903
0.577	0.457551463497371
0.578	0.461133502454794
0.579	0.461194183793712
0.58	0.456803008133878
0.581	0.454278734286956
0.582	0.448459181988151
0.583	0.450937415002993
0.584	0.451444815434313
0.585	0.453703726774098
0.586	0.455961803800582
0.587	0.461803781892308
0.588	0.468477271316165
0.589	0.469296041634887
0.59	0.464105531873895
0.591	0.457588379939294
0.592	0.450991406003494
0.593	0.451282642863586
0.594	0.452526082069426
0.595	0.455206117126613
0.596	0.457051337411405
0.597	0.457534794287007
0.598	0.46121808192065
0.599	0.461318697459231
0.6	0.456887170036251
0.601	0.454278517917888
0.602	0.448430338602467
0.603	0.450912806180184
0.604	0.451419267927352
0.605	0.453677065413872
0.606	0.455899260172049
0.607	0.461659518665095
0.608	0.468307700934637
0.609	0.469158010372993
0.61	0.463968117347615
0.611	0.457475377266862
0.612	0.450882644593425
0.613	0.451241004290401
0.614	0.452469473195801
0.615	0.455128836225074
0.616	0.456962377271482
0.617	0.457518684400728
0.618	0.461299999694715
0.619	0.461438277673962
0.62	0.456977789565152
0.621	0.454277514872783
0.622	0.44840647341891
0.623	0.450887695976701
0.624	0.451406414859613
0.625	0.453650728597102
0.626	0.455839904584717
0.627	0.461517220833492
0.628	0.468147077282321
0.629	0.469026314879742
0.63	0.463838184161046
0.631	0.457368420262193
0.632	0.45077950414797
0.633	0.451202964035658
0.634	0.452412596268356
0.635	0.455056687917129
0.636	0.456878584243206
0.637	0.457506087510539
0.638	0.461380957816692
0.639	0.461552405602269
0.64	0.457065591693442
0.641	0.454276917522019
0.642	0.448385359043769
0.643	0.450866188115838
0.644	0.451399351718176
0.645	0.453625162159226
0.646	0.455783219088683
0.647	0.461381375584021
0.648	0.467993573254731
0.649	0.46889910480075
0.65	0.463713198559581
0.651	0.457265302527888
0.652	0.450681287483919
0.653	0.451167855484123
0.654	0.452357089665606
0.655	0.454988430169435
0.656	0.456799028542544
0.657	0.457497845528234
0.658	0.461458958037102
0.659	0.461664048098872
0.66	0.457158412716074
0.661	0.454275951982912
0.662	0.448362833744119
0.663	0.450845668625764
0.664	0.451397532282133
0.665	0.453600600219738
0.666	0.455729900212239
0.667	0.461252204781273
0.668	0.467850804524219
0.669	0.468775264874517
0.67	0.46359269681698
0.671	0.45716731566835
0.672	0.450587538710228
0.673	0.45113503415215
0.674	0.452303310412424
0.675	0.454923086211553
0.676	0.456722734113629
0.677	0.457493851969925
0.678	0.461533213286078
0.679	0.461771251328003
0.68	0.457251803881912
0.681	0.454276259126648
0.682	0.448338969777103
0.683	0.450828144847532
0.684	0.451385668195426
0.685	0.453582221450645
0.686	0.45568202749841
0.687	0.461129926483676
0.688000000000001	0.467713914508879
0.689000000000001	0.468657814248546
0.690000000000001	0.463477847273532
0.691000000000001	0.457071737769325
0.692000000000001	0.450499215508883
0.693000000000001	0.451104034129971
0.694000000000001	0.452249551407426
0.695000000000001	0.454860818770401
0.696000000000001	0.456649442431397
0.697000000000001	0.457490806245897
0.698000000000001	0.461599399680859
0.699000000000001	0.461874535269522
0.700000000000001	0.45734388144036
0.701000000000001	0.454280028457365
0.702000000000001	0.4483166678265
0.703000000000001	0.450815157861285
0.704000000000001	0.451376588760322
0.705000000000001	0.453567277420505
0.706000000000001	0.455638308243273
0.707000000000001	0.461099558572759
0.708000000000001	0.467570821169144
0.709000000000001	0.468528424494916
0.710000000000001	0.463359314989636
0.711000000000001	0.456972459926042
0.712000000000001	0.450409965395648
0.713000000000001	0.451072177596217
0.714000000000001	0.452196823324059
0.715000000000001	0.454801952088533
0.716000000000001	0.456580976693356
0.717000000000001	0.45749219437915
0.718000000000001	0.46166880353312
0.719000000000001	0.461975528510804
0.720000000000001	0.457437708733652
0.721000000000001	0.454286761416883
0.722000000000001	0.44830476587999
0.723000000000001	0.450800928002966
0.724000000000001	0.451366708482901
0.725000000000001	0.453551984338549
0.726000000000001	0.455595332426906
0.727000000000001	0.460905868384746
0.728000000000001	0.467457691421142
0.729000000000001	0.468433600844199
0.730000000000001	0.463259672779781
0.731000000000001	0.456891734145161
0.732000000000001	0.450332776578463
0.733000000000001	0.451046889761637
0.734000000000001	0.452149304940253
0.735000000000001	0.454744289004198
0.736000000000001	0.456511954003706
0.737000000000001	0.457490581851169
0.738000000000001	0.461733877097662
0.739000000000001	0.462064735362193
0.740000000000001	0.457517086018423
0.741000000000001	0.454287582076044
0.742000000000001	0.448305165360552
0.743000000000001	0.45078051711946
0.744000000000001	0.451357702833028
0.745000000000001	0.453534653846496
0.746000000000001	0.455553952150539
0.747000000000001	0.460800799972486
0.748000000000001	0.467336530080146
0.749000000000001	0.468329428566471
0.750000000000001	0.463157992101808
0.751000000000001	0.45681026830138
0.752000000000001	0.450257734246651
0.753000000000001	0.451022493300023
0.754000000000001	0.452106685987116
0.755000000000001	0.454690566485358
0.756000000000001	0.456447647178474
0.757000000000001	0.45749051254858
0.758000000000001	0.461801060209858
0.759000000000001	0.462152455352797
0.760000000000001	0.457594756304172
0.761000000000001	0.454295053262974
0.762000000000001	0.448295510277892
0.763000000000001	0.450764054336966
0.764000000000001	0.451354079352535
0.765000000000001	0.453518966466678
0.766000000000001	0.455515710013316
0.767000000000001	0.460701289680835
0.768000000000001	0.467220378840073
0.769000000000001	0.468227940255438
0.770000000000001	0.463059740570416
0.771000000000001	0.45673038466008
0.772000000000001	0.450185223306839
0.773000000000001	0.450998242003228
0.774000000000001	0.452066775232861
0.775000000000001	0.45463898424321
0.776000000000001	0.456385812908399
0.777000000000001	0.457493827681917
0.778000000000001	0.461865606932069
0.779000000000001	0.462246350611628
0.780000000000001	0.457668699829321
0.781000000000001	0.454303291398478
0.782000000000001	0.448280723153803
0.783000000000001	0.450750268952179
0.784000000000001	0.451354999803102
0.785000000000001	0.453504153220527
0.786000000000001	0.455479839508638
0.787000000000001	0.460608217459086
0.788000000000001	0.467107962154013
0.789000000000001	0.468129673829022
0.790000000000001	0.46296427936014
0.791000000000001	0.456655377403648
0.792000000000001	0.450115974198998
0.793000000000001	0.450975846183471
0.794000000000001	0.452029531074462
0.795000000000001	0.454589526882956
0.796000000000001	0.45632604205034
0.797000000000001	0.457497284237705
0.798000000000001	0.461928608758481
0.799000000000001	0.462335157093828
0.800000000000001	0.457740410130883
0.801000000000001	0.454312402880276
0.802000000000001	0.448268561076528
0.803000000000001	0.450742845153745
0.804000000000001	0.451356501386473
0.805000000000001	0.453489974407132
0.806000000000001	0.455445793985577
0.807000000000001	0.460517384582433
0.808000000000001	0.467000445656595
0.809000000000001	0.468036977217629
0.810000000000001	0.46287346347228
0.811000000000001	0.456583968474373
0.812000000000001	0.450049869583852
0.813000000000001	0.450954880513692
0.814000000000001	0.451995387229426
0.815000000000001	0.454542211937146
0.816000000000001	0.456268534736027
0.817000000000001	0.457501151827823
0.818000000000001	0.461992007966895
0.819000000000001	0.462417613455705
0.820000000000001	0.457808834069156
0.821000000000001	0.454320665844486
0.822000000000001	0.448258432439531
0.823000000000001	0.450732358599001
0.824000000000001	0.451354182510419
0.825000000000001	0.453478463553128
0.826000000000001	0.455414862891895
0.827000000000001	0.460431218117243
0.828000000000001	0.466898641135878
0.829000000000001	0.467948525493642
0.830000000000001	0.462786381543361
0.831000000000001	0.45651584776954
0.832000000000001	0.449986900683858
0.833000000000001	0.450935106727893
0.834000000000001	0.451963066825468
0.835000000000001	0.454497084812778
0.836000000000001	0.456213065708885
0.837000000000001	0.457507814095788
0.838000000000001	0.462056388237026
0.839000000000001	0.46249322098196
0.840000000000001	0.457873631941423
0.841000000000001	0.454326966485587
0.842000000000001	0.448246171759603
0.843000000000001	0.450721990118916
0.844000000000001	0.451364373812673
0.845000000000001	0.453483552503599
0.846000000000001	0.455381917574218
0.847000000000001	0.460346886952064
0.848000000000001	0.46679786790102
0.849000000000001	0.467861302617532
0.850000000000001	0.462701700503133
0.851000000000001	0.45645020016517
0.852000000000001	0.449926797456293
0.853000000000001	0.450917282841282
0.854000000000001	0.451933258953821
0.855000000000001	0.454455646556028
0.856000000000001	0.456161022486272
0.857000000000001	0.457514186778107
0.858000000000001	0.462115475192157
0.859000000000001	0.462571524396871
0.860000000000001	0.457940867097127
0.861000000000001	0.45433542100975
0.862000000000001	0.448237059314043
0.863000000000001	0.450714130598198
0.864000000000001	0.451331768663174
0.865000000000001	0.453463266726862
0.866000000000001	0.455361925061313
0.867000000000001	0.460274377721058
0.868000000000001	0.466708186479823
0.869000000000001	0.467782826729663
0.870000000000001	0.462623698317469
0.871000000000001	0.456389093645014
0.872000000000001	0.449869178192407
0.873000000000001	0.450897700547441
0.874000000000001	0.451902393584586
0.875000000000001	0.45441290549761
0.876000000000001	0.456108160387159
0.877000000000001	0.457520280318116
0.878000000000001	0.46217209984349
0.879000000000001	0.462641161580299
0.880000000000001	0.458001199186919
0.881000000000001	0.454343361894568
0.882000000000001	0.448231008622964
0.883000000000001	0.450706122097341
0.884000000000001	0.451307501802041
0.885000000000001	0.453459640707838
0.886000000000001	0.455342077017084
0.887000000000001	0.460206931566793
0.888000000000001	0.466620731420126
0.889000000000001	0.467705353032479
0.890000000000001	0.462547495414162
0.891000000000001	0.456330837628933
0.892000000000001	0.449813615094132
0.893000000000001	0.450878897996682
0.894000000000001	0.451872899257545
0.895000000000001	0.454372094143159
0.896000000000001	0.456057667629562
0.897000000000001	0.457527545207644
0.898000000000001	0.462226918129172
0.899000000000001	0.46270814832685
0.900000000000001	0.458061560913275
0.901000000000001	0.454351922857126
0.902000000000001	0.44822638282593
0.903000000000001	0.450698086045824
0.904000000000001	0.451289431833443
0.905000000000001	0.453456194400077
0.906000000000001	0.455322965150876
0.907000000000001	0.460141853186071
0.908000000000001	0.466536540462328
0.909000000000001	0.467629967074075
0.910000000000001	0.462473914387182
0.911000000000001	0.456275051602785
0.912000000000001	0.449760912889309
0.913000000000001	0.450861053087564
0.914000000000001	0.451845162456255
0.915000000000001	0.454333382634082
0.916000000000001	0.456009692587034
0.917000000000001	0.457535093100763
0.918000000000001	0.462279133189037
0.919000000000001	0.462776190237238
0.920000000000001	0.458117248314466
0.921000000000001	0.454360937376164
0.922000000000001	0.448222253338199
0.923000000000001	0.450691048290011
0.924000000000001	0.451281405480126
0.925000000000001	0.453451949389869
0.926000000000001	0.455303912131147
0.927000000000001	0.460075607283988
0.928000000000001	0.466453903867277
0.929000000000001	0.467556541710372
0.930000000000001	0.462402887810709
0.931000000000001	0.456222355439583
0.932000000000001	0.449710705961966
0.933000000000001	0.450844205215357
0.934000000000001	0.451818781778814
0.935000000000001	0.45429689952939
0.936000000000001	0.455964291657166
0.937000000000001	0.457542969856073
0.938000000000001	0.462330769351751
0.939000000000001	0.462839711215682
0.940000000000001	0.458174324002378
0.941000000000001	0.454370548463967
0.942000000000001	0.448218441093385
0.943000000000001	0.450685391460373
0.944000000000001	0.451274329731017
0.945000000000001	0.453447580002427
0.946000000000001	0.455286257480276
0.947000000000001	0.460009456410174
0.948000000000001	0.466375817874312
0.949000000000001	0.467487377850194
0.950000000000001	0.462335231494767
0.951000000000001	0.456172387495968
0.952000000000001	0.449662899000287
0.953000000000001	0.450828756146573
0.954000000000001	0.451793947744615
0.955000000000001	0.454262489135833
0.956000000000001	0.455921223081729
0.957000000000001	0.457552231149356
0.958000000000001	0.462380807286078
0.959000000000001	0.462898770103414
0.960000000000001	0.458230352070619
0.961000000000001	0.454380858406425
0.962000000000001	0.448215016685943
0.963000000000001	0.450681195726183
0.964000000000001	0.45127112898636
0.965000000000001	0.453442928548221
0.966000000000001	0.455269274622328
0.967000000000001	0.459947924489147
0.968000000000001	0.466301118473247
0.969000000000001	0.467420569411546
0.970000000000001	0.462269116602983
0.971000000000001	0.456262398389268
0.972000000000001	0.449568222214177
0.973000000000001	0.450804425186808
0.974000000000001	0.451761342515549
0.975000000000001	0.45422168677887
0.976000000000001	0.455874717122392
0.977000000000001	0.457557539154805
0.978000000000001	0.462428235973942
0.979000000000001	0.462959465404817
0.980000000000001	0.458289399347594
0.981000000000001	0.454397762183273
0.982000000000001	0.448220274807792
0.983000000000001	0.450682185793999
0.984000000000001	0.451274346822954
0.985000000000001	0.45344341198497
0.986000000000001	0.455256307872505
0.987000000000001	0.459896999738988
0.988000000000001	0.466226536935979
0.989000000000001	0.467353233249338
0.990000000000001	0.46220326380093
0.991000000000001	0.456211662712188
0.992000000000001	0.449519777184473
0.993000000000001	0.450787037833889
0.994000000000001	0.451735230353404
0.995000000000001	0.454188400938477
0.996000000000001	0.455834341958553
0.997000000000001	0.457565660164609
0.998000000000001	0.462474183307761
0.999000000000001	0.463019092607674
1	0.458343458589459
1.001	0.454410983201843
1.002	0.448223443155356
1.003	0.450679244486823
1.004	0.45127286266782
1.005	0.453441807338328
1.006	0.455242513817529
1.007	0.459839555610337
1.008	0.466156459315391
1.009	0.467291105948121
1.01	0.462142565212241
1.011	0.456166618682194
1.012	0.449476845132425
1.013	0.450772895067045
1.014	0.451712717168361
1.015	0.454158328266128
1.016	0.455796937602653
1.017	0.457574700110148
1.018	0.462520319715233
1.019	0.463076178444909
1.02	0.458397237778367
1.021	0.45442155275776
1.022	0.448224677375794
1.023	0.450673796679919
1.024	0.451269754168724
1.025	0.453439098533109
1.026	0.455229329919666
1.027	0.459786161344028
1.028	0.466089839954821
1.029	0.46723105979721
1.03	0.462083895422015
1.031	0.456124204002722
1.032	0.449436820238902
1.033	0.450759956393112
1.034	0.451691897489031
1.035	0.454130147756709
1.036	0.45576168627763
1.037	0.457583962838294
1.038	0.462565768521346
1.039	0.463132610712299
1.04	0.45844859004418
1.041	0.454431206938927
1.042	0.448224667805046
1.043	0.450668581842976
1.044	0.451265993872769
1.045	0.453436711870427
1.046	0.455217005132713
1.047	0.4597385322012
1.048	0.46625690836806
1.049	0.467122113092616
1.05	0.46205183440416
1.051	0.455987353919685
1.05199999999999	0.449473016175624
1.05299999999999	0.450784166410273
1.05399999999999	0.451711598038112
1.05499999999999	0.454137829438676
1.05599999999999	0.455755511296785
1.05699999999999	0.457612044298445
1.05799999999999	0.462618259312058
1.05899999999999	0.463189170041084
1.05999999999999	0.45849396243095
1.06099999999999	0.454428540199679
1.06199999999999	0.448207639509342
1.06299999999999	0.450646897198807
1.06399999999999	0.451247407589336
1.06499999999999	0.453418948418969
1.06599999999999	0.455192516987373
1.06699999999999	0.459679987293788
1.06799999999999	0.466189995075123
1.06899999999999	0.46706344802328
1.06999999999999	0.461997576307562
1.07099999999999	0.455952684730098
1.07199999999999	0.449443732899257
1.07299999999999	0.450780049516715
1.07399999999999	0.451700880351607
1.07499999999999	0.454119440346195
1.07599999999999	0.455729637877376
1.07699999999999	0.457626114183586
1.07799999999999	0.462663518146019
1.07899999999999	0.463243691362939
1.07999999999999	0.458541832146835
1.08099999999999	0.454434907926817
1.08199999999999	0.448204090765377
1.08299999999999	0.450639385734347
1.08399999999999	0.451242942507075
1.08499999999999	0.453414038721903
1.08599999999999	0.45517902717124
1.08699999999999	0.459629384354596
1.08799999999999	0.466129831927293
1.08899999999999	0.467004358301793
1.08999999999999	0.461945960152198
1.09099999999999	0.455916340019671
1.09199999999999	0.449410965121986
1.09299999999999	0.45077079984458
1.09399999999999	0.451685434861765
1.09499999999999	0.454097212632694
1.09599999999999	0.455701097511083
1.09699999999999	0.457636437018911
1.09799999999999	0.462708031519239
1.09899999999999	0.463298015209664
1.09999999999999	0.458587962965629
1.10099999999999	0.454441587391946
1.10199999999999	0.448203176650726
1.10299999999999	0.4506355937646
1.10399999999999	0.451239029924096
1.10499999999999	0.453411363769145
1.10599999999999	0.455167967844759
1.10699999999999	0.459582478351138
1.10799999999999	0.466072143268655
1.10899999999999	0.466944060464097
1.10999999999999	0.461897265682884
1.11099999999999	0.455881909249608
1.11199999999999	0.449379535214276
1.11299999999999	0.450762003209832
1.11399999999999	0.4516705623115
1.11499999999999	0.454075792047442
1.11599999999999	0.455673656298394
1.11699999999999	0.457647779676414
1.11799999999999	0.462750677219085
1.11899999999999	0.463351257314139
1.11999999999999	0.458631147941254
1.12099999999999	0.454447561382245
1.12199999999999	0.448204590680859
1.12299999999999	0.450628982287189
1.12399999999999	0.451234946737311
1.12499999999999	0.453408834737989
1.12599999999999	0.455157629314728
1.12699999999999	0.459537911527612
1.12799999999999	0.466016197034014
1.12899999999999	0.466886084604233
1.12999999999999	0.461848661534814
1.13099999999999	0.45584904243444
1.13199999999999	0.449349765670714
1.13299999999999	0.450753616667096
1.13399999999999	0.451656419158961
1.13499999999999	0.454055401798809
1.13599999999999	0.455647439179
1.13699999999999	0.457660534937716
1.13799999999999	0.462792003497691
1.13899999999999	0.463402877630436
1.13999999999999	0.458673704094433
1.14099999999999	0.45445332233131
1.14199999999999	0.44820774721706
1.14299999999998	0.450618711277666
1.14399999999998	0.451231483740843
1.14499999999998	0.453407428882321
1.14599999999998	0.455148672855638
1.14699999999998	0.45949426542399
1.14799999999998	0.465962322217818
1.14899999999998	0.466831718747715
1.14999999999998	0.461801285214846
1.15099999999998	0.455817879353286
1.15199999999998	0.44932149133884
1.15299999999998	0.45074612860304
1.15399999999998	0.451642878865989
1.15499999999998	0.454035802801089
1.15599999999998	0.455622287614213
1.15699999999998	0.457672605398992
1.15799999999998	0.462830907596188
1.15899999999998	0.463454212947594
1.15999999999998	0.458716825819321
1.16099999999998	0.454459261975177
1.16199999999998	0.448208863239985
1.16299999999998	0.4506125689357
1.16399999999998	0.451229056908435
1.16499999999998	0.45340610036817
1.16599999999998	0.45514061962753
1.16699999999998	0.459451700932183
1.16799999999998	0.465910597635806
1.16899999999998	0.466779545343831
1.16999999999998	0.461756214557236
1.17099999999998	0.455787990783036
1.17199999999998	0.449294334539794
1.17299999999998	0.450738918819265
1.17399999999998	0.45162975014877
1.17499999999998	0.45401684475904
1.17599999999998	0.455598192161916
1.17699999999998	0.457682889087878
1.17799999999998	0.462870822362514
1.17899999999998	0.463501842913567
1.17999999999998	0.458757363963228
1.18099999999998	0.454465343521849
1.18199999999998	0.448211088877879
1.18299999999998	0.45060797519571
1.18399999999998	0.451227427671051
1.18499999999998	0.453404881299777
1.18599999999998	0.455133017803757
1.18699999999998	0.459411385761542
1.18799999999998	0.465859922734238
1.18899999999998	0.466729084886139
1.18999999999998	0.461712819834121
1.19099999999998	0.455759282034343
1.19199999999998	0.449268565595626
1.19299999999998	0.450732280035506
1.19399999999998	0.451617458106892
1.19499999999998	0.45399898396791
1.19599999999998	0.455575478591594
1.19699999999998	0.457693124448709
1.19799999999998	0.46290584508506
1.19899999999998	0.463551418006892
1.19999999999998	0.458799788510118
1.20099999999998	0.454473615374524
1.20199999999998	0.448217761613176
1.20299999999998	0.450602698556287
1.20399999999998	0.451227890240027
1.20499999999998	0.45340398235742
1.20599999999998	0.455126157869139
1.20699999999998	0.45937339142474
1.20799999999998	0.465810817942374
1.20899999999998	0.466680208685162
1.20999999999998	0.461668644896867
1.21099999999998	0.455730428161332
1.21199999999998	0.449242530505339
1.21299999999998	0.450725363701478
1.21399999999998	0.451605190559918
1.21499999999998	0.453981659592217
1.21599999999998	0.455553818980222
1.21699999999998	0.457704083350174
1.21799999999998	0.462941398893718
1.21899999999998	0.463599147596007
1.21999999999998	0.458840524036664
1.22099999999998	0.454481949289533
1.22199999999998	0.448215270470558
1.22299999999998	0.450599508098057
1.22399999999998	0.451229908509466
1.22499999999998	0.453404657739573
1.22599999999998	0.455120919736167
1.22699999999998	0.459337614846223
1.22799999999998	0.465762915692296
1.22899999999998	0.466635122944721
1.22999999999998	0.461626516727581
1.23099999999998	0.455702205760397
1.23199999999998	0.449217987716285
1.23299999999998	0.450718271036099
1.23399999999997	0.45159311005165
1.23499999999997	0.453964637444159
1.23599999999997	0.455532769660885
1.23699999999997	0.457714256648154
1.23799999999997	0.462977550029508
1.23899999999997	0.46364382417475
1.23999999999997	0.4588784505573
1.24099999999997	0.454489958624089
1.24199999999997	0.44821798343671
1.24299999999997	0.4505957161476
1.24399999999997	0.451231394020386
1.24499999999997	0.453404267978208
1.24599999999997	0.455115261895557
1.24699999999997	0.459302572335963
1.24799999999997	0.465717265290382
1.24899999999997	0.466591193903041
1.24999999999997	0.461586155233435
1.25099999999997	0.455674370655082
1.25199999999997	0.449194508440034
1.25299999999997	0.450711483109297
1.25399999999997	0.451582166134629
1.25499999999997	0.453948872748355
1.25599999999997	0.455513064094939
1.25699999999997	0.457725900471212
1.25799999999997	0.463011300421189
1.25899999999997	0.46368815050736
1.25999999999997	0.458915428298091
1.26099999999997	0.454498607250282
1.26199999999997	0.448221112052986
1.26299999999997	0.450592387307272
1.26399999999997	0.451234056247413
1.26499999999997	0.45340334808872
1.26599999999997	0.455110148877893
1.26699999999997	0.459268642916675
1.26799999999997	0.465674469299855
1.26899999999997	0.466547871974412
1.26999999999997	0.461545998813325
1.27099999999997	0.455647470898199
1.27199999999997	0.44917081495837
1.27299999999997	0.450704344752973
1.27399999999997	0.451571024588303
1.27499999999997	0.453933468795313
1.27599999999997	0.45549396937071
1.27699999999997	0.457737958433576
1.27799999999997	0.463045764711009
1.27899999999997	0.463731484074228
1.27999999999997	0.458951190809865
1.28099999999997	0.454506247778069
1.28199999999997	0.448222877070932
1.28299999999997	0.45058907973452
1.28399999999997	0.451235993706234
1.28499999999997	0.453402744072476
1.28599999999997	0.455105826917311
1.28699999999997	0.459236483224537
1.28799999999997	0.465633037647443
1.28899999999997	0.466507296297397
1.28999999999997	0.461507032547348
1.29099999999997	0.455621678176838
1.29199999999997	0.449147720983885
1.29299999999997	0.450697536475291
1.29399999999997	0.45156048904626
1.29499999999997	0.45391877708596
1.29599999999997	0.455475764089443
1.29699999999997	0.457749654483009
1.29799999999997	0.462874550473706
1.29899999999997	0.463872905655637
1.29999999999997	0.459003258707191
1.30099999999997	0.45446838393685
1.30199999999997	0.448181363230774
1.30299999999997	0.45054553976849
1.30399999999997	0.451200419991685
1.30499999999997	0.453371266359953
1.30599999999997	0.455076257871124
1.30699999999997	0.45918754442583
1.30799999999997	0.46557855994651
1.30899999999997	0.466455940421924
1.30999999999997	0.461471811378861
1.31099999999997	0.455607308198679
1.31199999999997	0.449139058906271
1.31299999999997	0.450706538636731
1.31399999999997	0.451565784327095
1.31499999999997	0.453918722045375
1.31599999999997	0.455469756369764
1.31699999999997	0.457769313162342
1.31799999999997	0.462910484479233
1.31899999999997	0.463910627419504
1.31999999999997	0.459034928953366
1.32099999999997	0.454472426551917
1.32199999999997	0.448177664575564
1.32299999999997	0.450536285568344
1.32399999999996	0.451196006855937
1.32499999999996	0.453366764474258
1.32599999999996	0.455068717189234
1.32699999999996	0.459154938233205
1.32799999999996	0.465538641431993
1.32899999999996	0.466423637766416
1.32999999999996	0.461437617074821
1.33099999999996	0.455586251303234
1.33199999999996	0.449121640364597
1.33299999999996	0.450704781228916
1.33399999999996	0.451559825273908
1.33499999999996	0.453908426258136
1.33599999999996	0.455455696498816
1.33699999999996	0.457782423429649
1.33799999999996	0.462940672701999
1.33899999999996	0.463946735055366
1.33999999999996	0.459067809741143
1.34099999999996	0.454480966691544
1.34199999999996	0.448180131055249
1.34299999999996	0.450532722277613
1.34399999999996	0.451195543017364
1.34499999999996	0.453367082209869
1.34599999999996	0.45506536495716
1.34699999999996	0.459126715002102
1.34799999999996	0.465501926027359
1.34899999999996	0.466388845908099
1.34999999999996	0.461401829067631
1.35099999999996	0.455563295800213
1.35199999999996	0.449102114046742
1.35299999999996	0.450699986288325
1.35399999999996	0.451551346310894
1.35499999999996	0.453896004034473
1.35599999999996	0.45544032676396
1.35699999999996	0.457793839344563
1.35799999999996	0.462971995240343
1.35899999999996	0.463981713543092
1.35999999999996	0.459099144374474
1.36099999999996	0.454488254841074
1.36199999999996	0.448182719507617
1.36299999999996	0.450529320481633
1.36399999999996	0.451195693690545
1.36499999999996	0.453367778198825
1.36599999999996	0.455062687881041
1.36699999999996	0.459099762640915
1.36799999999996	0.465466205689025
1.36899999999996	0.466352155726681
1.36999999999996	0.461366063530963
1.37099999999996	0.455540622467917
1.37199999999996	0.449082749571
1.37299999999996	0.450695443501899
1.37399999999996	0.451542788969081
1.37499999999996	0.453883617433478
1.37599999999996	0.455425302979281
1.37699999999996	0.45780519941746
1.37799999999996	0.463002699842766
1.37899999999996	0.464015718880163
1.37999999999996	0.459129164131591
1.38099999999996	0.454495676243108
1.38199999999996	0.448185427881622
1.38299999999996	0.450526751737816
1.38399999999996	0.451196643047047
1.38499999999996	0.453369410392698
1.38599999999996	0.455061276094451
1.38699999999996	0.459074191696915
1.38799999999996	0.465431514476221
1.38899999999996	0.466318311417011
1.38999999999996	0.461332054040679
1.39099999999996	0.455519371655401
1.39199999999996	0.449064626144642
1.39299999999996	0.450691500325677
1.39399999999996	0.451534799992587
1.39499999999996	0.453871872621009
1.39599999999996	0.455410995496382
1.39699999999996	0.457816989839134
1.39799999999996	0.463031233898887
1.39899999999996	0.464048691157238
1.39999999999996	0.459158951276636
1.40099999999996	0.454503081874427
1.40199999999996	0.448189015207274
1.40299999999996	0.450524101457073
1.40399999999996	0.451197521095782
1.40499999999996	0.453370912043679
1.40599999999996	0.455059956561856
1.40699999999996	0.459049916058651
1.40799999999996	0.465396378812892
1.40899999999996	0.466285876860761
1.40999999999996	0.461299444783109
1.41099999999996	0.455499124723922
1.41199999999996	0.44904666117394
1.41299999999996	0.450688040120078
1.41399999999996	0.451527613024414
1.41499999999995	0.453860723975107
1.41599999999995	0.45539739834152
1.41699999999995	0.457828721960157
1.41799999999995	0.463059682856015
1.41899999999995	0.464079723211151
1.41999999999995	0.459188013773533
1.42099999999995	0.454510468762734
1.42199999999995	0.448192555544179
1.42299999999995	0.450520729407235
1.42399999999995	0.451197952527379
1.42499999999995	0.453372170166676
1.42599999999995	0.455058769933727
1.42699999999995	0.459026547357088
1.42799999999995	0.4653620411363
1.42899999999995	0.466253947492285
1.42999999999995	0.46126771284073
1.43099999999995	0.45547971810508
1.43199999999995	0.449029106868502
1.43299999999995	0.450684783300999
1.43399999999995	0.451521093170303
1.43499999999995	0.453850022940781
1.43599999999995	0.4553843881218
1.43699999999995	0.457840260094477
1.43799999999995	0.463087666041038
1.43899999999995	0.464109960036839
1.43999999999995	0.459215567105859
1.44099999999995	0.454517768778844
1.44199999999995	0.448195731832332
1.44299999999995	0.450516296538454
1.44399999999995	0.451198392257996
1.44499999999995	0.453373565327723
1.44599999999995	0.45505788773756
1.44699999999995	0.459003965110678
1.44799999999995	0.465330179220652
1.44899999999995	0.466223643233285
1.44999999999995	0.461237115624006
1.45099999999995	0.455461117876995
1.45199999999995	0.449011774958463
1.45299999999995	0.450680755217563
1.45399999999995	0.451514266035362
1.45499999999995	0.453839589802922
1.45599999999995	0.455371782834472
1.45699999999995	0.457851163500469
1.45799999999995	0.463114682707973
1.45899999999995	0.464139679916453
1.45999999999995	0.459242880885305
1.46099999999995	0.454525092818463
1.46199999999995	0.448200450329306
1.46299999999995	0.450513145523222
1.46399999999995	0.451197601151557
1.46499999999995	0.453374894895977
1.46599999999995	0.455057292548823
1.46699999999995	0.458981870447362
1.46799999999995	0.465300407560344
1.46899999999995	0.466193601510774
1.46999999999995	0.461207299313157
1.47099999999995	0.455442730701499
1.47199999999995	0.44899479949406
1.47299999999995	0.450676169450088
1.47399999999995	0.451507150346255
1.47499999999995	0.453829368117059
1.47599999999995	0.455359589772569
1.47699999999995	0.457861711355375
1.47799999999995	0.463141056863986
1.47899999999995	0.464168381086665
1.47999999999995	0.459269122217436
1.48099999999995	0.454532379887676
1.48199999999995	0.448204940959027
1.48299999999995	0.450510601041054
1.48399999999995	0.451197434855454
1.48499999999995	0.453376297112601
1.48599999999995	0.455056738802496
1.48699999999995	0.458960632551276
1.48799999999995	0.465270267125918
1.48899999999995	0.466164246802783
1.48999999999995	0.461178839752432
1.49099999999995	0.455425350203126
1.49199999999995	0.448978638364713
1.49299999999995	0.450671987129512
1.49399999999995	0.451502296034017
1.49499999999995	0.453818998190927
1.49599999999995	0.455347833449384
1.49699999999995	0.457871845024597
1.49799999999995	0.463166364452094
1.49899999999995	0.464195836311169
1.49999999999995	0.459293358713741
1.50099999999995	0.454539556805079
1.50199999999995	0.448207644179046
1.50299999999995	0.450509037707918
1.50399999999995	0.451197535630563
1.50499999999995	0.453378256129147
1.50599999999994	0.455056838414758
1.50699999999994	0.458940643490559
1.50799999999994	0.465241370031994
1.50899999999994	0.466137090681669
1.50999999999994	0.46115171144622
1.51099999999994	0.455408857170197
1.51199999999994	0.448963577742978
1.51299999999994	0.450667664129603
1.51399999999994	0.451497180583731
1.51499999999994	0.45380879045736
1.51599999999994	0.45533641552589
1.51699999999994	0.457881966989305
1.51799999999994	0.463191190970185
1.51899999999994	0.464221943982785
1.51999999999994	0.459317317016357
1.52099999999994	0.454546285967771
1.52199999999994	0.448209781981138
1.52299999999994	0.450507303478009
1.52399999999994	0.451198248572308
1.52499999999994	0.453380374806348
1.52599999999994	0.455057058447873
1.52699999999994	0.458921490238045
1.52799999999994	0.465213043781734
1.52899999999994	0.46610977566398
1.52999999999994	0.461125271607913
1.53099999999994	0.455393236132017
1.53199999999994	0.44894881572801
1.53299999999994	0.450663769646824
1.53399999999994	0.451490964813285
1.53499999999994	0.453799698837797
1.53599999999994	0.455325592420078
1.53699999999994	0.457892066014539
1.53799999999994	0.463214834624282
1.53899999999994	0.464248032051298
1.53999999999994	0.459340386236183
1.54099999999994	0.454552701936747
1.54199999999994	0.448211483556575
1.54299999999994	0.4505054944749
1.54399999999994	0.45119912454236
1.54499999999994	0.453382541392629
1.54599999999994	0.455057387231127
1.54699999999994	0.458903525896874
1.54799999999994	0.465185584824143
1.54899999999994	0.466083123042085
1.54999999999994	0.461099292822732
1.55099999999994	0.455378231214162
1.55199999999994	0.448934418175583
1.55299999999994	0.450660077644161
1.55399999999994	0.451484298809586
1.55499999999994	0.453791032948731
1.55599999999994	0.455315445478311
1.55699999999994	0.457901420247135
1.55799999999994	0.463237930558628
1.55899999999994	0.464272850324848
1.55999999999994	0.459363516146443
1.56099999999994	0.454560032080231
1.56199999999994	0.448214040266949
1.56299999999994	0.450504307235394
1.56399999999994	0.451200265891095
1.56499999999994	0.453384944682948
1.56599999999994	0.455057917666635
1.56699999999994	0.458886463241731
1.56799999999994	0.465159511712902
1.56899999999994	0.466055993359692
1.56999999999994	0.461072987896323
1.57099999999994	0.455363328741971
1.57199999999994	0.44891996646134
1.57299999999994	0.450656134812629
1.57399999999994	0.451477955329719
1.57499999999994	0.453782624597412
1.57599999999994	0.455305542881053
1.57699999999994	0.45791033194967
1.57799999999994	0.463260753195365
1.57899999999994	0.464298370515041
1.57999999999994	0.459386286783608
1.58099999999994	0.454567746369743
1.58199999999994	0.448216719895666
1.58299999999994	0.450503117539582
1.58399999999994	0.451201383249424
1.58499999999994	0.453387365156895
1.58599999999994	0.455058546053332
1.58699999999994	0.458869355494307
1.58799999999994	0.465135087729429
1.58899999999994	0.466029943412104
1.58999999999994	0.461047092021515
1.59099999999994	0.455349137171956
1.59199999999994	0.448906060913404
1.59299999999994	0.450652447112767
1.59399999999994	0.451472349382329
1.59499999999994	0.453774278528358
1.59599999999994	0.455296008935785
1.59699999999993	0.457919437088444
1.59799999999993	0.463282967301342
1.59899999999993	0.464325351867715
1.59999999999993	0.459406815798107
1.60099999999993	0.454575004953783
1.60199999999993	0.448218850278427
1.60299999999993	0.450501916136898
1.60399999999993	0.451202686948875
1.60499999999993	0.453389588496405
1.60599999999993	0.455059089755455
1.60699999999993	0.458852576742
1.60799999999993	0.46510946242774
1.60899999999993	0.466005061173927
1.60999999999993	0.461022849315098
1.61099999999993	0.455336078775376
1.61199999999993	0.448893198239445
1.61299999999993	0.450649529454372
1.61399999999993	0.451467129669717
1.61499999999993	0.45376643543397
1.61599999999993	0.455286966947736
1.61699999999993	0.457928546484186
1.61799999999993	0.463304325332063
1.61899999999993	0.464349383665626
1.61999999999993	0.459428580856169
1.62099999999993	0.454581618956843
1.62199999999993	0.448221737408073
1.62299999999993	0.450501349161523
1.62399999999993	0.451204800399479
1.62499999999993	0.453392280900364
1.62599999999993	0.455060132419301
1.62699999999993	0.458837262315066
1.62799999999993	0.465085186596686
1.62899999999993	0.465981224261906
1.62999999999993	0.460999185351505
1.63099999999993	0.455323575679786
1.63199999999993	0.448880800413006
1.63299999999993	0.450646554285292
1.63399999999993	0.45146184685086
1.63499999999993	0.453758804687059
1.63599999999993	0.45527826804999
1.63699999999993	0.457937526786804
1.63799999999993	0.463325114183986
1.63899999999993	0.464372598116694
1.63999999999993	0.459450255215755
1.64099999999993	0.454587990296202
1.64199999999993	0.448225251728695
1.64299999999993	0.450500496517525
1.64399999999993	0.451206532630585
1.64499999999993	0.453394732907471
1.64599999999993	0.455061028754258
1.64699999999993	0.458821452211042
1.64799999999993	0.465061348000547
1.64899999999993	0.465957212583568
1.64999999999993	0.46097660385401
1.65099999999993	0.45531142598102
1.65199999999993	0.448868903777171
1.65299999999993	0.450643557295699
1.65399999999993	0.451456634520553
1.65499999999993	0.45375137639307
1.65599999999993	0.455269862420584
1.65699999999993	0.457946378367536
1.65799999999993	0.463345704249309
1.65899999999993	0.464391306849063
1.65999999999993	0.459470981870189
1.66099999999993	0.454594823964824
1.66199999999993	0.448229805813527
1.66299999999993	0.450500540369792
1.66399999999993	0.451208648582146
1.66499999999993	0.453397702653506
1.66599999999993	0.455062399909534
1.66699999999993	0.458806696085267
1.66799999999993	0.465040778254829
1.66899999999993	0.465934233541917
1.66999999999993	0.460953709975448
1.67099999999993	0.455298829336265
1.67199999999993	0.448856496419555
1.67299999999993	0.450640095944598
1.67399999999993	0.451450980592029
1.67499999999993	0.453743746804968
1.67599999999993	0.455261538653362
1.67699999999993	0.457955043158947
1.67799999999993	0.463365349082055
1.67899999999993	0.464411726839364
1.67999999999993	0.459491439529524
1.68099999999993	0.454602101819241
1.68199999999993	0.448234967079532
1.68299999999993	0.450500863236865
1.68399999999993	0.451211590371932
1.68499999999993	0.453401245960393
1.68599999999993	0.455064197527801
1.68699999999993	0.458792185933905
1.68799999999992	0.465020210262961
1.68899999999992	0.465912351738899
1.68999999999992	0.460931389391035
1.69099999999992	0.455287273635776
1.69199999999992	0.448844646682203
1.69299999999992	0.45063722634007
1.69399999999992	0.451445601948046
1.69499999999992	0.453736447970381
1.69599999999992	0.455253502158899
1.69699999999992	0.457963807861765
1.69799999999992	0.463384372688596
1.69899999999992	0.46443027395039
1.69999999999992	0.459510668173358
1.70099999999992	0.454608626981629
1.70199999999992	0.448239907603608
1.70299999999992	0.450501307069177
1.70399999999992	0.451214221894157
1.70499999999992	0.453404525499763
1.70599999999992	0.455065853759979
1.70699999999992	0.458777927390336
1.70799999999992	0.465000430362171
1.70899999999992	0.465891321814532
1.70999999999992	0.460909826096102
1.71099999999992	0.455275793014523
1.71199999999992	0.448833195877555
1.71299999999992	0.450634389916299
1.71399999999992	0.451440400805866
1.71499999999992	0.453729234880267
1.71599999999992	0.455245663851924
1.71699999999992	0.457972229302778
1.71799999999992	0.463403006128302
1.71899999999992	0.464449963764223
1.71999999999992	0.459529321586579
1.72099999999992	0.454613791410999
1.72199999999992	0.448244136154446
1.72299999999992	0.450501097239897
1.72399999999992	0.451215887490104
1.72499999999992	0.45340747056467
1.72599999999992	0.455067363400856
1.72699999999992	0.458763716760258
1.72799999999992	0.464980809841163
1.72899999999992	0.465870019684114
1.72999999999992	0.460889511679744
1.73099999999992	0.455264410156764
1.73199999999992	0.448822119101265
1.73299999999992	0.450631424890232
1.73399999999992	0.451435446267311
1.73499999999992	0.453722322873116
1.73599999999992	0.455238112451441
1.73699999999992	0.457980245030545
1.73799999999992	0.463421070775046
1.73899999999992	0.464468701403768
1.73999999999992	0.459547940590148
1.74099999999992	0.454619405160677
1.74199999999992	0.448248320239785
1.74299999999992	0.450501031042402
1.74399999999992	0.451218277095633
1.74499999999992	0.453410569842939
1.74599999999992	0.45506895949653
1.74699999999992	0.458749848665121
1.74799999999992	0.464962286343689
1.74899999999992	0.46584930149476
1.74999999999992	0.460869929581877
1.75099999999992	0.455253804893019
1.75199999999992	0.448811789542931
1.75299999999992	0.450628885311154
1.75399999999992	0.451430796957213
1.75499999999992	0.453715762564768
1.75599999999992	0.455230956052291
1.75699999999992	0.457987968416559
1.75799999999992	0.463438267326498
1.75899999999992	0.464488705310457
1.75999999999992	0.459566849602923
1.76099999999992	0.454625234450174
1.76199999999992	0.448251917326526
1.76299999999992	0.450500920527783
1.76399999999992	0.451220459941129
1.76499999999992	0.453413645960406
1.76599999999992	0.455070613335672
1.76699999999992	0.458736711081959
1.76799999999992	0.464944704458575
1.76899999999992	0.465830614356824
1.76999999999992	0.460851007421456
1.77099999999992	0.455243555507016
1.77199999999992	0.448801840844363
1.77299999999992	0.450626317181147
1.77399999999992	0.451426263010412
1.77499999999992	0.453709341553847
1.77599999999992	0.455224029913685
1.77699999999992	0.457995216021351
1.77799999999991	0.46345463866446
1.77899999999991	0.464509947325352
1.77999999999991	0.459585206728636
1.78099999999991	0.454630921972859
1.78199999999991	0.448255255834027
1.78299999999991	0.450501084935296
1.78399999999991	0.451222643206151
1.78499999999991	0.453416692281388
1.78599999999991	0.455072319896431
1.78699999999991	0.458723857119015
1.78799999999991	0.464926870264926
1.78899999999991	0.465812893220075
1.78999999999991	0.460832801957368
1.79099999999991	0.455233824903554
1.79199999999991	0.448792376792739
1.79299999999991	0.450624004822059
1.79399999999991	0.451421883105294
1.79499999999991	0.453703196790871
1.79599999999991	0.455217456307056
1.79699999999991	0.458002349716403
1.79799999999991	0.463470338892188
1.79899999999991	0.464530086550485
1.79999999999991	0.459603104543573
1.80099999999991	0.454636613158556
1.80199999999991	0.448259349528575
1.80299999999991	0.450501360182147
1.80399999999991	0.451225055615369
1.80499999999991	0.453419722147681
1.80599999999991	0.455073981647452
1.80699999999991	0.458711606755987
1.80799999999991	0.46490975353653
1.80899999999991	0.46579456051248
1.80999999999991	0.460815016714739
1.81099999999991	0.455224369178863
1.81199999999991	0.448783124401721
1.81299999999991	0.450621696296107
1.81399999999991	0.451417180264566
1.81499999999991	0.453697657115423
1.81599999999991	0.455211137343499
1.81699999999991	0.458009325404746
1.81799999999991	0.463485458845209
1.81899999999991	0.464549600999753
1.81999999999991	0.459620474709754
1.82099999999991	0.454642307603053
1.82199999999991	0.448263521261569
1.82299999999991	0.450501711098101
1.82399999999991	0.451227389853297
1.82499999999991	0.453422864571341
1.82599999999991	0.455075595228637
1.82699999999991	0.458699667593702
1.82799999999991	0.464893112547724
1.82899999999991	0.465777224276094
1.82999999999991	0.460797718247414
1.83099999999991	0.455215299085257
1.83199999999991	0.448774262897093
1.83299999999991	0.450619397772366
1.83399999999991	0.451412548177866
1.83499999999991	0.453692193157186
1.83599999999991	0.455205099195429
1.83699999999991	0.458016215284928
1.83799999999991	0.463500146344613
1.83899999999991	0.464567502077618
1.83999999999991	0.459637367197412
1.84099999999991	0.454648025603018
1.84199999999991	0.448267837829087
1.84299999999991	0.450502258101369
1.84399999999991	0.451229286151928
1.84499999999991	0.453426277913138
1.84599999999991	0.4550774070087
1.84699999999991	0.458688251281033
1.84799999999991	0.464876903254877
1.84899999999991	0.465760486933317
1.84999999999991	0.460781129444384
1.85099999999991	0.455206485037089
1.85199999999991	0.44876587512782
1.85299999999991	0.450617167415025
1.85399999999991	0.451408122940732
1.85499999999991	0.453686679452198
1.85599999999991	0.455199207706244
1.85699999999991	0.458023060074677
1.85799999999991	0.463514107897167
1.85899999999991	0.464584892149533
1.85999999999991	0.459653759638226
1.86099999999991	0.454653632337966
1.86199999999991	0.44827255996642
1.86299999999991	0.450502962038357
1.86399999999991	0.451231090236942
1.86499999999991	0.453429696665629
1.86599999999991	0.455079341057613
1.86699999999991	0.458677992256575
1.86799999999991	0.464860773041441
1.8689999999999	0.465744039988111
1.8699999999999	0.460764987424567
1.8709999999999	0.455197757697924
1.8719999999999	0.4487575613679
1.8729999999999	0.450614993254471
1.8739999999999	0.451403913055949
1.8749999999999	0.45368129315744
1.8759999999999	0.455193506143935
1.8769999999999	0.458029583648321
1.8779999999999	0.463527471585241
1.8789999999999	0.464601050239748
1.8799999999999	0.459670169491435
1.8809999999999	0.454659652817522
1.8819999999999	0.448277814656596
1.8829999999999	0.450504050719263
1.8839999999999	0.451233284531307
1.8849999999999	0.453433174835577
1.8859999999999	0.455081439872809
1.8869999999999	0.458667920173439
1.8879999999999	0.464845181306369
1.8889999999999	0.465728018860262
1.8899999999999	0.46074916836535
1.8909999999999	0.455189197762609
1.8919999999999	0.448749193929691
1.8929999999999	0.450612943921314
1.8939999999999	0.451399895556284
1.8949999999999	0.453675959234991
1.8959999999999	0.455187965765631
1.8969999999999	0.458036429787219
1.8979999999999	0.463540492288815
1.8989999999999	0.464615964175031
1.8999999999999	0.459686124234619
1.9009999999999	0.454665816918139
1.9019999999999	0.44828295975077
1.9029999999999	0.450505143362421
1.9039999999999	0.451235372630345
1.9049999999999	0.453436608758251
1.9059999999999	0.455083635459933
1.9069999999999	0.458658186297236
1.9079999999999	0.464829914916277
1.9089999999999	0.465712012200379
1.9099999999999	0.46073373910301
1.9109999999999	0.455181047887014
1.9119999999999	0.448740938370034
1.9129999999999	0.45061076286202
1.9139999999999	0.451395896743773
1.9149999999999	0.453670788878916
1.9159999999999	0.455182623513103
1.9169999999999	0.458043047228328
1.9179999999999	0.463553173628452
1.9189999999999	0.464630521683109
1.9199999999999	0.459701777672321
1.9209999999999	0.45467218276035
1.9219999999999	0.448287788599387
1.9229999999999	0.450506305085294
1.9239999999999	0.451237916897001
1.9249999999999	0.453440077523254
1.9259999999999	0.455085833224858
1.9269999999999	0.458648693728829
1.9279999999999	0.464815552753291
1.9289999999999	0.465697500166115
1.9299999999999	0.460718913279493
1.9309999999999	0.455173116226437
1.9319999999999	0.448732961816099
1.9329999999999	0.450608541250087
1.9339999999999	0.451392081059271
1.9349999999999	0.453665810516623
1.9359999999999	0.455177493428737
1.9369999999999	0.458049508853068
1.9379999999999	0.463565631078155
1.9389999999999	0.464644174447616
1.9399999999999	0.459717815224686
1.9409999999999	0.45467828823827
1.9419999999999	0.448292283653553
1.9429999999999	0.450507437490465
1.9439999999999	0.451240594740211
1.9449999999999	0.453443439326674
1.9459999999999	0.455087943222176
1.9469999999999	0.45863950614122
1.9479999999999	0.464801272895238
1.9489999999999	0.465682614247103
1.9499999999999	0.46070439539336
1.9509999999999	0.455165244060136
1.9519999999999	0.448725174951393
1.9529999999999	0.450605943007392
1.9539999999999	0.451388331077112
1.9549999999999	0.453660942454036
1.9559999999999	0.455172529800662
1.9569999999999	0.458056101829733
1.9579999999999	0.463578031845443
1.9589999999999	0.464657456680724
1.95999999999989	0.459733013185576
1.96099999999989	0.454684149077532
1.96199999999989	0.448296639902128
1.96299999999989	0.450508416830864
1.96399999999989	0.451243574050713
1.96499999999989	0.453446575455977
1.96599999999989	0.455090036369568
1.96699999999989	0.458629823466514
1.96799999999989	0.464787463721545
1.96899999999989	0.465668085699924
1.96999999999989	0.46069057020475
1.97099999999989	0.455157608046341
1.97199999999989	0.448717672918006
1.97299999999989	0.450603400192315
1.97399999999989	0.451384763112847
1.97499999999989	0.453656247745733
1.97599999999989	0.455167742421477
1.97699999999989	0.458062493448668
1.97799999999989	0.463589998748561
1.97899999999989	0.464671780554407
1.97999999999989	0.459746804917717
1.98099999999989	0.454689269485072
1.98199999999989	0.448300308322372
1.98299999999989	0.450508803332091
1.98399999999989	0.45124611125763
1.98499999999989	0.453449093174694
1.98599999999989	0.455091697092536
1.98699999999989	0.458620672100515
1.98799999999989	0.464773672593335
1.98899999999989	0.46565287964208
1.98999999999989	0.460677141491841
1.99099999999989	0.455150343768888
1.99199999999989	0.4487106565898
1.99299999999989	0.450601370791205
1.99399999999989	0.451381383029172
1.99499999999989	0.45365177948902
1.99599999999989	0.455163181103288
1.99699999999989	0.458068805318741
1.99799999999989	0.46360161908427
1.99899999999989	0.464686426599494
2	0.459759861689644
