"Time [s]"	"Moving1.Torque [kNewtonMeter]"
0	0
0.001	-0.0515846651702069
0.002	-0.203022849852371
0.003	-0.362437543146792
0.004	-0.483517959020481
0.005	-0.523528341032998
0.006	-0.458484396831835
0.007	-0.274625036410601
0.008	-0.0380543200290138
0.009	0.249033203902484
0.01	0.5479069615022
0.011	0.807977205010592
0.012	0.998258989139878
0.013	1.01030942112737
0.014	0.828744884773386
0.015	0.546049936346522
0.016	0.244113382016248
0.017	0.0198228940835019
0.018	-0.0441755542748708
0.019	0.0199388761904112
0.02	0.167187713454892
0.021	0.200216262831994
0.022	0.0486419093405908
0.023	-0.215739485544812
0.024	-0.49727103292196
0.025	-0.678701557614782
0.026	-0.648402631319064
0.027	-0.453704180915678
0.028	-0.192492545887843
0.029	0.105710491288707
0.03	0.417792422315136
0.031	0.698025902436636
0.032	0.892333752323301
0.033	0.87340289895383
0.034	0.685691713276669
0.035	0.448237115558591
0.036	0.2010294984745
0.037	0.0694804338572481
0.038	0.0049730387049281
0.039	0.0579822045862729
0.04	0.181824945660266
0.041	0.21258730068442
0.042	0.0830327243232824
0.043	-0.158883426645995
0.044	-0.44596490275934
0.045	-0.666881871417237
0.046	-0.674863257419963
0.047	-0.483910597928569
0.048	-0.220421286841088
0.049	0.072997779189174
0.05	0.383603586516748
0.051	0.662558086022764
0.052	0.851310354694944
0.053	0.81595876358186
0.054	0.635812135544347
0.055	0.403155093419594
0.056	0.180750675147513
0.057	0.0615521246420181
0.058	0.00309558625744174
0.059	0.067154869610308
0.06	0.192684801097471
0.061	0.225167186395094
0.062	0.110815729095063
0.063	-0.119874470110334
0.064	-0.407661866430663
0.065	-0.638135322250157
0.066	-0.664890171744055
0.067	-0.483688943230076
0.068	-0.223100233744816
0.069	0.0652303081216658
0.07	0.371954379811435
0.071	0.647687819967789
0.0720000000000001	0.828021966829868
0.0730000000000001	0.782533510715395
0.0740000000000001	0.600931121866854
0.0750000000000001	0.368206843068276
0.0760000000000001	0.152990907820661
0.0770000000000001	0.0395105647106711
0.0780000000000001	-0.0112619944702785
0.0790000000000001	0.0694476857919555
0.0800000000000001	0.202531733150903
0.0810000000000001	0.241768495900572
0.0820000000000001	0.139052723469747
0.0830000000000001	-0.0854424274900631
0.0840000000000001	-0.373019469025465
0.0850000000000001	-0.609331667292664
0.0860000000000001	-0.6479260099269
0.0870000000000001	-0.476718443132506
0.0880000000000001	-0.220472680718318
0.0890000000000001	0.0638042989743614
0.0900000000000001	0.365984493893904
0.0910000000000001	0.639004435513376
0.0920000000000001	0.808923416707612
0.0930000000000001	0.756087124930033
0.0940000000000001	0.571388258305447
0.0950000000000001	0.337361695457662
0.0960000000000001	0.124225080837753
0.0970000000000001	0.0154441119970675
0.0980000000000001	-0.0261743570772915
0.0990000000000001	0.0696642923494977
0.1	0.211755016474871
0.101	0.260207639071593
0.102	0.165925316948455
0.103	-0.0537388991416
0.104	-0.341276863067114
0.105	-0.582401692429215
0.106	-0.630195202683506
0.107	-0.468981425414213
0.108	-0.217157789197822
0.109	0.0637540084194204
0.11	0.362024551643612
0.111	0.631498040232411
0.112	0.792179279508654
0.113	0.733537632435156
0.114	0.545223091361307
0.115	0.309273285127496
0.116	0.0970740914122995
0.117	-0.00742032679299243
0.118	-0.0396613329021702
0.119	0.0700162911585645
0.12	0.21981751482377
0.121	0.278173488516334
0.122	0.191053768878981
0.123	-0.024889933097969
0.124	-0.312642433270089
0.125	-0.557831721289138
0.126	-0.61351781920179
0.127	-0.461604514717128
0.128	-0.214126236253704
0.129	0.0639519175003779
0.13	0.359000938440405
0.131	0.625208484352571
0.132	0.777397153696967
0.133	0.713651560263067
0.134	0.521709477234628
0.135	0.283763466027932
0.136	0.0723378039787816
0.137	-0.0282993737071529
0.138	-0.0513842621228492
0.139	0.0699841938118493
0.14	0.227194466779393
0.141	0.294913137601928
0.142	0.214410927987227
0.143	0.00105672311870251
0.144	-0.287059169067315
0.145	-0.535624512008075
0.146	-0.598235400891891
0.147	-0.454936900729098
0.148	-0.211436506524641
0.149	0.0641778775212911
0.15	0.356473050291734
0.151	0.619613148184249
0.152	0.764588322072304
0.153	0.696231342412774
0.154	0.500537665145066
0.155	0.260706906632266
0.156	0.0501331709879525
0.157	-0.0470458599233492
0.158	-0.0614870325208407
0.159	0.0700951761594232
0.16	0.233865057120063
0.161	0.309773987627905
0.162	0.234478266354868
0.163	0.027175861723563
0.164	-0.263829558779687
0.165	-0.515522052400148
0.166	-0.584395983473863
0.167	-0.448982385735097
0.168	-0.209429032708514
0.169	0.064287603503531
0.17	0.354292028835892
0.171	0.614443272519792
0.172	0.753466326541441
0.173	0.680797115466709
0.174	0.481437055033586
0.175	0.239889870471694
0.176	0.0302362849813661
0.177	-0.0637734249629799
0.178	-0.0702329106485983
0.179	0.0702421974761876
0.18	0.239836896314767
0.181	0.325794140139123
0.182	0.252405823495392
0.183	0.0455724157885471
0.184	-0.243208812662982
0.185	-0.497400330255466
0.186	-0.571735632233445
0.187	-0.443581233324161
0.188	-0.207569391788667
0.189	0.0644196229741401
0.19	0.352457910150883
0.191	0.60985527460685
0.192	0.74391384468958
0.193	0.66718094435601
0.194	0.464306545946496
0.195	0.221159597985857
0.196	0.012412577627449
0.197	-0.0787496544209818
0.198	-0.0778692312712536
0.199	0.0703276211162714
0.2	0.245235944144999
0.201	0.33734201902579
0.202	0.269289816345549
0.203	0.0646381818731376
0.204	-0.223794644855791
0.205	-0.480607240415777
0.206	-0.560229562927225
0.207	-0.438706661162124
0.208	-0.205901809825421
0.209	0.064547303917165
0.21	0.350847309568194
0.211	0.605686788378485
0.212	0.735400860057803
0.213	0.654694397963432
0.214	0.448733667644958
0.215	0.204111217433394
0.216	-0.00371451540300834
0.217	-0.0922575939693648
0.218	-0.0846069619279551
0.219	0.0703398707149749
0.22	0.25007352710544
0.221	0.347696800357518
0.222	0.284441536628567
0.223	0.0820109421251435
0.224	-0.207311856584247
0.225	-0.465653433450627
0.226	-0.549681489450678
0.227	-0.434292778310066
0.228	-0.20442452437429
0.229	0.0646975368628105
0.23	0.349406414724031
0.231	0.60187280949234
0.232	0.727788063282832
0.233	0.643227657342329
0.234	0.434405159830095
0.235	0.1885153603763
0.236	-0.0183988185993003
0.237	-0.104486369277328
0.238	-0.0905868396192891
0.239	0.0703164160591814
0.24	0.254427257899142
0.241	0.3570657373718
0.242	0.298274188339369
0.243	0.0979665862011843
0.244	-0.19164505494763
0.245	-0.451654652040289
0.246	-0.539963987466858
0.247	-0.430211452046968
0.248	-0.203110463303273
0.249	0.0646889676808932
0.25	0.348090951467769
0.251	0.598366504863405
0.252	0.72092771407844
0.253	0.632668962283793
0.254	0.421231286543423
0.255	0.174166737584607
0.256	-0.0318311603541926
0.257	-0.11562262387454
0.258	-0.0959184823099862
0.259	0.0701164888178548
0.26	0.258414898625938
0.261	0.365539319812032
0.262	0.310961051792906
0.263	0.112539934460185
0.264	-0.177040335950803
0.265	-0.438674619530323
0.266	-0.530960175721941
0.267	-0.426404855954554
0.268	-0.201913834180041
0.269	0.0647509370225178
0.27	0.346901310135542
0.271	0.595077108385674
0.272	0.714686961798816
0.273	0.623009995471773
0.274	0.40907022308723
0.275	0.160908368771255
0.276	-0.0441824791284885
0.277	-0.125810872631817
0.278	-0.100702707597566
0.279	0.0699897544776547
0.28	0.261846554970416
0.281	0.373231931363825
0.282	0.322656163843655
0.283	0.125982563164596
0.284	-0.16358759175441
0.285	-0.426576978601833
0.286	-0.522562203876484
0.287	-0.422857319162487
0.288	-0.2008454158039
0.289	0.0647952241053844
0.29	0.34359727628953
0.291	0.59210263551937
0.292	0.709008041913467
0.293	0.614143053946093
0.294	0.397789777587625
0.295	0.148579888543181
0.296	-0.055601898934719
0.297	-0.135169916848839
0.298	-0.105007769436447
0.299	0.0698328231070646
0.3	0.265169287234134
0.301	0.380339681567741
0.302	0.333372263996811
0.303	0.138370760869269
0.304	-0.151114927259767
0.305	-0.415291054343364
0.306	-0.514721637460344
0.307	-0.419586161538654
0.308	-0.199831173209385
0.309	0.0648262345067158
0.31	0.342701332490599
0.311	0.589314944706922
0.312	0.703718802649906
0.313	0.605776817159005
0.314	0.387236342114718
0.315	0.137074377569955
0.316	-0.0662038259877106
0.317	-0.143793675244213
0.318	-0.108886360345501
0.319	0.069688312185919
0.32	0.268216342399157
0.321	0.386784236215678
0.322	0.343477536590773
0.323	0.149957405981676
0.324	-0.139470768908069
0.325	-0.404700995412487
0.326	-0.507362298211273
0.327	-0.416451823642965
0.328	-0.198881172723077
0.329	0.0648507085265658
0.33	0.341858650717186
0.331	0.586621409331413
0.332	0.69880700725914
0.333	0.598084067532398
0.334	0.377309723809612
0.335	0.126295515766741
0.336	-0.0760813976256346
0.337	-0.151759619207869
0.338	-0.112405371979372
0.339	0.0695956151622051
0.34	0.271038108075547
0.341	0.392720942115087
0.342	0.352881208255072
0.343	0.160700196522067
0.344	-0.128606836847593
0.345	-0.394752521866505
0.346	-0.500434987367746
0.347	-0.413514589911265
0.348	-0.197998373991731
0.349	0.0648627132590435
0.35	0.341043944862146
0.351	0.584123588112794
0.352	0.694203736694469
0.353	0.590757627860957
0.354	0.368033813461913
0.355	0.116183857342729
0.356	-0.0853171727386581
0.357	-0.159175408078276
0.358	-0.115616520158997
0.359	0.0694779819236939
0.36	0.273577890900425
0.361	0.398153788589222
0.362	0.361441137925197
0.363	0.170794586671324
0.364	-0.118395100991122
0.365	-0.385351104082999
0.366	-0.493890814047242
0.367	-0.410712946911812
0.368	-0.197158501504631
0.369	0.0648643330569931
0.37	0.340263816982937
0.371	0.581736320774091
0.372	0.689858700417732
0.373	0.583902993879722
0.374	0.359317917505475
0.375	0.106659744540552
0.376	-0.0939810899625588
0.377	-0.166072623982548
0.378	-0.118552088670277
0.379	0.0693800928902443
0.38	0.27587679382675
0.381	0.403210676838667
0.382	0.369615678359571
0.383	0.180240252022436
0.384	-0.108815927816366
0.385	-0.376457861833843
0.386	-0.48768710597267
0.387	-0.408043618909913
0.388	-0.196385043935783
0.389	0.0648571900525314
0.39	0.339518385385435
0.391	0.579467268863715
0.392	0.685731500671738
0.393	0.577466324723139
0.394	0.351036598000282
0.395	0.0976659085742872
0.396	-0.102130093182391
0.397	-0.172505059404318
0.398	-0.121256797085275
0.399	0.0690721050834604
0.4	0.278028231840953
0.401	0.407872268633044
0.402	0.37718104051115
0.403	0.189101000135894
0.404	-0.0996485390391906
0.405	-0.367996126542367
0.406	-0.481779543674029
0.407	-0.405472745387885
0.408	-0.194099757219762
0.409	0.0650590645561679
0.41	0.338763636882116
0.411	0.577287102012405
0.412	0.681773428719158
0.413	0.571298784981985
0.414	0.343211090860676
0.415	0.0891721336797099
0.416	-0.109791971339587
0.417	-0.178486330318543
0.418	-0.123676787453258
0.419	0.0690012969271475
0.42	0.280088047491251
0.421	0.412330206600034
0.422	0.385393795165048
0.423	0.20109829655815
0.424	-0.0906158500870835
0.425	-0.359764459372187
0.426	-0.476187670984386
0.427	-0.403085929844274
0.428	-0.193392760195167
0.429	0.0650637560441142
0.43	0.338081898191061
0.431	0.575205537407272
0.432	0.67800560977213
0.433	0.565467063696361
0.434	0.3357331551353
0.435	0.0810861895139873
0.436	-0.117056712756291
0.437	-0.184122894315249
0.438	-0.125932936516686
0.439	0.0688352021405063
0.44	0.281970757502172
0.441	0.416467566524959
0.442	0.391101542645335
0.443	0.205426429412006
0.444	-0.0827994726316802
0.445	-0.352333375404065
0.446	-0.470807880356921
0.447	-0.400735363043659
0.448	-0.192774695853624
0.449	0.0651128004446168
0.45	0.337426584155605
0.451	0.573263357267167
0.452	0.674451039302499
0.453	0.559925373561327
0.454	0.328676095274768
0.455	0.0734161795023138
0.456	-0.123954167310013
0.457	-0.189445800604132
0.458	-0.128050633933768
0.459	0.0686949186002032
0.46	0.283720829013069
0.461	0.420334911604591
0.462	0.397410715621919
0.463	0.212885444222553
0.464	-0.0750055638354756
0.465	-0.345057266618109
0.466	-0.465682956812235
0.467	-0.398554383915537
0.468	-0.192157293813586
0.469	0.0651850544485663
0.47	0.336803341736612
0.471	0.571389344191397
0.472	0.671038650145321
0.473	0.554650401724136
0.474	0.321964981240659
0.475	0.0661123357744378
0.476	-0.130497577315618
0.477	-0.194466987367066
0.478	-0.130026057023801
0.479	0.0685986569319711
0.48	0.285360947219191
0.481	0.423957134687635
0.482	0.403300201188592
0.483	0.219990294373258
0.484	-0.0674720854083928
0.485	-0.338119994377839
0.486	-0.460787232431982
0.487	-0.396383569878709
0.488	-0.191585291140335
0.489	0.0651985703751087
0.49	0.336200327547655
0.491	0.56958558110245
0.492	0.667764561157174
0.493	0.549619435237198
0.494	0.315563581869549
0.495	0.0591453712661646
0.496	-0.136719360527382
0.497	-0.199222927774137
0.498	-0.131872793506895
0.499	0.0686152150129753
0.5	0.286892219808322
0.501	0.427355146566815
0.502	0.408910164339711
0.503	0.226711226337649
0.504	-0.0602147526651789
0.505	-0.331455773205569
0.506	-0.456100108952052
0.507	-0.394326203736803
0.508	-0.191118595125725
0.509	0.065308078006281
0.51	0.335610765108509
0.511	0.567850364432576
0.512	0.664604430526704
0.513	0.544831910230256
0.514	0.309437769645176
0.515	0.0524851147328254
0.516	-0.142649652108093
0.517	-0.203739006078121
0.518	-0.13357690601069
0.519	0.0685578662708493
0.52	0.288301222406253
0.521	0.430556742293636
0.522	0.414570245225276
0.523	0.233097283713713
0.524	-0.0534227210259609
0.525	-0.325085728422173
0.526	-0.451610065322029
0.527	-0.392221604822385
0.528	-0.190680758635422
0.529	0.0653478979635838
0.53	0.335024463648359
0.531	0.56619083425264
0.532	0.661570457134901
0.533	0.540223291759761
0.534	0.30357071461727
0.535	0.0461180436146963
0.536	-0.148305736363592
0.537	-0.208052840739904
0.538	-0.135174933409611
0.539	0.0685044577310296
0.54	0.289553018239274
0.541	0.433584774060492
0.542	0.419711418991597
0.543	0.239196169983084
0.544	-0.0468226577268268
0.545	-0.318935432986172
0.546	-0.448853381633523
0.547	-0.390325579624539
0.548	-0.19023026839592
0.549	0.0653633950271322
0.55	0.334479629119672
0.551	0.564594732292172
0.552	0.658657616194947
0.553	0.535820119563083
0.554	0.297967345599394
0.555	0.0400323876571078
0.556	-0.153703430276222
0.557	-0.212149337846762
0.558	-0.13666388624445
0.559	0.0683897090438341
0.56	0.29076415114831
0.561	0.436437902944019
0.562	0.424591388717709
0.563	0.245034223106317
0.564	-0.0409222484089592
0.565	-0.313034466929758
0.566	-0.444723041179274
0.567	-0.388459957516088
0.568	-0.189831044122909
0.569	0.0653758112076183
0.57	0.333954067972961
0.571	0.563053299009555
0.572	0.655837770437216
0.573	0.531601617541671
0.574	0.292586196631695
0.575	0.0341921274451067
0.576	-0.158869049818965
0.577	-0.216019509791421
0.578	-0.138067750357289
0.579	0.0683277327551564
0.58	0.291952315475039
0.581	0.439153657024298
0.582	0.429219701883192
0.583	0.250581540493788
0.584	-0.0349729768046485
0.585	-0.307382322990489
0.586	-0.440744238334174
0.587	-0.386632286398154
0.588	-0.189383730711037
0.589	0.0653873442416098
0.59	0.333443062961293
0.591	0.561561712526084
0.592	0.653099786936514
0.593	0.52755588914843
0.594	0.287415830386412
0.595	0.0285768354047117
0.596	-0.163822480992129
0.597	-0.219746107525151
0.598	-0.139406986196209
0.599	0.068256263117344
0.6	0.293185187889436
0.601	0.441718310973325
0.602	0.433586433559674
0.603	0.25593801406726
0.604	-0.0294765876428762
0.605	-0.30196400487819
0.606	-0.436910681166048
0.607	-0.384890782701179
0.608	-0.188950089849942
0.609	0.0654022047473867
0.61	0.332954195951263
0.611	0.560119123194042
0.612	0.650448808989648
0.613	0.523656373744681
0.614	0.28242853041591
0.615	0.0231721547291334
0.616	-0.168580600569763
0.617	-0.223224785305187
0.618	-0.140688275700472
0.619	0.0681707270754685
0.62	0.294258991920008
0.621	0.444167416492375
0.622	0.437792628969289
0.623	0.261035979218343
0.624	-0.0240709491834629
0.625	-0.296757830328774
0.626	-0.433215269110304
0.627	-0.383175328800729
0.628	-0.188525535546616
0.629	0.0654148652515115
0.63	0.332491821300178
0.631	0.558713929419749
0.632	0.647881117881584
0.633	0.519913606475649
0.634	0.277593731271563
0.635	0.0179719861328983
0.636	-0.173152505039933
0.637	-0.226563533753332
0.638	-0.14187444382638
0.639	0.0681441920946818
0.64	0.295264559983567
0.641	0.446513932342466
0.642	0.441859702566423
0.643	0.265930091724706
0.644	-0.0187937238978235
0.645	-0.291741000351264
0.646	-0.429647922113209
0.647	-0.381508347635939
0.648	-0.188090359089337
0.649	0.0654240404206488
0.65	0.332046375597565
0.651	0.557351879411217
0.652	0.645387344714632
0.653	0.516326361713161
0.654	0.27292542343149
0.655	0.0129626792140629
0.656	-0.177549270504559
0.657	-0.229767618340135
0.658	-0.142992151609217
0.659	0.0681092174038336
0.66	0.296137852390309
0.661	0.448757450653879
0.662	0.445737811750719
0.663	0.270607445231229
0.664	-0.0136945553902571
0.665	-0.286921732627083
0.666	-0.426202067730608
0.667	-0.379882581356273
0.668	-0.187692241330292
0.669	0.065429436128281
0.67	0.331617162226042
0.671	0.556038988129307
0.672	0.642966730704941
0.673	0.512886146054148
0.674	0.268424024207739
0.675	0.00813723315413476
0.676	-0.18178010528539
0.677	-0.23287039416509
0.678	-0.144036079583947
0.679	0.0680943915463353
0.68	0.296961636418928
0.681	0.450897479933177
0.682	0.449435696506127
0.683	0.275095607137903
0.684	-0.00889960498812823
0.685	-0.282253113386284
0.686	-0.422871369699396
0.687	-0.378341180735213
0.688000000000001	-0.187257595030775
0.689000000000001	0.0654368564570304
0.690000000000001	0.33120315808193
0.691000000000001	0.554759840857926
0.692000000000001	0.640611765308588
0.693000000000001	0.509565538441179
0.694000000000001	0.264067262652712
0.695000000000001	0.00348367409534428
0.696000000000001	-0.185856125353502
0.697000000000001	-0.235824320411795
0.698000000000001	-0.145025738066762
0.699000000000001	0.0680770135100723
0.700000000000001	0.29778198646412
0.701000000000001	0.452941038112348
0.702000000000001	0.45299381382125
0.703000000000001	0.279418692413979
0.704000000000001	-0.00426328797151187
0.705000000000001	-0.277743619750875
0.706000000000001	-0.419650635206837
0.707000000000001	-0.377138937338114
0.708000000000001	-0.186939969089546
0.709000000000001	0.0653427209217192
0.710000000000001	0.330796998081665
0.711000000000001	0.553530645882232
0.712000000000001	0.638322046091266
0.713000000000001	0.506362386103609
0.714000000000001	0.259865248372251
0.715000000000001	-0.00100554394827862
0.716000000000001	-0.189787240479248
0.717000000000001	-0.238644710057122
0.718000000000001	-0.145968323464083
0.719000000000001	0.0680449502913903
0.720000000000001	0.298502603840354
0.721000000000001	0.454887989324666
0.722000000000001	0.45644924597719
0.723000000000001	0.283557743381955
0.724000000000001	0.000194098841098742
0.725000000000001	-0.273388980043705
0.726000000000001	-0.416534980955955
0.727000000000001	-0.375274352110687
0.728000000000001	-0.186460051962011
0.729000000000001	0.065459524306265
0.730000000000001	0.330393580219137
0.731000000000001	0.552340548086393
0.732000000000001	0.636101784810619
0.733000000000001	0.503280581059608
0.734000000000001	0.255835344535722
0.735000000000001	-0.00533072213610776
0.736000000000001	-0.193582771462644
0.737000000000001	-0.241352947196858
0.738000000000001	-0.146894568291027
0.739000000000001	0.0680432504469016
0.740000000000001	0.299268690838895
0.741000000000001	0.456721253094284
0.742000000000001	0.459788824897343
0.743000000000001	0.287516903141151
0.744000000000001	0.00451155297315007
0.745000000000001	-0.269201519246911
0.746000000000001	-0.413517380537355
0.747000000000001	-0.373827968846093
0.748000000000001	-0.186051416283016
0.749000000000001	0.0654604574352832
0.750000000000001	0.33000826330761
0.751000000000001	0.551185759138875
0.752000000000001	0.633941523305415
0.753000000000001	0.500294176184773
0.754000000000001	0.251963095898234
0.755000000000001	-0.00950790935803364
0.756000000000001	-0.197248954088491
0.757000000000001	-0.2439040184991
0.758000000000001	-0.14773808207995
0.759000000000001	0.0680928610988879
0.760000000000001	0.29994361954798
0.761000000000001	0.458457192474253
0.762000000000001	0.462863663589187
0.763000000000001	0.291329742562776
0.764000000000001	0.00868294728128782
0.765000000000001	-0.265171712567634
0.766000000000001	-0.410592972424243
0.767000000000001	-0.372412651229018
0.768000000000001	-0.185661310024423
0.769000000000001	0.0654629940465363
0.770000000000001	0.329634598550871
0.771000000000001	0.550064588606128
0.772000000000001	0.631834373365664
0.773000000000001	0.497394780228535
0.774000000000001	0.248236719701973
0.775000000000001	-0.013544856732419
0.776000000000001	-0.200790504860556
0.777000000000001	-0.246394091076928
0.778000000000001	-0.148561355564468
0.779000000000001	0.0680056963948056
0.780000000000001	0.300633305952285
0.781000000000001	0.460124762064781
0.782000000000001	0.465839218398088
0.783000000000001	0.295001307158102
0.784000000000001	0.01273398420665
0.785000000000001	-0.261281972620321
0.786000000000001	-0.407757262868585
0.787000000000001	-0.371063429053927
0.788000000000001	-0.185266924246376
0.789000000000001	0.0654563966243674
0.790000000000001	0.329270543613977
0.791000000000001	0.548986506471416
0.792000000000001	0.629783861896544
0.793000000000001	0.494597897541897
0.794000000000001	0.244651814521676
0.795000000000001	-0.017442190311166
0.796000000000001	-0.204210830759306
0.797000000000001	-0.248785307900248
0.798000000000001	-0.149354702282294
0.799000000000001	0.067855558906004
0.800000000000001	0.301291677289464
0.801000000000001	0.461741127091512
0.802000000000001	0.468737120400338
0.803000000000001	0.298571856456013
0.804000000000001	0.0166619706874653
0.805000000000001	-0.257530869584989
0.806000000000001	-0.405007226813825
0.807000000000001	-0.369712802715434
0.808000000000001	-0.184870940287903
0.809000000000001	0.065448995426448
0.810000000000001	0.328916010389097
0.811000000000001	0.547932371000786
0.812000000000001	0.627790424503653
0.813000000000001	0.491900396966944
0.814000000000001	0.241204684629432
0.815000000000001	-0.0212089782753545
0.816000000000001	-0.207516152069661
0.817000000000001	-0.251066041882296
0.818000000000001	-0.150099989266622
0.819000000000001	0.0677536721829292
0.820000000000001	0.301920307999186
0.821000000000001	0.463306970958345
0.822000000000001	0.471560146906729
0.823000000000001	0.301957442125879
0.824000000000001	0.0203734355325625
0.825000000000001	-0.253909211791003
0.826000000000001	-0.402341561822987
0.827000000000001	-0.368395476241703
0.828000000000001	-0.184499684060587
0.829000000000001	0.0654436663757064
0.830000000000001	0.328571400238411
0.831000000000001	0.546907437578063
0.832000000000001	0.625854373297659
0.833000000000001	0.489294979165367
0.834000000000001	0.237876503359513
0.835000000000001	-0.0248483768710542
0.836000000000001	-0.210710272813506
0.837000000000001	-0.253273560311005
0.838000000000001	-0.150843943190698
0.839000000000001	0.0677129493676742
0.840000000000001	0.302535884567736
0.841000000000001	0.464822912759896
0.842000000000001	0.474301080506976
0.843000000000001	0.30519875705199
0.844000000000001	0.024033329629835
0.845000000000001	-0.250236946315581
0.846000000000001	-0.399758394120095
0.847000000000001	-0.367111593854978
0.848000000000001	-0.184126648347141
0.849000000000001	0.0654438336460928
0.850000000000001	0.328237073907173
0.851000000000001	0.545905470649387
0.852000000000001	0.623966306422584
0.853000000000001	0.486774762063284
0.854000000000001	0.234653845335137
0.855000000000001	-0.0283663645987268
0.856000000000001	-0.21379707591441
0.857000000000001	-0.255365597466071
0.858000000000001	-0.151551991118372
0.859000000000001	0.0677021399712541
0.860000000000001	0.303087299507084
0.861000000000001	0.466290977683957
0.862000000000001	0.47691439714938
0.863000000000001	0.308343978880213
0.864000000000001	0.0270448179248329
0.865000000000001	-0.247019718583501
0.866000000000001	-0.397248363866988
0.867000000000001	-0.36586311883671
0.868000000000001	-0.183778663400194
0.869000000000001	0.0654348447537936
0.870000000000001	0.327907604735144
0.871000000000001	0.544923672859154
0.872000000000001	0.622127598511829
0.873000000000001	0.484331143224517
0.874000000000001	0.231536427793966
0.875000000000001	-0.03176838009892
0.876000000000001	-0.216781410322236
0.877000000000001	-0.257441976980285
0.878000000000001	-0.152210700351327
0.879000000000001	0.0676939696874876
0.880000000000001	0.303673622890044
0.881000000000001	0.467712424011604
0.882000000000001	0.479431857608619
0.883000000000001	0.311353934082366
0.884000000000001	0.0299654374339454
0.885000000000001	-0.243776135874758
0.886000000000001	-0.39481468745941
0.887000000000001	-0.364672586144163
0.888000000000001	-0.183439307267465
0.889000000000001	0.065426809816573
0.890000000000001	0.327588199868968
0.891000000000001	0.543970180191509
0.892000000000001	0.62033995409817
0.893000000000001	0.481967536090666
0.894000000000001	0.228523146253545
0.895000000000001	-0.0350601890583857
0.896000000000001	-0.219667897465786
0.897000000000001	-0.25941776495265
0.898000000000001	-0.15286576141712
0.899000000000001	0.0677008907966649
0.900000000000001	0.304190578742224
0.901000000000001	0.469076258271112
0.902000000000001	0.481860301756704
0.903000000000001	0.314244600517415
0.904000000000001	0.0328291898702791
0.905000000000001	-0.240638923226883
0.906000000000001	-0.392453371090751
0.907000000000001	-0.363509487553901
0.908000000000001	-0.183106291473628
0.909000000000001	0.0654261158395307
0.910000000000001	0.327277061018499
0.911000000000001	0.543046745480229
0.912000000000001	0.618601429995569
0.913000000000001	0.479679226456636
0.914000000000001	0.225610964100026
0.915000000000001	-0.0382438247665889
0.916000000000001	-0.2224588368589
0.917000000000001	-0.261310476054368
0.918000000000001	-0.153476121479347
0.919000000000001	0.0677195335715007
0.920000000000001	0.304719528868341
0.921000000000001	0.470378682752298
0.922000000000001	0.484191714104131
0.923000000000001	0.317032640716042
0.924000000000001	0.035740627264232
0.925000000000001	-0.237606302656142
0.926000000000001	-0.390161605115677
0.927000000000001	-0.362360441733009
0.928000000000001	-0.182763502506128
0.929000000000001	0.0654265798411918
0.930000000000001	0.326978221547305
0.931000000000001	0.542151461244944
0.932000000000001	0.616913422130629
0.933000000000001	0.477463877319872
0.934000000000001	0.222789701677098
0.935000000000001	-0.0413230321235635
0.936000000000001	-0.225157800080604
0.937000000000001	-0.263131910722475
0.938000000000001	-0.154053451019251
0.939000000000001	0.0677860219023406
0.940000000000001	0.305180771590221
0.941000000000001	0.471634444510506
0.942000000000001	0.486439503739686
0.943000000000001	0.319723157855815
0.944000000000001	0.0385831616896141
0.945000000000001	-0.234681522398246
0.946000000000001	-0.387936790922723
0.947000000000001	-0.361211062818534
0.948000000000001	-0.182428177602992
0.949000000000001	0.0654283096406056
0.950000000000001	0.326690949798737
0.951000000000001	0.541277062898032
0.952000000000001	0.61526573094459
0.953000000000001	0.475315682468155
0.954000000000001	0.220056052612012
0.955000000000001	-0.0443004415753038
0.956000000000001	-0.227766485070586
0.957000000000001	-0.264896270669455
0.958000000000001	-0.154601825736412
0.959000000000001	0.0678476011724171
0.960000000000001	0.305622727720037
0.961000000000001	0.472845838981567
0.962000000000001	0.48859379622214
0.963000000000001	0.322344104652736
0.964000000000001	0.041386657919513
0.965000000000001	-0.231857852834343
0.966000000000001	-0.385775902779468
0.967000000000001	-0.360100022834082
0.968000000000001	-0.182119654146184
0.969000000000001	0.0654285159772276
0.970000000000001	0.326410755994341
0.971000000000001	0.54022724779888
0.972000000000001	0.613748195093779
0.973000000000001	0.473301592523862
0.974000000000001	0.217457476002469
0.975000000000001	-0.0471575820856649
0.976000000000001	-0.230269894753073
0.977000000000001	-0.266572948670051
0.978000000000001	-0.155128802064931
0.979000000000001	0.0679031021077219
0.980000000000001	0.306038736173466
0.981000000000001	0.474011751055443
0.982000000000001	0.49068172923235
0.983000000000001	0.324850001761266
0.984000000000001	0.0441031629786864
0.985000000000001	-0.229129968724991
0.986000000000001	-0.383688886743829
0.987000000000001	-0.359057031396696
0.988000000000001	-0.181812156053755
0.989000000000001	0.065426433107525
0.990000000000001	0.326137012353394
0.991000000000001	0.539405414636418
0.992000000000001	0.612200793969167
0.993000000000001	0.471304178498304
0.994000000000001	0.214900145401763
0.995000000000001	-0.0499309381963153
0.996000000000001	-0.232697789253652
0.997000000000001	-0.268195037100636
0.998000000000001	-0.155639091852412
0.999000000000001	0.0679352295459531
1	0.306467622540006
1.001	0.475139560096367
1.002	0.49272543587688
1.003	0.327279686670471
1.004	0.0467119744385746
1.005	-0.22648559648359
1.006	-0.381656319063874
1.007	-0.357958449929535
1.008	-0.181498436807089
1.009	0.0654211775293975
1.01	0.325874068814102
1.011	0.538600661973276
1.012	0.610688209484053
1.013	0.469359155542651
1.014	0.2124201656024
1.015	-0.0526192161094622
1.016	-0.235050237720014
1.017	-0.269760104976065
1.018	-0.156135567403998
1.019	0.0679458146807585
1.02	0.306848981192999
1.021	0.47623369967313
1.022	0.494708707921741
1.023	0.329611954702427
1.024	0.0492365605034864
1.025	-0.223930006310339
1.026	-0.379679954514082
1.027	-0.356998545278596
1.028	-0.18124105453041
1.029	0.0654176229749791
1.03	0.325625063383398
1.031	0.537816111869901
1.032	0.609212192328332
1.033	0.467466642908508
1.034	0.21001550541655
1.035	-0.0552235151830109
1.036	-0.237325688839169
1.037	-0.271269734409834
1.038	-0.156599585807977
1.039	0.0679450030590392
1.04	0.30722190553961
1.041	0.4772894821668
1.042	0.496611071682805
1.043	0.331866925717212
1.044	0.051675738176896
1.045	-0.221457198646535
1.046	-0.377759704771009
1.047	-0.355973113872596
1.048	-0.181861778388031
1.049	0.064720656711545
1.05	0.325611668856931
1.051	0.537159929517145
1.05199999999999	0.607743599583005
1.05299999999999	0.465543740654689
1.05399999999999	0.207673196688332
1.05499999999999	-0.0577431823183626
1.05599999999999	-0.239536456595512
1.05699999999999	-0.27275439877018
1.05799999999999	-0.157065956430427
1.05899999999999	0.067921105864614
1.05999999999999	0.307562856789109
1.06099999999999	0.478294311649611
1.06199999999999	0.498424543233574
1.06299999999999	0.334035300837124
1.06399999999999	0.0540555048436459
1.06499999999999	-0.219068555102954
1.06599999999999	-0.375891101201987
1.06699999999999	-0.354958966177785
1.06799999999999	-0.181577385485222
1.06899999999999	0.0647442531351815
1.06999999999999	0.325375514921425
1.07099999999999	0.536427571857691
1.07199999999999	0.606351147153732
1.07299999999999	0.463749079193159
1.07399999999999	0.205416986821319
1.07499999999999	-0.0601841159492607
1.07599999999999	-0.241669148855769
1.07699999999999	-0.274170906371378
1.07799999999999	-0.157503368106713
1.07899999999999	0.0679050152817309
1.07999999999999	0.307901898246879
1.08099999999999	0.479274311291535
1.08199999999999	0.500207026472003
1.08299999999999	0.3361319400785
1.08399999999999	0.0563717917281879
1.08499999999999	-0.216748329755658
1.08599999999999	-0.37408037123016
1.08699999999999	-0.35400715239815
1.08799999999999	-0.181317175206744
1.08899999999999	0.0648241084746497
1.08999999999999	0.325137686034204
1.09099999999999	0.535717215850279
1.09199999999999	0.604994151303342
1.09299999999999	0.462003684905708
1.09399999999999	0.203228122694762
1.09499999999999	-0.0625481678747502
1.09599999999999	-0.243730535798754
1.09699999999999	-0.275518913436512
1.09799999999999	-0.157910376188847
1.09899999999999	0.0678608971869029
1.09999999999999	0.308236164067295
1.10099999999999	0.480235028229002
1.10199999999999	0.501963934248929
1.10299999999999	0.338185440117856
1.10399999999999	0.0586004211668826
1.10499999999999	-0.214497598137491
1.10599999999999	-0.372322993648381
1.10699999999999	-0.353099035767135
1.10799999999999	-0.181066743076169
1.10899999999999	0.064954998694227
1.10999999999999	0.324911607056661
1.11099999999999	0.535023658066109
1.11199999999999	0.603670532906953
1.11299999999999	0.460308147529092
1.11399999999999	0.201105141868708
1.11499999999999	-0.0648375843102695
1.11599999999999	-0.245724722151141
1.11699999999999	-0.276844034930644
1.11799999999999	-0.158281977327697
1.11899999999999	0.0678097526690215
1.11999999999999	0.308557448888926
1.12099999999999	0.481173058560597
1.12199999999999	0.503649334390633
1.12299999999999	0.340167907165825
1.12399999999999	0.0607539051546094
1.12499999999999	-0.212316320590238
1.12599999999999	-0.370616430963453
1.12699999999999	-0.352203346421401
1.12799999999999	-0.180823733633783
1.12899999999999	0.065073026458279
1.12999999999999	0.324709530074962
1.13099999999999	0.534346200864563
1.13199999999999	0.602379770952367
1.13299999999999	0.458659002790853
1.13399999999999	0.19904583072489
1.13499999999999	-0.0670548713875437
1.13599999999999	-0.247654008551574
1.13699999999999	-0.278143225234072
1.13799999999999	-0.158672374333823
1.13899999999999	0.0677590623246472
1.13999999999999	0.308855005926244
1.14099999999999	0.48208730728474
1.14199999999999	0.505280709912785
1.14299999999998	0.342015947996039
1.14399999999998	0.062835828195929
1.14499999999998	-0.210203812153538
1.14599999999998	-0.368956983683462
1.14699999999998	-0.351327190931634
1.14799999999998	-0.180578778343616
1.14899999999998	0.0651733390942084
1.14999999999998	0.324518153410765
1.15099999999998	0.533685809262571
1.15199999999998	0.601122069259978
1.15299999999998	0.457059834790621
1.15399999999998	0.197048718930112
1.15499999999998	-0.069203535345839
1.15599999999998	-0.249521428880256
1.15699999999998	-0.279388426221662
1.15799999999998	-0.159045741531212
1.15899999999998	0.0677116807197863
1.15999999999998	0.309131457015385
1.16099999999998	0.482975799934232
1.16199999999998	0.506856372949063
1.16299999999998	0.343849545524042
1.16399999999998	0.0648648847785885
1.16499999999998	-0.208158751966516
1.16599999999998	-0.367343540118429
1.16699999999998	-0.350473631293462
1.16799999999998	-0.180344013640707
1.16899999999998	0.0652690868601625
1.16999999999998	0.324322489635664
1.17099999999998	0.533044133417437
1.17199999999998	0.599897156499454
1.17299999999998	0.455507304243563
1.17399999999998	0.195111327119315
1.17499999999998	-0.0712862910114709
1.17599999999998	-0.25132890608829
1.17699999999998	-0.280569173937646
1.17799999999998	-0.159390228707658
1.17899999999998	0.0676664976310127
1.17999999999998	0.309408474069498
1.18099999999998	0.483837350843551
1.18199999999998	0.508386179271425
1.18299999999998	0.345634263277255
1.18399999999998	0.0668436959500011
1.18499999999998	-0.206173637650868
1.18599999999998	-0.365774464183527
1.18699999999998	-0.349643658710579
1.18799999999998	-0.180120443254419
1.18899999999998	0.0653465489328072
1.18999999999998	0.324122334127034
1.19099999999998	0.53242000707087
1.19199999999998	0.598701631846835
1.19299999999998	0.45399849024774
1.19399999999998	0.193230941763142
1.19499999999998	-0.073306389832015
1.19599999999998	-0.253079335079447
1.19699999999998	-0.28170125148998
1.19799999999998	-0.159743818218334
1.19899999999998	0.0676226252153824
1.19999999999998	0.309664452369546
1.20099999999998	0.484669241326698
1.20199999999998	0.509879847835099
1.20299999999998	0.347345285225005
1.20399999999998	0.0687732356858371
1.20499999999998	-0.204254278154102
1.20599999999998	-0.36424991948601
1.20699999999998	-0.348831775475988
1.20799999999998	-0.179906575384315
1.20899999999998	0.0654123314984639
1.20999999999998	0.323932097659131
1.21099999999998	0.531812361327562
1.21199999999998	0.597533794933329
1.21299999999998	0.452533649335043
1.21399999999998	0.191405277521894
1.21499999999998	-0.0752661685425618
1.21599999999998	-0.254774456312834
1.21699999999998	-0.282807837729089
1.21799999999998	-0.160091281972222
1.21899999999998	0.0675773595547067
1.21999999999998	0.309911278279252
1.22099999999998	0.485473227338754
1.22199999999998	0.51125842149867
1.22299999999998	0.348999337460529
1.22399999999998	0.0706403473227514
1.22499999999998	-0.202396020615835
1.22599999999998	-0.362768452586218
1.22699999999998	-0.348030986003163
1.22799999999998	-0.179692181503201
1.22899999999998	0.0654593577857481
1.22999999999998	0.323742274789205
1.23099999999998	0.531221583759812
1.23199999999998	0.59640342174352
1.23299999999998	0.451108728517048
1.23399999999997	0.189635340835004
1.23499999999997	-0.0771666600795856
1.23599999999997	-0.256415593222667
1.23699999999997	-0.283867704299257
1.23799999999997	-0.160429840141942
1.23899999999997	0.067531794830964
1.23999999999997	0.310156348046731
1.24099999999997	0.486248923016434
1.24199999999997	0.512628889835208
1.24299999999997	0.350612996576724
1.24399999999997	0.0724617855883173
1.24499999999997	-0.200587703877941
1.24599999999997	-0.361330150667201
1.24699999999997	-0.347252400350353
1.24799999999997	-0.179479540588731
1.24899999999997	0.0654967440960745
1.24999999999997	0.323548290930301
1.25099999999997	0.530649799546612
1.25199999999997	0.595300426067365
1.25299999999997	0.449717855947279
1.25399999999997	0.187922226675228
1.25499999999997	-0.0790084083713842
1.25599999999997	-0.258004918610936
1.25699999999997	-0.284911205450919
1.25799999999997	-0.160749614606309
1.25899999999997	0.0674913823449214
1.25999999999997	0.310402153692781
1.26099999999997	0.487000154666356
1.26199999999997	0.513937436430065
1.26299999999997	0.352170621743278
1.26399999999997	0.074239287512722
1.26499999999997	-0.198839693940352
1.26599999999997	-0.359932818280075
1.26699999999997	-0.346492777147142
1.26799999999997	-0.179267623570235
1.26899999999997	0.0655276648348329
1.26999999999997	0.323354332755197
1.27099999999997	0.530085615670722
1.27199999999997	0.594222703931464
1.27299999999997	0.448368893144739
1.27399999999997	0.186260867774521
1.27499999999997	-0.0807923347288235
1.27599999999997	-0.259543693528865
1.27699999999997	-0.285935385999984
1.27799999999997	-0.161043531245695
1.27899999999997	0.0674370649067946
1.27999999999997	0.310636036349719
1.28099999999997	0.487729635434648
1.28199999999997	0.515202320038256
1.28299999999997	0.353682632555745
1.28399999999997	0.0759504147845978
1.28499999999997	-0.197148278206348
1.28599999999997	-0.358575481401353
1.28699999999997	-0.345753530329373
1.28799999999997	-0.179057545767066
1.28899999999997	0.0655484210733567
1.28999999999997	0.323164203137225
1.29099999999997	0.529536574041934
1.29199999999997	0.593169579220195
1.29299999999997	0.447057106345699
1.29399999999997	0.184649883780156
1.29499999999997	-0.082521825440772
1.29599999999997	-0.261033793261616
1.29699999999997	-0.286912127316825
1.29799999999997	-0.160928334348794
1.29899999999997	0.0662463884775374
1.29999999999997	0.311133118665519
1.30099999999997	0.488453030724369
1.30199999999997	0.516413485407992
1.30299999999997	0.355139341163095
1.30399999999997	0.0775800370686263
1.30499999999997	-0.19552625959146
1.30599999999997	-0.357279651755974
1.30699999999997	-0.345048228396279
1.30799999999997	-0.178837256098665
1.30899999999997	0.0655837598844361
1.30999999999997	0.323002717544486
1.31099999999997	0.52901669441706
1.31199999999997	0.592159117793522
1.31299999999997	0.445786067040611
1.31399999999997	0.18310734705886
1.31499999999997	-0.0841757666534876
1.31599999999997	-0.262458805300083
1.31699999999997	-0.28784423809449
1.31799999999997	-0.161230191042539
1.31899999999997	0.0661979483872849
1.31999999999997	0.311342527123269
1.32099999999997	0.489132600287656
1.32199999999997	0.51759500253023
1.32299999999997	0.356561035331578
1.32399999999996	0.0791640251739624
1.32499999999996	-0.193933225321239
1.32599999999996	-0.35600286453396
1.32699999999996	-0.344342978845882
1.32799999999996	-0.178634924951941
1.32899999999996	0.0656044546558816
1.32999999999996	0.322828619669982
1.33099999999996	0.528503001123838
1.33199999999996	0.591171578668099
1.33299999999996	0.444529690388528
1.33399999999996	0.181600825670988
1.33499999999996	-0.0857948750367155
1.33599999999996	-0.263851640996325
1.33699999999996	-0.288757498786779
1.33799999999996	-0.161512539709116
1.33899999999996	0.0661626960036192
1.33999999999996	0.311553967335358
1.34099999999996	0.489784449592424
1.34199999999996	0.518759368453984
1.34299999999996	0.357930500420169
1.34399999999996	0.0806942133136376
1.34499999999996	-0.192385235768034
1.34599999999996	-0.354759475928969
1.34699999999996	-0.343658263740115
1.34799999999996	-0.178445267933575
1.34899999999996	0.0656190308332184
1.34999999999996	0.322649980734804
1.35099999999996	0.527998212296198
1.35199999999996	0.590207780917855
1.35299999999996	0.443299849456731
1.35399999999996	0.180139692055663
1.35499999999996	-0.0873695856063817
1.35599999999996	-0.265203988100732
1.35699999999996	-0.289632348640984
1.35799999999996	-0.16177348681535
1.35899999999996	0.0661346333360908
1.35999999999996	0.311753552939466
1.36099999999996	0.49042080760982
1.36199999999996	0.519898555111619
1.36299999999996	0.359255369903603
1.36399999999996	0.0821796130568893
1.36499999999996	-0.190884967119729
1.36599999999996	-0.35355164415848
1.36699999999996	-0.342980545827613
1.36799999999996	-0.178263626655275
1.36899999999996	0.0656298870395573
1.36999999999996	0.322472334789318
1.37099999999996	0.527504755475894
1.37199999999996	0.589267855558034
1.37299999999996	0.442097036227705
1.37399999999996	0.178720003880435
1.37499999999996	-0.0888984657536487
1.37599999999996	-0.266514705020876
1.37699999999996	-0.290484974214482
1.37799999999996	-0.162018787378098
1.37899999999996	0.0661094046782825
1.37999999999996	0.311949629202655
1.38099999999996	0.491039454459288
1.38199999999996	0.520997445057117
1.38299999999996	0.360538402669492
1.38399999999996	0.0836171037568974
1.38499999999996	-0.189429472554765
1.38599999999996	-0.352378403363673
1.38699999999996	-0.342311374324851
1.38799999999996	-0.178077398445779
1.38899999999996	0.0656382052726932
1.38999999999996	0.322299799970106
1.39099999999996	0.527024884808842
1.39199999999996	0.588355293970182
1.39299999999996	0.440935003153163
1.39399999999996	0.17733648678907
1.39499999999996	-0.0903821022529621
1.39599999999996	-0.267784476532435
1.39699999999996	-0.291323069603549
1.39799999999996	-0.162271387391327
1.39899999999996	0.0660878617009159
1.39999999999996	0.312140649519734
1.40099999999996	0.491639373735279
1.40199999999996	0.522061107228931
1.40299999999996	0.361783609934185
1.40399999999996	0.0850094389452886
1.40499999999996	-0.18801781250948
1.40599999999996	-0.351239436623894
1.40699999999996	-0.341662792504383
1.40799999999996	-0.17789351138956
1.40899999999996	0.0656452997823638
1.40999999999996	0.322134307674598
1.41099999999996	0.526557926145305
1.41199999999996	0.587461221771998
1.41299999999996	0.439811778595293
1.41399999999996	0.175994533464429
1.41499999999995	-0.0918216758073366
1.41599999999995	-0.269014027292645
1.41699999999995	-0.292135583616542
1.41799999999995	-0.162519394827761
1.41899999999995	0.0660563687228062
1.41999999999995	0.312315465073213
1.42099999999995	0.492221598982063
1.42199999999995	0.523086741999983
1.42299999999995	0.362986825327107
1.42399999999995	0.0863580874313309
1.42499999999995	-0.186648612957597
1.42599999999995	-0.350133178323777
1.42699999999995	-0.341036636554863
1.42799999999995	-0.17772483933634
1.42899999999995	0.0656518486000677
1.42999999999995	0.321975760350364
1.43099999999995	0.526103411073109
1.43199999999995	0.586601799536227
1.43299999999995	0.438724708149219
1.43399999999995	0.17469887515264
1.43499999999995	-0.0932191339578227
1.43599999999995	-0.270204876647743
1.43699999999995	-0.292922054629371
1.43799999999995	-0.162758663702329
1.43899999999995	0.0660312793511416
1.43999999999995	0.312495652487982
1.44099999999995	0.492787294337852
1.44199999999995	0.524077416094019
1.44299999999995	0.364141054727912
1.44399999999995	0.0876644816287229
1.44499999999995	-0.185322635117927
1.44599999999995	-0.349059105747871
1.44699999999995	-0.340431374431473
1.44799999999995	-0.177554890207786
1.44899999999995	0.0656584052192759
1.44999999999995	0.321823740918624
1.45099999999995	0.52565836464949
1.45199999999995	0.585765476060515
1.45299999999995	0.437683908565718
1.45399999999995	0.173440775528315
1.45499999999995	-0.0945733790053553
1.45599999999995	-0.271358659055803
1.45699999999995	-0.293676869626704
1.45799999999995	-0.162990952457172
1.45899999999995	0.066002208635463
1.45999999999995	0.312668467325696
1.46099999999995	0.49333463939828
1.46199999999995	0.525034881539275
1.46299999999995	0.365272036827252
1.46399999999995	0.0889207142473074
1.46499999999995	-0.18403880565087
1.46599999999995	-0.348016668702854
1.46699999999995	-0.339833041164748
1.46799999999995	-0.1773926387067
1.46899999999995	0.0656645361054655
1.46999999999995	0.321676972271107
1.47099999999995	0.525223968230573
1.47199999999995	0.584953182478385
1.47299999999995	0.436679732408661
1.47399999999995	0.172220181767548
1.47499999999995	-0.0958869008553737
1.47599999999995	-0.272477006770159
1.47699999999995	-0.29440566498026
1.47799999999995	-0.163214268140049
1.47899999999995	0.0660221411969269
1.47999999999995	0.312840530811257
1.48099999999995	0.493864445025947
1.48199999999995	0.525959032754827
1.48299999999995	0.366371975460503
1.48399999999995	0.090141909515969
1.48499999999995	-0.182790102949861
1.48599999999995	-0.347004397674321
1.48699999999995	-0.339255488762638
1.48799999999995	-0.177236043052168
1.48899999999995	0.0656680033598539
1.48999999999995	0.321536437441293
1.49099999999995	0.524799950509257
1.49199999999995	0.584162053366364
1.49299999999995	0.435704073841572
1.49399999999995	0.171046156231489
1.49499999999995	-0.0971704103491258
1.49599999999995	-0.273561120864935
1.49699999999995	-0.295109744645435
1.49799999999995	-0.163430263874993
1.49899999999995	0.0660309209874901
1.49999999999995	0.31301487796491
1.50099999999995	0.494376951805482
1.50199999999995	0.526845506186054
1.50299999999995	0.36743826143125
1.50399999999995	0.0913244332605283
1.50499999999995	-0.18157832401644
1.50599999999994	-0.346020957857899
1.50699999999994	-0.338696732422674
1.50799999999994	-0.177081700892797
1.50899999999994	0.0656723188285009
1.50999999999994	0.321404892269347
1.51099999999994	0.524386134239436
1.51199999999994	0.583394433883453
1.51299999999994	0.434753342592705
1.51399999999994	0.169899373646131
1.51499999999994	-0.0984126150001741
1.51599999999994	-0.274611856260842
1.51699999999994	-0.295795620136341
1.51799999999994	-0.163630775031347
1.51899999999994	0.0660300688268329
1.51999999999994	0.313166932036372
1.52099999999994	0.494868454811691
1.52199999999994	0.527712686358438
1.52299999999994	0.368469213246977
1.52399999999994	0.0924764166150419
1.52499999999994	-0.18040096742834
1.52599999999994	-0.345065985460753
1.52699999999994	-0.338152532814603
1.52799999999994	-0.176931589270318
1.52899999999994	0.0656753409133549
1.52999999999994	0.321279752256687
1.53099999999994	0.523981947286715
1.53199999999994	0.582642685827927
1.53299999999994	0.433831320369559
1.53399999999994	0.16878115708065
1.53499999999994	-0.0996146912248167
1.53599999999994	-0.275630048820172
1.53699999999994	-0.29646215004401
1.53799999999994	-0.163820738401805
1.53899999999994	0.0660237916399193
1.53999999999994	0.313310984484
1.54099999999994	0.495346491448931
1.54199999999994	0.52855528149716
1.54299999999994	0.36946869245863
1.54399999999994	0.0935956074323351
1.54499999999994	-0.179257738188723
1.54599999999994	-0.344137816015509
1.54699999999994	-0.337619587648659
1.54799999999994	-0.176783979751153
1.54899999999994	0.0656784929864738
1.54999999999994	0.321161522754971
1.55099999999994	0.523589946725679
1.55199999999994	0.581909709804778
1.55299999999994	0.432935267623242
1.55399999999994	0.167693965710818
1.55499999999994	-0.100783853958858
1.55599999999994	-0.276617311357398
1.55699999999994	-0.297091603368327
1.55799999999994	-0.163995123212471
1.55899999999994	0.0660061042029506
1.55999999999994	0.313454564813869
1.56099999999994	0.495804534223881
1.56199999999994	0.529375707062231
1.56299999999994	0.370438507566995
1.56399999999994	0.0946795857466775
1.56499999999994	-0.178148380927024
1.56599999999994	-0.343236465600475
1.56699999999994	-0.337100449150451
1.56799999999994	-0.176639101353441
1.56899999999994	0.0656794386203242
1.56999999999994	0.321050531738265
1.57099999999994	0.523207720801135
1.57199999999994	0.581193996176923
1.57299999999994	0.432064435170975
1.57399999999994	0.166638496830213
1.57499999999994	-0.101916202778922
1.57599999999994	-0.277573683136596
1.57699999999994	-0.297696432195067
1.57799999999994	-0.164162735635525
1.57899999999994	0.0659878866138445
1.57999999999994	0.313580971473115
1.58099999999994	0.496248710504982
1.58199999999994	0.530171772027649
1.58299999999994	0.371379833465951
1.58399999999994	0.0957307095041732
1.58499999999994	-0.177071051488259
1.58599999999994	-0.342360187621252
1.58699999999994	-0.336600819655864
1.58799999999994	-0.176498878825629
1.58899999999994	0.0656817414440795
1.58999999999994	0.320944704894522
1.59099999999994	0.522834574658924
1.59199999999994	0.580497637431088
1.59299999999994	0.431218567693744
1.59399999999994	0.165613868682148
1.59499999999994	-0.103016440583169
1.59599999999994	-0.278500815896639
1.59699999999993	-0.298291213510195
1.59799999999993	-0.164336410185339
1.59899999999993	0.0659351273646875
1.59999999999993	0.313694723277929
1.60099999999993	0.496683976648527
1.60199999999993	0.530939358522816
1.60299999999993	0.372295179203441
1.60399999999993	0.0967543737289639
1.60499999999993	-0.176023597188555
1.60599999999993	-0.341508399546437
1.60699999999993	-0.336111234416828
1.60799999999993	-0.176365444399118
1.60899999999993	0.0656806687043001
1.60999999999993	0.320835459678663
1.61099999999993	0.522471384810988
1.61199999999993	0.579819052367824
1.61299999999993	0.430394511642671
1.61399999999993	0.164618988614152
1.61499999999993	-0.104084725268167
1.61599999999993	-0.279399626632547
1.61699999999993	-0.298870940228765
1.61799999999993	-0.164493160514122
1.61899999999993	0.0659292821065711
1.61999999999993	0.313813399849142
1.62099999999993	0.497110376518432
1.62199999999993	0.53168089253828
1.62299999999993	0.373182102589923
1.62399999999993	0.0977468976561524
1.62499999999993	-0.175005787270405
1.62599999999993	-0.340681698561849
1.62699999999993	-0.335640842403475
1.62799999999993	-0.176233182097882
1.62899999999993	0.0656882821335941
1.62999999999993	0.320731062886027
1.63099999999993	0.522117649439238
1.63199999999993	0.579157504620431
1.63299999999993	0.429587537712257
1.63399999999993	0.163653156709523
1.63499999999993	-0.10512157358393
1.63599999999993	-0.280270986248212
1.63699999999993	-0.299433817188909
1.63799999999993	-0.164653492265799
1.63899999999993	0.0659209027095257
1.63999999999993	0.313916440424149
1.64099999999993	0.497522045451066
1.64199999999993	0.532403482253237
1.64299999999993	0.374040641162254
1.64399999999993	0.0987076142236694
1.64499999999993	-0.174017680781642
1.64599999999993	-0.339878487060162
1.64699999999993	-0.335171955243266
1.64799999999993	-0.176116772408682
1.64899999999993	0.065689737634265
1.64999999999993	0.320624053588464
1.65099999999993	0.521773568130801
1.65199999999993	0.578515146238423
1.65299999999993	0.428802716968731
1.65399999999993	0.162715162876662
1.65499999999993	-0.106127940891423
1.65599999999993	-0.281115848962836
1.65699999999993	-0.29998107803938
1.65799999999993	-0.164816948621087
1.65899999999993	0.0659618547810333
1.65999999999993	0.314040402161205
1.66099999999993	0.497921697719227
1.66199999999993	0.533105642457213
1.66299999999993	0.374873394996036
1.66399999999993	0.0996368751884606
1.66499999999993	-0.173058470808243
1.66599999999993	-0.33909805671774
1.66699999999993	-0.334724019738125
1.66799999999993	-0.17598677219169
1.66899999999993	0.0656872079051332
1.66999999999993	0.320515794641851
1.67099999999993	0.52143791960252
1.67199999999993	0.577890087200242
1.67299999999993	0.428045714959345
1.67399999999993	0.161804771448804
1.67499999999993	-0.10710463926657
1.67599999999993	-0.281934979813826
1.67699999999993	-0.300513694113654
1.67799999999993	-0.164980559745416
1.67899999999993	0.0659663136115138
1.67999999999993	0.314149746070476
1.68099999999993	0.49830799555837
1.68199999999993	0.533786378058462
1.68299999999993	0.375675560916231
1.68399999999993	0.100542601860323
1.68499999999993	-0.172126745878284
1.68599999999993	-0.338339700539749
1.68699999999993	-0.334291082283095
1.68799999999992	-0.175864034946144
1.68899999999992	0.0656845579351707
1.68999999999992	0.320426268172379
1.69099999999992	0.521110166358015
1.69199999999992	0.577282196273519
1.69299999999992	0.427318360770908
1.69399999999992	0.160920648513765
1.69499999999992	-0.108052553336181
1.69599999999992	-0.282729400593025
1.69699999999992	-0.301037347529675
1.69799999999992	-0.165143818598016
1.69899999999992	0.0659999220722684
1.69999999999992	0.314265042794231
1.70099999999992	0.498683102071112
1.70199999999992	0.534447297970331
1.70299999999992	0.376453422011926
1.70399999999992	0.101422148651952
1.70499999999992	-0.171221922310966
1.70599999999992	-0.337602787601113
1.70699999999992	-0.333866220627282
1.70799999999992	-0.175745778760884
1.70899999999992	0.0656775098322871
1.70999999999992	0.320335300147233
1.71099999999992	0.520793487635897
1.71199999999992	0.576690900192097
1.71299999999992	0.426612547731529
1.71399999999992	0.160063926064622
1.71499999999992	-0.10897271205355
1.71599999999992	-0.283499421048313
1.71699999999992	-0.301545864747514
1.71799999999992	-0.165302353271157
1.71899999999992	0.0659749755783593
1.71999999999992	0.314373199457387
1.72099999999992	0.499047167959904
1.72199999999992	0.535090192495116
1.72299999999992	0.377204764968438
1.72399999999992	0.102272074184141
1.72499999999992	-0.17034255283253
1.72599999999992	-0.33688619831211
1.72699999999992	-0.333446910317
1.72799999999992	-0.17563066079177
1.72899999999992	0.0656646654560819
1.72999999999992	0.320232105650092
1.73099999999992	0.520485900741648
1.73199999999992	0.576116491273989
1.73299999999992	0.425926284984403
1.73399999999992	0.159232605279549
1.73499999999992	-0.10986596183141
1.73599999999992	-0.284246194534647
1.73699999999992	-0.302034523025539
1.73799999999992	-0.165450251931532
1.73899999999992	0.0659636912589998
1.73999999999992	0.31447415594335
1.74099999999992	0.499399851638878
1.74199999999992	0.535715640421098
1.74299999999992	0.377932600744459
1.74399999999992	0.103098658445301
1.74499999999992	-0.169486514650208
1.74599999999992	-0.336189825311819
1.74699999999992	-0.333032098775866
1.74799999999992	-0.175525379969526
1.74899999999992	0.0656632284604953
1.74999999999992	0.320138093043904
1.75099999999992	0.520187826214413
1.75199999999992	0.575558878868106
1.75299999999992	0.425257390173259
1.75399999999992	0.158425330437551
1.75499999999992	-0.110733262652148
1.75599999999992	-0.28497057972331
1.75699999999992	-0.302504878068396
1.75799999999992	-0.165588942906534
1.75899999999992	0.0659347916191747
1.75999999999992	0.31457130236393
1.76099999999992	0.49974008041168
1.76199999999992	0.536325557265941
1.76299999999992	0.378636181617039
1.76399999999992	0.103904230631969
1.76499999999992	-0.168654554904352
1.76599999999992	-0.335512949159187
1.76699999999992	-0.332631455358841
1.76799999999992	-0.175422155182032
1.76899999999992	0.0656558859064571
1.76999999999992	0.320043866234651
1.77099999999992	0.519897248028299
1.77199999999992	0.575016523805508
1.77299999999992	0.424606729156919
1.77399999999992	0.157642363805336
1.77499999999992	-0.111575976527231
1.77599999999992	-0.285673118836902
1.77699999999992	-0.302956373713261
1.77799999999991	-0.16572000106416
1.77899999999991	0.0658840743403063
1.77999999999991	0.314665434948189
1.78099999999991	0.500067235334646
1.78199999999991	0.536917271591468
1.78299999999991	0.379321984522122
1.78399999999991	0.104689554740891
1.78499999999991	-0.167846443490718
1.78599999999991	-0.334854629956443
1.78699999999991	-0.33224110520987
1.78799999999991	-0.175320205774651
1.78899999999991	0.0656498130583612
1.78999999999991	0.319951887152257
1.79099999999991	0.519615154621262
1.79199999999991	0.574489956684858
1.79299999999991	0.423974328135988
1.79399999999991	0.156882379770887
1.79499999999991	-0.112394945624555
1.79599999999991	-0.286354702729343
1.79699999999991	-0.303395431741621
1.79799999999991	-0.165847442026044
1.79899999999991	0.0658473886891773
1.79999999999991	0.314750777478201
1.80099999999991	0.500383449815217
1.80199999999991	0.537489708081872
1.80299999999991	0.37998858498635
1.80399999999991	0.105456064300603
1.80499999999991	-0.167061322839634
1.80599999999991	-0.334214741834167
1.80699999999991	-0.331864735294991
1.80799999999991	-0.175217299150887
1.80899999999991	0.0656463198180037
1.80999999999991	0.319863520905679
1.81099999999991	0.519339740970549
1.81199999999991	0.573978098477695
1.81299999999991	0.423359151321938
1.81399999999991	0.156143323139619
1.81499999999991	-0.113187535684742
1.81599999999991	-0.287015639804427
1.81699999999991	-0.30381881691236
1.81799999999991	-0.165973403871512
1.81899999999991	0.065807639568763
1.81999999999991	0.314832541004672
1.82099999999991	0.50069107835825
1.82199999999991	0.538045188324423
1.82299999999991	0.380634647498948
1.82399999999991	0.106198309679236
1.82499999999991	-0.166296815366291
1.82599999999991	-0.333592941774924
1.82699999999991	-0.33149933739192
1.82799999999991	-0.175115931212558
1.82899999999991	0.0656442579534216
1.82999999999991	0.319776532943977
1.83099999999991	0.519071491690033
1.83199999999991	0.573481623987142
1.83299999999991	0.422759526409985
1.83399999999991	0.155423848744511
1.83499999999991	-0.113957398900296
1.83599999999991	-0.287656813713604
1.83699999999991	-0.304228049026407
1.83799999999991	-0.166096280608583
1.83899999999991	0.065784656198471
1.83999999999991	0.314918431292413
1.84099999999991	0.500989588997448
1.84199999999991	0.538585120666368
1.84299999999991	0.381261035862765
1.84399999999991	0.106909503132256
1.84499999999991	-0.165551886762025
1.84599999999991	-0.332988758817889
1.84699999999991	-0.331142119782031
1.84799999999991	-0.175014758028759
1.84899999999991	0.0656422513119017
1.84999999999991	0.319691428101976
1.85099999999991	0.518811338318918
1.85199999999991	0.572999511560281
1.85299999999991	0.422176176052905
1.85399999999991	0.154725119371281
1.85499999999991	-0.11470534387762
1.85599999999991	-0.288278802328852
1.85699999999991	-0.304626656030696
1.85799999999991	-0.166217390198172
1.85899999999991	0.0657676840222791
1.85999999999991	0.315005135017132
1.86099999999991	0.50128079584394
1.86199999999991	0.539109329266965
1.86299999999991	0.381868363205631
1.86399999999991	0.107598247770206
1.86499999999991	-0.164830023650962
1.86599999999991	-0.332401457459691
1.86699999999991	-0.330808220288259
1.86799999999991	-0.174917017693986
1.8689999999999	0.0656400362323719
1.8699999999999	0.319609568075369
1.8709999999999	0.518559240086627
1.8719999999999	0.57253123864413
1.8729999999999	0.421608839013285
1.8739999999999	0.154046857952892
1.8749999999999	-0.115431959479847
1.8759999999999	-0.288882326383268
1.8769999999999	-0.305009007390719
1.8779999999999	-0.166336163512191
1.8789999999999	0.0657784745903556
1.8799999999999	0.315094099295544
1.8809999999999	0.501563569256727
1.8819999999999	0.539618571617482
1.8829999999999	0.382457889909917
1.8839999999999	0.108270540016075
1.8849999999999	-0.164130744784366
1.8859999999999	-0.33183094189437
1.8869999999999	-0.330479679333789
1.8879999999999	-0.174819109528082
1.8889999999999	0.0656395914039544
1.8899999999999	0.319532489012099
1.8909999999999	0.518314168136268
1.8919999999999	0.572074034365222
1.8929999999999	0.421059533702575
1.8939999999999	0.153388635252692
1.8949999999999	-0.116138282033498
1.8959999999999	-0.289468020546081
1.8969999999999	-0.305389891161744
1.8979999999999	-0.166454141158806
1.8989999999999	0.0657923171836596
1.8999999999999	0.315179432450454
1.9009999999999	0.501836471314375
1.9019999999999	0.540112341472875
1.9029999999999	0.383030686788651
1.9039999999999	0.108921441565802
1.9049999999999	-0.163451712528513
1.9059999999999	-0.331276438423122
1.9069999999999	-0.330158437349774
1.9079999999999	-0.174724098398609
1.9089999999999	0.0656389443586436
1.9099999999999	0.319457690813609
1.9109999999999	0.518075464710993
1.9119999999999	0.571626138914845
1.9129999999999	0.420521781739252
1.9139999999999	0.152748721960689
1.9149999999999	-0.116824304733639
1.9159999999999	-0.29003623375662
1.9169999999999	-0.305759082917116
1.9179999999999	-0.166566967015641
1.9189999999999	0.0658062384064617
1.9199999999999	0.315262948253619
1.9209999999999	0.50209953527641
1.9219999999999	0.540589402638378
1.9229999999999	0.383585983511936
1.9239999999999	0.109558408732503
1.9249999999999	-0.16279241870807
1.9259999999999	-0.33073753914293
1.9269999999999	-0.329845514536151
1.9279999999999	-0.174632450132005
1.9289999999999	0.0656387047072039
1.9299999999999	0.319385746632742
1.9309999999999	0.517843135360194
1.9319999999999	0.57118866387155
1.9329999999999	0.419998891457557
1.9339999999999	0.152126779083127
1.9349999999999	-0.11749048441002
1.9359999999999	-0.290587506457965
1.9369999999999	-0.30611491676643
1.9379999999999	-0.166677492873784
1.9389999999999	0.0658291751067335
1.9399999999999	0.315334770042465
1.9409999999999	0.502353179926881
1.9419999999999	0.541051534551614
1.9429999999999	0.384124971139448
1.9439999999999	0.110179209691656
1.9449999999999	-0.162152051151626
1.9459999999999	-0.330213676601387
1.9469999999999	-0.329545344552208
1.9479999999999	-0.17454191679866
1.9489999999999	0.0656390222561978
1.9499999999999	0.319315782904313
1.9509999999999	0.517617494657983
1.9519999999999	0.570763716878523
1.9529999999999	0.419485787752577
1.9539999999999	0.151522445467518
1.9549999999999	-0.118137501056879
1.9559999999999	-0.291122168414303
1.9569999999999	-0.306462868520641
1.9579999999999	-0.166782228535473
1.9589999999999	0.0658532654716911
1.95999999999989	0.315397659900282
1.96099999999989	0.502598074071548
1.96199999999989	0.541499972585416
1.96299999999989	0.384648963706876
1.96399999999989	0.110794865847862
1.96499999999989	-0.161530768948658
1.96599999999989	-0.329704302108229
1.96699999999989	-0.329240399407096
1.96799999999989	-0.174454683509156
1.96899999999989	0.0656377047963576
1.96999999999989	0.319245957397138
1.97099999999989	0.517398002336253
1.97199999999989	0.570353987240646
1.97299999999989	0.418989579489571
1.97399999999989	0.150934516357771
1.97499999999989	-0.11876572667472
1.97599999999989	-0.29164094844759
1.97699999999989	-0.306798426000117
1.97799999999989	-0.166882098535733
1.97899999999989	0.0658481947194374
1.97999999999989	0.315461998604777
1.98099999999989	0.50283496243669
1.98199999999989	0.541935181779464
1.98299999999989	0.385156989347544
1.98399999999989	0.111396366055774
1.98499999999989	-0.160927218139687
1.98599999999989	-0.329208829812264
1.98699999999989	-0.328946355097884
1.98799999999989	-0.174370678034888
1.98899999999989	0.0656351671853767
1.98999999999989	0.319177283933315
1.99099999999989	0.517184645865677
1.99199999999989	0.569955411930007
1.99299999999989	0.418510776985104
1.99399999999989	0.150362786624176
1.99499999999989	-0.119375885937083
1.99599999999989	-0.292144505164757
1.99699999999989	-0.307124727079355
1.99799999999989	-0.166979313719232
1.99899999999989	0.0658327654916218
2	0.315526291797988
