0.000000e+00	2.886050e-01	-1.338476e-01	-1.291767e-01	7.787286e-04
6.283185e-03	5.240061e-01	-1.981936e-01	1.247380e+00	-3.865506e-01
1.256637e-02	9.666782e-01	-2.213707e-01	1.626912e+00	-1.211155e-03
1.884956e-02	1.408789e+00	-2.658272e-01	1.626915e+00	-2.803191e-06
2.513274e-02	8.308547e-01	-5.086665e-01	1.626915e+00	-9.353702e-04
3.141593e-02	5.689062e-01	-1.840486e-01	1.343694e+00	-3.319456e-01
3.769911e-02	3.131764e-01	1.461076e-01	-1.583371e-01	-5.736605e-02
4.398230e-02	5.231674e-01	1.908027e-01	3.202519e-02	9.313021e-03
5.026548e-02	7.284956e-01	2.903303e-02	-1.880090e-02	-4.016523e-02
5.654867e-02	9.306528e-01	-1.510945e-01	2.014085e-01	2.950447e-01
6.283185e-02	1.057202e+00	2.630591e-02	1.279342e+00	4.149350e-02
6.911504e-02	1.072919e+00	1.211435e-02	1.283273e+00	5.478350e-05
7.539822e-02	1.088470e+00	-1.238436e-04	1.283273e+00	6.235789e-08
8.168141e-02	1.103896e+00	-1.040817e-02	1.283273e+00	-9.536731e-09
8.796459e-02	1.073240e+00	-2.671176e-03	1.283273e+00	-1.045362e-10
9.424778e-02	1.072773e+00	4.222573e-03	1.283273e+00	6.739736e-09
1.005310e-01	1.072524e+00	1.152325e-02	1.283273e+00	6.485170e-09
1.068142e-01	1.089987e+00	-5.030829e-03	1.283273e+00	1.702158e-07
1.130973e-01	1.087988e+00	7.357722e-03	1.283273e+00	1.289979e-04
1.193805e-01	1.086311e+00	2.006616e-02	1.268002e+00	1.023110e-01
1.256637e-01	8.839291e-01	9.290628e-02	-5.582352e-02	1.803872e-01
1.319469e-01	5.998570e-01	9.882004e-02	7.344507e-03	-2.203513e-02
1.382301e-01	3.160316e-01	1.144454e-01	1.859740e-02	2.793179e-02
1.445133e-01	4.166769e-01	1.954331e-01	-8.435734e-02	-2.348191e-01
1.507964e-01	5.831332e-01	-1.474182e-01	1.704859e+00	-1.726097e-01
1.570796e-01	7.432204e-01	-4.853120e-01	1.751461e+00	-3.240069e-03
1.633628e-01	3.971900e-01	-2.571841e-01	1.138685e+00	-4.279625e-01
1.696460e-01	3.793905e-01	-3.057298e-02	-1.434107e-01	2.261226e-02
1.759292e-01	3.658642e-01	1.931049e-01	3.270864e-02	1.451317e-04
1.822124e-01	9.779043e-01	-8.409326e-03	-4.936457e-02	-3.820515e-02
1.884956e-01	9.993623e-01	-7.479206e-03	4.110143e-01	3.032050e-01
1.947787e-01	1.020911e+00	-7.090642e-03	1.202841e+00	1.277333e-02
2.010619e-01	1.027197e+00	-9.842570e-04	1.203225e+00	1.666546e-05
2.073451e-01	1.016059e+00	2.389257e-03	1.203225e+00	2.275902e-08
2.136283e-01	1.005068e+00	6.080360e-03	1.203225e+00	8.063489e-09
2.199115e-01	9.942293e-01	1.008695e-02	1.203225e+00	3.135471e-09
2.261947e-01	1.005393e+00	4.494910e-03	1.203225e+00	-4.611862e-09
2.324779e-01	1.004977e+00	5.602719e-03	1.203225e+00	-5.373096e-09
2.387610e-01	1.004665e+00	7.062704e-03	1.203225e+00	1.569952e-09
2.450442e-01	1.022142e+00	-1.102253e-03	1.203225e+00	8.791805e-09
2.513274e-01	1.028429e+00	-4.892885e-02	1.203225e+00	1.125026e-06
2.576106e-01	1.033860e+00	-1.006364e-01	1.203223e+00	8.618680e-04
2.638938e-01	9.432089e-01	1.613090e-01	9.375619e-01	2.782102e-01
2.701770e-01	7.534010e-01	1.026847e-01	-1.005825e-01	5.313016e-03
2.764602e-01	5.626335e-01	5.331264e-02	2.099774e-02	-6.436632e-03
2.827433e-01	3.064961e-01	-2.143701e-01	-3.140219e-02	4.292704e-02
2.890265e-01	2.471070e-01	-1.949787e-01	3.602628e-01	-3.939743e-01
2.953097e-01	1.881256e-01	-1.732313e-01	7.334168e-01	-4.277517e-01
3.015929e-01	2.213674e-01	-1.179057e-01	-8.059366e-02	4.168108e-02
3.078761e-01	3.357301e-01	-7.560719e-02	2.135597e-02	-5.052516e-03
3.141593e-01	4.507939e-01	-4.597315e-02	-4.469483e-02	-1.562936e-02
3.204425e-01	5.361925e-01	3.967100e-02	3.486696e-01	1.665609e-01
3.267256e-01	5.415215e-01	1.798043e-02	6.576598e-01	2.290933e-03
3.330088e-01	5.464934e-01	-2.743566e-03	6.576806e-01	2.994753e-06
3.392920e-01	5.445486e-01	1.531686e-04	6.576806e-01	6.131452e-09
3.455752e-01	5.440478e-01	2.147070e-04	6.576806e-01	-2.231377e-09
3.518584e-01	5.435917e-01	3.442174e-04	6.576806e-01	-2.658734e-09
3.581416e-01	5.431816e-01	5.408716e-04	6.576806e-01	8.292795e-11
3.644247e-01	5.431713e-01	2.147451e-05	6.576806e-01	2.273126e-09
3.707079e-01	5.430524e-01	3.028508e-05	6.576806e-01	1.568495e-09
3.769911e-01	5.429766e-01	3.939361e-05	6.576806e-01	-8.751625e-10
3.832743e-01	5.427734e-01	1.864552e-04	6.576806e-01	-2.185600e-09
3.895575e-01	5.422565e-01	8.292198e-04	6.576806e-01	3.737852e-09
3.958407e-01	5.417948e-01	1.500789e-03	6.576806e-01	3.998866e-06
4.021239e-01	5.509808e-01	6.479791e-03	6.576424e-01	3.066076e-03
4.084070e-01	5.255752e-01	9.543082e-04	2.996520e-01	1.745140e-01
4.146902e-01	5.001098e-01	-4.253591e-03	-3.358069e-02	-1.719628e-02
4.209734e-01	5.915669e-02	-8.101492e-02	3.889779e-02	-2.080908e-02
4.272566e-01	5.340492e-02	-5.710365e-02	7.384768e-03	-1.588286e-01
4.335398e-01	4.811049e-02	-3.293545e-02	1.739771e-02	-1.529231e-01
4.398230e-01	8.179902e-02	-8.883602e-03	1.954345e-02	-1.518456e-02
4.461062e-01	1.259498e-01	-1.649300e-02	-2.189700e-02	6.148871e-04
4.523893e-01	1.699433e-01	-2.648328e-02	1.700323e-01	5.550569e-02
4.586725e-01	1.800510e-01	-6.490877e-03	2.379357e-01	2.778425e-04
4.649557e-01	1.777094e-01	-8.645341e-04	2.379363e-01	3.611387e-07
4.712389e-01	1.754913e-01	5.113915e-03	2.379363e-01	-1.829230e-09
4.775221e-01	1.734028e-01	1.144328e-02	2.379363e-01	-1.138236e-10
4.838053e-01	1.725020e-01	-1.588083e-04	2.379363e-01	1.630969e-09
4.900885e-01	1.734123e-01	-2.705454e-04	2.379363e-01	1.002092e-09
4.963716e-01	1.743340e-01	-3.981253e-04	2.379363e-01	-8.418563e-10
5.026548e-01	1.735783e-01	2.229510e-04	2.379363e-01	-1.503313e-09
5.089380e-01	1.734917e-01	2.618642e-04	2.379363e-01	-1.763950e-10
5.152212e-01	1.734199e-01	3.452016e-04	2.379363e-01	1.512319e-09
5.215044e-01	1.755455e-01	-3.867464e-03	2.379363e-01	1.347527e-09
5.277876e-01	1.788715e-01	-9.064979e-03	2.379363e-01	-9.430396e-10
5.340708e-01	1.821033e-01	-1.537274e-02	2.379363e-01	6.472291e-09
5.403539e-01	1.661679e-01	5.156284e-02	2.379363e-01	7.228952e-06
5.466371e-01	1.113479e-01	1.012836e-02	2.377052e-01	5.570475e-03
5.529203e-01	5.579126e-02	-2.757618e-02	4.246813e-02	4.562325e-02
5.592035e-01	-4.273896e-03	-4.061456e-02	7.621531e-04	-5.006964e-02
5.654867e-01	-9.780160e-03	-4.240788e-02	5.394857e-04	-4.387908e-02
5.717699e-01	-1.532385e-02	-4.451634e-02	-2.093025e-03	-4.526967e-02
5.780530e-01	-1.153211e-02	4.174051e-03	1.083170e-02	-3.573298e-02
5.843362e-01	6.568262e-03	-3.170362e-03	1.503002e-03	-2.528314e-03
5.906194e-01	2.452435e-02	-1.112250e-02	-1.194101e-09	-5.067993e-06
5.969026e-01	2.764955e-02	-2.786613e-03	-3.426802e-10	-5.922074e-09
6.031858e-01	2.817150e-02	-2.137054e-03	2.426860e-10	3.046260e-10
6.094690e-01	2.870701e-02	-1.580410e-03	4.895961e-10	-2.440260e-10
6.157522e-01	2.925443e-02	-1.116814e-03	8.633981e-11	-4.477725e-10
6.220353e-01	2.743816e-02	-8.530339e-04	-3.933460e-10	-1.441968e-10
6.283185e-01	2.740997e-02	-3.118875e-04	-3.324859e-10	2.921361e-10
6.346017e-01	2.739393e-02	2.069047e-04	1.629396e-10	3.713590e-10
6.408849e-01	2.748502e-02	-4.783619e-04	4.398415e-10	1.198783e-11
6.471681e-01	2.794347e-02	-1.565311e-04	1.280383e-10	-3.780133e-10
6.534513e-01	2.841002e-02	1.471846e-04	-3.814708e-10	-3.414853e-10
6.597345e-01	2.923492e-02	1.108366e-03	-4.034254e-10	1.247013e-10
6.660176e-01	2.834316e-02	-3.270942e-04	1.386603e-10	5.393404e-10
6.723008e-01	2.742674e-02	-1.745278e-03	5.076758e-10	-2.806678e-09
6.785840e-01	1.505255e-02	1.201843e-03	1.863364e-09	-2.487684e-06
6.848672e-01	-1.131609e-02	-3.969326e-03	-5.601291e-04	-1.635949e-03
6.911504e-01	-3.777370e-02	-8.170247e-03	-1.230854e-02	-2.660081e-02
6.974336e-01	-1.080914e-01	-1.088131e-01	1.959973e-03	-4.593544e-02
7.037168e-01	-1.012377e-01	-5.279892e-02	-3.452365e-04	-4.400457e-02
7.099999e-01	-9.331798e-02	5.194415e-03	-2.287690e-03	-5.011682e-02
7.162831e-01	-4.406691e-02	5.464673e-02	-1.581746e-02	2.827606e-02
7.225663e-01	-7.077694e-02	3.356641e-02	-2.368410e-01	1.142792e-02
7.288495e-01	-9.786731e-02	1.475250e-02	-2.379363e-01	1.472666e-05
7.351327e-01	-1.288384e-01	-7.680838e-03	-2.379363e-01	1.667179e-08
7.414159e-01	-1.312824e-01	-4.199941e-03	-2.379363e-01	7.511642e-10
7.476991e-01	-1.336749e-01	-1.125245e-03	-2.379363e-01	1.907964e-09
7.539822e-01	-1.360239e-01	1.542925e-03	-2.379363e-01	5.808166e-10
7.602654e-01	-1.329461e-01	3.310498e-04	-2.379363e-01	-1.223590e-09
7.665486e-01	-1.328522e-01	-3.563375e-04	-2.379363e-01	-1.332613e-09
7.728318e-01	-1.327821e-01	-1.085715e-03	-2.379363e-01	2.968064e-10
7.791150e-01	-1.339801e-01	1.493191e-04	-2.379363e-01	1.591754e-09
7.853982e-01	-1.346163e-01	7.410694e-05	-2.379363e-01	7.595004e-10
7.916813e-01	-1.352645e-01	-3.446387e-07	-2.379363e-01	-1.401784e-09
7.979645e-01	-1.258753e-01	-2.998578e-02	-2.379363e-01	-1.717554e-09
8.042477e-01	-1.091514e-01	-2.351808e-03	-2.379363e-01	1.788985e-07
8.105309e-01	-9.192949e-02	2.377411e-02	-2.379363e-01	1.363590e-04
8.168141e-01	-6.927385e-02	4.031381e-02	-1.966474e-01	4.840497e-02
8.230973e-01	-1.120825e-01	-2.183809e-02	2.308581e-02	9.113016e-03
8.293805e-01	-1.560663e-01	-8.352033e-02	-1.308741e-02	-1.395357e-02
8.356636e-01	-4.768064e-01	-1.606979e-01	-2.524700e-02	-1.438376e-01
8.419468e-01	-3.890713e-01	-4.292199e-02	-3.420362e-03	-1.598076e-01
8.482300e-01	-2.991415e-01	7.578594e-02	-4.423368e-02	-2.831702e-02
8.545132e-01	-2.300484e-02	8.752217e-02	2.386038e-02	-1.909037e-02
8.607964e-01	-1.692681e-01	5.550484e-02	-2.160938e-01	1.720268e-01
8.670796e-01	-3.160970e-01	2.816644e-02	-6.575295e-01	6.245280e-03
8.733628e-01	-5.605326e-01	-5.330587e-02	-6.576805e-01	8.146733e-06
8.796459e-01	-5.692442e-01	-2.911448e-02	-6.576806e-01	8.426180e-09
8.859291e-01	-5.775480e-01	-5.299798e-03	-6.576806e-01	-1.399407e-09
8.922123e-01	-5.854525e-01	1.813519e-02	-6.576806e-01	8.248877e-10
8.984955e-01	-5.788006e-01	-2.171419e-04	-6.576806e-01	2.300839e-09
9.047787e-01	-5.781724e-01	-1.480828e-03	-6.576806e-01	1.053344e-09
9.110619e-01	-5.776141e-01	-2.802208e-03	-6.576806e-01	-1.724110e-09
9.173451e-01	-5.847992e-01	-6.246095e-03	-6.576806e-01	-2.643328e-09
9.236282e-01	-5.827578e-01	2.335072e-02	-6.576806e-01	1.192360e-10
9.299114e-01	-5.801870e-01	5.481610e-02	-6.576806e-01	5.923547e-09
9.361946e-01	-5.062588e-01	-6.865453e-02	-6.576806e-01	1.469655e-06
9.424778e-01	-3.637359e-01	-5.421702e-02	-6.576762e-01	1.124403e-03
9.487610e-01	-2.210977e-01	-5.334532e-02	-4.277828e-01	1.605526e-01
9.550442e-01	-1.695976e-01	2.062833e-01	5.477770e-02	-7.470728e-03
9.613274e-01	-6.123839e-01	1.552067e-01	-1.871854e-02	-6.264297e-03
9.676105e-01	-1.055796e+00	1.441032e-01	5.549623e-02	4.657704e-02
9.738937e-01	-1.353162e+00	-3.457638e-01	-5.451877e-01	-4.092224e-01
9.801769e-01	-1.133643e+00	-1.600036e-01	-5.533681e-01	-4.203205e-01
9.864601e-01	-9.108144e-01	1.594421e-02	5.422624e-02	4.270607e-02
9.927433e-01	-2.832609e-01	5.909908e-01	-2.242671e-02	-4.015870e-03
9.990265e-01	-3.151996e-01	2.487451e-01	8.552886e-02	-1.682424e-02
1.005310e+00	-3.535401e-01	-8.600250e-02	-7.886619e-01	3.082068e-01
1.011593e+00	-3.981481e-01	-4.131967e-01	-1.203218e+00	1.756198e-03
1.017876e+00	-7.860569e-01	-3.109678e-02	-1.203225e+00	2.298685e-06
1.024159e+00	-9.034857e-01	5.720114e-02	-1.203225e+00	8.643565e-09
1.030442e+00	-1.019301e+00	1.482518e-01	-1.203225e+00	-3.132670e-09
1.036726e+00	-9.799920e-01	-1.755756e-02	-1.203225e+00	-6.004441e-09
1.043009e+00	-9.701414e-01	-1.130435e-02	-1.203225e+00	-3.081018e-10
1.049292e+00	-9.602733e-01	-7.605751e-03	-1.203225e+00	6.481826e-09
1.055575e+00	-9.421704e-01	8.763069e-03	-1.203225e+00	4.757816e-09
1.061858e+00	-9.551266e-01	2.775255e-03	-1.203225e+00	4.409599e-09
1.068142e+00	-9.682691e-01	-2.994334e-03	-1.203225e+00	8.172286e-06
1.074425e+00	-4.360685e-01	2.182106e-01	-1.203136e+00	6.274646e-03
1.080708e+00	-3.420395e-01	2.488278e-03	-5.562598e-01	3.060811e-01
1.086991e+00	-2.521525e-01	-2.184279e-01	6.965599e-02	-3.417263e-02
1.093274e+00	-6.677539e-01	-2.431235e-01	-3.113384e-02	-2.508230e-03
1.099557e+00	-9.786944e-01	-2.233612e-03	1.151375e-01	4.428286e-02
1.105841e+00	-1.284963e+00	2.601292e-01	-9.277901e-01	-4.439605e-01
1.112124e+00	-1.468514e+00	-9.198704e-02	-1.751418e+00	-6.225186e-03
1.118407e+00	-1.323922e+00	-5.575417e-02	-1.739678e+00	-9.010003e-02
1.124690e+00	-1.178824e+00	-2.647422e-02	-6.781355e-02	-3.470224e-01
1.130973e+00	-6.050052e-01	4.191233e-02	-8.543928e-04	4.064344e-02
1.137257e+00	-4.455159e-01	-1.414372e-02	-1.525255e-02	-1.478786e-02
1.143540e+00	-2.871796e-01	-7.572480e-02	1.071213e-01	8.575944e-02
1.149823e+00	-1.300694e-01	-1.428206e-01	-1.213662e+00	1.868153e-01
1.156106e+00	-7.333669e-01	4.510659e-02	-1.283273e+00	2.628825e-04
1.162389e+00	-9.355513e-01	5.399223e-02	-1.283273e+00	3.512552e-07
1.168672e+00	-1.137611e+00	6.699870e-02	-1.283273e+00	7.568887e-09
1.174956e+00	-1.086764e+00	2.590931e-02	-1.283273e+00	2.397324e-09
1.181239e+00	-1.087200e+00	2.183661e-02	-1.283273e+00	-5.915034e-09
1.187522e+00	-1.087767e+00	2.103497e-02	-1.283273e+00	-9.259626e-09
1.193805e+00	-1.010183e+00	-2.295640e-01	-1.283273e+00	3.577890e-08
1.200088e+00	-7.782899e-01	-3.721753e-02	-1.283273e+00	2.690061e-05
1.206372e+00	-5.430024e-01	1.370374e-01	-1.282326e+00	2.054906e-02
1.212655e+00	-2.098659e-01	2.488177e-01	-3.528280e-01	3.160618e-01
1.218938e+00	-4.124784e-01	-1.713973e-02	4.038433e-02	-4.194912e-02
1.225221e+00	-6.200809e-01	-2.775658e-01	-3.226114e-02	3.240346e-03
1.231504e+00	-1.213577e+00	2.256326e-02	1.472251e-01	1.363090e-03
1.237788e+00	-1.242713e+00	1.539985e-02	-1.161178e+00	-3.806026e-01
1.244071e+00	-1.272064e+00	1.015398e-02	-1.626911e+00	-1.905894e-03
1.250354e+00	-1.321102e+00	-8.091282e-02	-1.626915e+00	-3.251568e-06
1.256637e+00	-1.264798e+00	2.114173e-04	-1.626914e+00	-5.943987e-04
1.262920e+00	-1.207025e+00	8.574399e-02	-1.431340e+00	-3.134312e-01
1.269203e+00	-9.846609e-01	8.053781e-02	1.428818e-01	-5.112105e-02
1.275487e+00	-6.894023e-01	-1.301005e-01	-2.372580e-02	8.964110e-03
1.281770e+00	-3.984011e-01	-3.635771e-01	1.406556e-02	-3.235512e-02
1.288053e+00	-1.120314e-01	-6.198527e-01	-1.537727e-01	3.244554e-01
1.294336e+00	-5.976840e-01	1.752620e-01	-1.388569e+00	3.434465e-02
1.300619e+00	-8.791564e-01	2.011595e-01	-1.389102e+00	4.404993e-05
1.306903e+00	-1.160062e+00	2.437841e-01	-1.389102e+00	4.715994e-08
1.313186e+00	-1.208002e+00	-1.333412e-01	-1.389102e+00	-5.414464e-09
1.319469e+00	-1.184781e+00	5.711351e-04	-1.389102e+00	1.040463e-08
1.325752e+00	-1.159173e+00	1.299433e-01	-1.389102e+00	1.287095e-07
1.332035e+00	-8.441662e-01	9.624033e-02	-1.389102e+00	8.851183e-05
1.338318e+00	-5.568621e-01	-1.293143e-02	-1.379772e+00	6.611053e-02
1.344602e+00	-2.718806e-01	-1.455534e-01	-1.305498e-01	2.972280e-01
1.350885e+00	-4.268717e-01	-5.276285e-02	7.115240e-03	-4.052106e-02
1.357168e+00	-6.866729e-01	8.698095e-03	-2.774659e-02	1.427030e-02
1.363451e+00	-9.451346e-01	9.466952e-02	1.344967e-01	-9.633353e-02
1.369734e+00	-1.137831e+00	-8.372844e-02	-1.279015e+00	-2.605261e-01
1.376018e+00	-1.173674e+00	-2.684856e-02	-1.454807e+00	-5.702875e-04
1.382301e+00	-1.208553e+00	2.845688e-02	-1.454807e+00	-7.278981e-07
1.388584e+00	-1.225288e+00	-4.306092e-02	-1.454807e+00	-8.076815e-09
1.394867e+00	-1.203869e+00	-7.403754e-03	-1.454807e+00	-3.796115e-06
1.401150e+00	-1.181879e+00	2.768439e-02	-1.454800e+00	-2.898557e-03
1.407434e+00	-1.159325e+00	6.219956e-02	-8.372199e-01	-3.948844e-01
1.413717e+00	-8.744501e-01	-1.178207e-01	8.169128e-02	2.891089e-02
1.420000e+00	-5.584825e-01	-1.064327e-01	-2.107172e-02	7.712218e-04
1.426283e+00	-2.424307e-01	-1.057275e-01	6.232808e-02	-3.508675e-02
1.432566e+00	-3.777317e-01	9.399001e-02	-6.441321e-01	4.008537e-01
1.438849e+00	-7.480535e-01	1.012292e-01	-1.454787e+00	5.908247e-03
1.445133e+00	-1.118224e+00	1.174791e-01	-1.454807e+00	7.706586e-06
1.451416e+00	-1.250015e+00	-3.011148e-01	-1.454807e+00	1.115397e-09
1.457699e+00	-1.194762e+00	1.573980e-02	-1.454807e+00	3.459834e-07
1.463982e+00	-1.133714e+00	3.239693e-01	-1.454807e+00	2.798843e-04
1.470265e+00	-3.946388e-01	1.847782e-01	-1.385235e+00	1.767543e-01
1.476549e+00	-3.324827e-01	-1.204341e-02	7.419115e-02	1.935661e-01
1.482832e+00	-2.740774e-01	-2.104494e-01	-2.043824e-02	-2.558010e-02
1.489115e+00	-8.370563e-01	-2.786522e-01	-1.185277e-02	3.130980e-02
1.495398e+00	-1.012542e+00	-2.066023e-02	1.076791e-02	-2.337747e-01
1.501681e+00	-1.183133e+00	2.489075e-01	-1.354253e+00	-1.251550e-01
1.507964e+00	-1.138844e+00	-3.883127e-04	-1.389102e+00	-1.803908e-04
1.514248e+00	-1.134251e+00	-1.323489e-05	-1.389102e+00	-2.532331e-07
1.520531e+00	-1.129741e+00	2.985928e-04	-1.389102e+00	-2.415382e-09
1.526814e+00	-1.126975e+00	3.294182e-02	-1.389102e+00	1.072527e-08
1.533097e+00	-1.156405e+00	2.753234e-02	-1.389102e+00	-2.435953e-08
1.539380e+00	-1.185992e+00	2.578623e-02	-1.389102e+00	-2.162987e-05
1.545664e+00	-1.215672e+00	2.770532e-02	-1.389008e+00	-1.664456e-02
1.551947e+00	-9.647586e-01	-1.435408e-01	-3.312010e-01	-3.642656e-01
1.558230e+00	-6.871383e-01	-1.436447e-01	3.157034e-02	3.475029e-02
1.564513e+00	-4.097199e-01	-1.604201e-01	-2.422905e-02	-3.358904e-03
1.570796e+00	-3.603993e-01	3.261322e-01	1.291767e-01	-7.787286e-04
1.577080e+00	-6.071365e-01	1.528144e-01	-1.247380e+00	3.865506e-01
1.583363e+00	-8.570296e-01	-3.091443e-03	-1.626912e+00	1.211155e-03
1.589646e+00	-1.277557e+00	-6.522992e-01	-1.626915e+00	2.803191e-06
1.595929e+00	-9.662237e-01	-2.022235e-01	-1.626915e+00	9.353702e-04
1.602212e+00	-6.468922e-01	2.044361e-01	-1.343694e+00	3.319456e-01
1.608495e+00	-1.733559e-01	2.768083e-01	1.583371e-01	5.736605e-02
1.614779e+00	-4.646752e-01	8.977066e-02	-3.202519e-02	-9.313021e-03
1.621062e+00	-7.593508e-01	-7.583607e-02	1.880090e-02	4.016523e-02
1.627345e+00	-1.048141e+00	-5.457270e-02	-2.014085e-01	-2.950447e-01
1.633628e+00	-1.064156e+00	-2.098204e-02	-1.279342e+00	-4.149350e-02
1.639911e+00	-1.079624e+00	1.228980e-02	-1.283273e+00	-5.478350e-05
1.646195e+00	-1.075338e+00	2.116076e-03	-1.283273e+00	-6.235794e-08
1.652478e+00	-1.073519e+00	6.091752e-04	-1.283273e+00	9.536737e-09
1.658761e+00	-1.071814e+00	-9.429726e-04	-1.283273e+00	1.045576e-10
1.665044e+00	-1.068845e+00	1.046329e-02	-1.283273e+00	-6.739767e-09
1.671327e+00	-1.072601e+00	-2.156145e-03	-1.283273e+00	-6.485142e-09
1.677610e+00	-1.076680e+00	-1.485671e-02	-1.283273e+00	-1.702158e-07
1.683894e+00	-1.081084e+00	-2.763475e-02	-1.283273e+00	-1.289979e-04
1.690177e+00	-1.080271e+00	-1.561757e-01	-1.268002e+00	-1.023110e-01
1.696460e+00	-8.858572e-01	7.562327e-03	5.582352e-02	-1.803872e-01
1.702743e+00	-6.884813e-01	1.649210e-01	-7.344507e-03	2.203513e-02
1.709026e+00	-3.107452e-01	2.014627e-01	-1.859740e-02	-2.793179e-02
1.715310e+00	-4.463823e-01	4.441431e-02	8.435734e-02	2.348191e-01
1.721593e+00	-5.849571e-01	-1.063257e-01	-1.704859e+00	1.726097e-01
1.727876e+00	-6.119613e-01	3.997853e-01	-1.751461e+00	3.240069e-03
1.734159e+00	-4.745145e-01	1.682166e-01	-1.138685e+00	4.279625e-01
1.740442e+00	-3.415061e-01	-6.729269e-02	1.434107e-01	-2.261226e-02
1.746726e+00	-4.525934e-01	-8.695914e-02	-3.270864e-02	-1.451317e-04
1.753009e+00	-6.986154e-01	4.852850e-02	4.936457e-02	3.820515e-02
1.759292e+00	-9.419446e-01	2.042583e-01	-4.110143e-01	-3.032050e-01
1.765575e+00	-1.057856e+00	-5.900397e-02	-1.202841e+00	-1.277333e-02
1.771858e+00	-1.040005e+00	-3.937599e-02	-1.203225e+00	-1.666546e-05
1.778141e+00	-1.021911e+00	-2.450835e-02	-1.203225e+00	-2.275902e-08
1.784425e+00	-1.011112e+00	-4.207729e-04	-1.203225e+00	-8.063519e-09
1.790708e+00	-1.010770e+00	2.702431e-04	-1.203225e+00	-3.135460e-09
1.796991e+00	-1.010493e+00	1.131215e-03	-1.203225e+00	4.611893e-09
1.803274e+00	-1.010279e+00	2.163519e-03	-1.203225e+00	5.373084e-09
1.809557e+00	-1.013495e+00	-4.653396e-04	-1.203225e+00	-1.570009e-09
1.815841e+00	-1.013057e+00	-4.918049e-04	-1.203225e+00	-8.791649e-09
1.822124e+00	-1.012698e+00	-5.085496e-04	-1.203225e+00	-1.125026e-06
1.828407e+00	-1.017186e+00	-4.065744e-02	-1.203223e+00	-8.618680e-04
1.834690e+00	-9.416985e-01	-6.586951e-03	-9.375619e-01	-2.782102e-01
1.840973e+00	-8.656619e-01	2.529095e-02	1.005825e-01	-5.313016e-03
1.847256e+00	-5.697903e-01	-1.010604e-01	-2.099774e-02	6.436632e-03
1.853540e+00	-3.920539e-01	2.122440e-02	3.140219e-02	-4.292704e-02
1.859823e+00	-2.121148e-01	1.357370e-01	-3.602628e-01	3.939743e-01
1.866106e+00	-1.717532e-01	2.612531e-01	-7.334168e-01	4.277517e-01
1.872389e+00	-2.389484e-01	1.226761e-01	8.059366e-02	-4.168108e-02
1.878672e+00	-3.087563e-01	-1.406745e-02	-2.135597e-02	5.052516e-03
1.884956e+00	-5.060317e-01	4.454938e-03	4.469483e-02	1.562936e-02
1.891239e+00	-5.202468e-01	3.161050e-03	-3.486696e-01	-1.665609e-01
1.897522e+00	-5.345236e-01	2.220818e-03	-6.576598e-01	-2.290933e-03
1.903805e+00	-5.483324e-01	-2.216241e-03	-6.576806e-01	-2.994753e-06
1.910088e+00	-5.458393e-01	-1.660278e-03	-6.576806e-01	-6.131498e-09
1.916372e+00	-5.433798e-01	-1.199082e-03	-6.576806e-01	2.231370e-09
1.922655e+00	-5.419636e-01	1.824729e-04	-6.576806e-01	2.658712e-09
1.928938e+00	-5.418842e-01	-2.095373e-04	-6.576806e-01	-8.288375e-11
1.935221e+00	-5.418554e-01	-6.418491e-04	-6.576806e-01	-2.273145e-09
1.941504e+00	-5.418778e-01	-1.113586e-03	-6.576806e-01	-1.568447e-09
1.947787e+00	-5.447866e-01	1.210182e-03	-6.576806e-01	8.750848e-10
1.954071e+00	-5.468617e-01	3.196097e-03	-6.576806e-01	2.185634e-09
1.960354e+00	-5.489391e-01	5.552346e-03	-6.576806e-01	-3.737835e-09
1.966637e+00	-5.495989e-01	-2.731259e-02	-6.576806e-01	-3.998866e-06
1.972920e+00	-5.242963e-01	1.742782e-02	-6.576424e-01	-3.066076e-03
1.979203e+00	-4.981864e-01	6.268709e-02	-2.996520e-01	-1.745140e-01
1.985487e+00	-3.708470e-01	-4.972760e-02	3.358069e-02	1.719628e-02
1.991770e+00	-2.018405e-01	-3.827048e-02	-3.889779e-02	2.080908e-02
1.998053e+00	-3.274205e-02	-3.840488e-02	-7.384768e-03	1.588286e-01
2.004336e+00	-4.155157e-02	7.933688e-02	-1.739771e-02	1.529231e-01
2.010619e+00	-8.878165e-02	5.328711e-02	-1.954345e-02	1.518456e-02
2.016902e+00	-1.364721e-01	3.117511e-02	2.189700e-02	-6.148871e-04
2.023186e+00	-1.642158e-01	-1.743219e-02	-1.700323e-01	-5.550569e-02
2.029469e+00	-1.706143e-01	-4.619989e-03	-2.379357e-01	-2.778425e-04
2.035752e+00	-1.767866e-01	7.982094e-03	-2.379363e-01	-3.611386e-07
2.042035e+00	-1.740602e-01	4.838822e-04	-2.379363e-01	1.829142e-09
2.048318e+00	-1.740886e-01	4.714518e-04	-2.379363e-01	1.138826e-10
2.054602e+00	-1.741313e-01	4.296518e-04	-2.379363e-01	-1.630987e-09
2.060885e+00	-1.734365e-01	1.365276e-04	-2.379363e-01	-1.002119e-09
2.067168e+00	-1.734655e-01	1.502554e-04	-2.379363e-01	8.418935e-10
2.073451e+00	-1.735080e-01	1.621204e-04	-2.379363e-01	1.503297e-09
2.079734e+00	-1.735639e-01	1.723782e-04	-2.379363e-01	1.763961e-10
2.086018e+00	-1.736469e-01	5.267863e-04	-2.379363e-01	-1.512323e-09
2.092301e+00	-1.745245e-01	5.345994e-04	-2.379363e-01	-1.347510e-09
2.098584e+00	-1.754154e-01	5.707292e-04	-2.379363e-01	9.429783e-10
2.104867e+00	-1.724012e-01	-6.554451e-05	-2.379363e-01	-6.472243e-09
2.111150e+00	-1.696657e-01	4.991166e-04	-2.379363e-01	-7.228952e-06
2.117433e+00	-1.669335e-01	1.008132e-03	-2.377052e-01	-5.570475e-03
2.123717e+00	-4.461228e-02	3.427419e-02	-4.246813e-02	-4.562325e-02
2.130000e+00	-1.023974e-02	2.023195e-02	-7.621531e-04	5.006964e-02
2.136283e+00	1.113764e-02	4.775278e-02	-5.394857e-04	4.387908e-02
2.142566e+00	1.455769e-02	2.020158e-02	2.093025e-03	4.526967e-02
2.148849e+00	1.744920e-02	-8.466430e-03	-1.083170e-02	3.573298e-02
2.155133e+00	-1.379547e-02	-1.893339e-02	-1.503002e-03	2.528314e-03
2.161416e+00	-2.221422e-02	-4.110338e-03	1.194148e-09	5.067993e-06
2.167699e+00	-3.035671e-02	1.056710e-02	3.428042e-10	5.922048e-09
2.173982e+00	-2.934313e-02	-1.346250e-03	-2.425347e-10	-3.046193e-10
2.180265e+00	-2.908207e-02	-5.591057e-04	-4.897232e-10	2.440120e-10
2.186548e+00	-2.880941e-02	1.301524e-04	-8.622056e-11	4.477318e-10
2.192832e+00	-2.803570e-02	3.465725e-04	3.934432e-10	1.442264e-10
2.199115e+00	-2.814020e-02	3.797790e-04	3.326114e-10	-2.920903e-10
2.205398e+00	-2.824613e-02	4.309473e-04	-1.628928e-10	-3.714057e-10
2.211681e+00	-2.729814e-02	3.816969e-04	-4.397305e-10	-1.191805e-11
2.217964e+00	-2.810653e-02	6.543292e-04	-1.278702e-10	3.779147e-10
2.224248e+00	-2.891169e-02	9.556423e-04	3.815674e-10	3.415828e-10
2.230531e+00	-2.971323e-02	1.285630e-03	4.036116e-10	-1.248034e-10
2.236814e+00	-2.710547e-02	1.898914e-03	-1.387137e-10	-5.392713e-10
2.243097e+00	-3.240929e-02	8.459876e-04	-5.075774e-10	2.806672e-09
2.249380e+00	-3.773512e-02	-1.423164e-04	-1.863320e-09	2.487684e-06
2.255664e+00	1.449572e-02	8.215819e-03	5.601291e-04	1.635949e-03
2.261947e+00	3.730487e-02	3.110390e-02	1.230854e-02	2.660081e-02
2.268230e+00	6.055236e-02	5.436539e-02	-1.959973e-03	4.593544e-02
2.274513e+00	1.326946e-01	9.795617e-02	3.452365e-04	4.400457e-02
2.280796e+00	9.618931e-02	3.013064e-02	2.287690e-03	5.011682e-02
2.287079e+00	5.840881e-02	-3.816414e-02	1.581746e-02	-2.827606e-02
2.293363e+00	5.716055e-02	-6.957132e-03	2.368410e-01	-1.142792e-02
2.299646e+00	9.370034e-02	-1.129688e-02	2.379363e-01	-1.472666e-05
2.305929e+00	1.301528e-01	-1.696217e-02	2.379363e-01	-1.667176e-08
2.312212e+00	1.283792e-01	1.084464e-04	2.379363e-01	-7.511650e-10
2.318495e+00	1.301033e-01	-2.756292e-04	2.379363e-01	-1.907954e-09
2.324779e+00	1.318305e-01	-6.651433e-04	2.379363e-01	-5.807744e-10
2.331062e+00	1.286812e-01	-3.636374e-04	2.379363e-01	1.223553e-09
2.337345e+00	1.292813e-01	-3.709711e-04	2.379363e-01	1.332608e-09
2.343628e+00	1.298913e-01	-3.858740e-04	2.379363e-01	-2.968174e-10
2.349911e+00	1.294756e-01	-2.294061e-04	2.379363e-01	-1.591732e-09
2.356194e+00	1.303496e-01	-1.757509e-03	2.379363e-01	-7.595634e-10
2.362478e+00	1.312020e-01	-3.598384e-03	2.379363e-01	1.401871e-09
2.368761e+00	1.320272e-01	-5.751915e-03	2.379363e-01	1.717488e-09
2.375044e+00	1.159441e-01	1.256186e-02	2.379363e-01	-1.788985e-07
2.381327e+00	9.722393e-02	3.422387e-03	2.379363e-01	-1.363590e-04
2.387610e+00	7.836001e-02	-3.440995e-03	1.966474e-01	-4.840497e-02
2.393894e+00	6.980084e-02	-4.587475e-02	-2.308581e-02	-9.113016e-03
2.400177e+00	2.178538e-01	6.315702e-02	1.308741e-02	1.395357e-02
2.406460e+00	3.679604e-01	1.699560e-01	2.524700e-02	1.438376e-01
2.412743e+00	4.678845e-01	7.942671e-02	3.420362e-03	1.598076e-01
2.419026e+00	2.950252e-01	1.036926e-01	4.423368e-02	2.831702e-02
2.425310e+00	1.227367e-01	1.375566e-01	-2.386038e-02	1.909037e-02
2.431593e+00	1.707997e-01	-7.054372e-02	2.160938e-01	-1.720268e-01
2.437876e+00	3.072531e-01	-6.926741e-02	6.575295e-01	-6.245280e-03
2.444159e+00	4.436939e-01	-7.423135e-02	6.576805e-01	-8.146733e-06
2.450442e+00	5.623779e-01	7.966332e-02	6.576806e-01	-8.426235e-09
2.456725e+00	5.804442e-01	2.953692e-02	6.576806e-01	1.399516e-09
2.463009e+00	5.976202e-01	-1.961065e-02	6.576806e-01	-8.249617e-10
2.469292e+00	5.843469e-01	-9.734245e-03	6.576806e-01	-2.300830e-09
2.475575e+00	5.859932e-01	-5.072307e-03	6.576806e-01	-1.053340e-09
2.481858e+00	5.877720e-01	-5.714706e-04	6.576806e-01	1.724171e-09
2.488141e+00	5.896806e-01	3.766654e-03	6.576806e-01	2.643252e-09
2.494425e+00	5.859457e-01	1.492663e-02	6.576806e-01	-1.192196e-10
2.500708e+00	5.601383e-01	-1.618937e-02	6.576806e-01	-5.923539e-09
2.506991e+00	5.337916e-01	-4.686382e-02	6.576806e-01	-1.469655e-06
2.513274e+00	3.409713e-01	-7.058754e-02	6.576762e-01	-1.124403e-03
2.519557e+00	2.443134e-01	2.843074e-02	4.277828e-01	-1.605526e-01
2.525840e+00	1.496176e-01	1.359031e-01	-5.477770e-02	7.470728e-03
2.532124e+00	6.113632e-01	1.385064e-01	1.871854e-02	6.264297e-03
2.538407e+00	8.924714e-01	-5.458816e-02	-5.549623e-02	-4.657704e-02
2.544690e+00	1.169747e+00	-2.761011e-01	5.451877e-01	4.092224e-01
2.550973e+00	1.245908e+00	3.608752e-01	5.533681e-01	4.203205e-01
2.557256e+00	9.474265e-01	1.634828e-01	-5.422624e-02	-4.270607e-02
2.563540e+00	6.454595e-01	-1.713796e-02	2.242671e-02	4.015870e-03
2.569823e+00	1.475354e-01	-3.318232e-01	-8.552886e-02	1.682424e-02
2.576106e+00	3.580668e-01	-1.732645e-01	7.886619e-01	-3.082068e-01
2.582389e+00	5.714828e-01	-2.821053e-02	1.203218e+00	-1.756198e-03
2.588672e+00	8.911643e-01	4.000594e-02	1.203225e+00	-2.298685e-06
2.594956e+00	9.274402e-01	1.281940e-02	1.203225e+00	-8.643507e-09
2.601239e+00	9.632767e-01	-1.424649e-02	1.203225e+00	3.132591e-09
2.607522e+00	9.823368e-01	-3.572152e-03	1.203225e+00	6.004486e-09
2.613805e+00	9.798506e-01	-5.102709e-04	1.203225e+00	3.080996e-10
2.620088e+00	9.775002e-01	2.622375e-03	1.203225e+00	-6.481846e-09
2.626371e+00	9.752864e-01	5.823835e-03	1.203225e+00	-4.757800e-09
2.632655e+00	9.044107e-01	1.638608e-01	1.203225e+00	-4.409620e-09
2.638938e+00	7.585272e-01	-6.068994e-02	1.203225e+00	-8.172286e-06
2.645221e+00	6.085538e-01	-2.758801e-01	1.203136e+00	-6.274646e-03
2.651504e+00	3.295818e-01	-1.228659e-01	5.562598e-01	-3.060811e-01
2.657787e+00	3.543176e-01	7.614354e-02	-6.965599e-02	3.417263e-02
2.664071e+00	3.828254e-01	2.744163e-01	3.113384e-02	2.508230e-03
2.670354e+00	1.122680e+00	2.569611e-01	-1.151375e-01	-4.428286e-02
2.676637e+00	1.228083e+00	-4.676887e-02	9.277901e-01	4.439605e-01
2.682920e+00	1.327778e+00	-3.591700e-01	1.751418e+00	6.225186e-03
2.689203e+00	1.428534e+00	1.743155e-01	1.739678e+00	9.010003e-02
2.695486e+00	1.127019e+00	8.996841e-02	6.781355e-02	3.470224e-01
2.701770e+00	8.240999e-01	1.544126e-02	8.543928e-04	-4.064344e-02
2.708053e+00	2.979032e-01	-1.634852e-01	1.525255e-02	1.478786e-02
2.714336e+00	3.531577e-01	-5.491506e-02	-1.071213e-01	-8.575944e-02
2.720619e+00	4.104652e-01	5.159085e-02	1.213662e+00	-1.868153e-01
2.726902e+00	7.492589e-01	1.275809e-01	1.283273e+00	-2.628825e-04
2.733186e+00	8.972007e-01	1.826556e-02	1.283273e+00	-3.512552e-07
2.739469e+00	1.043105e+00	-9.552976e-02	1.283273e+00	-7.568844e-09
2.745752e+00	1.081669e+00	2.755115e-02	1.283273e+00	-2.397323e-09
2.752035e+00	1.073681e+00	-1.224749e-02	1.283273e+00	5.915069e-09
2.758318e+00	1.064994e+00	-5.551250e-02	1.283273e+00	9.259579e-09
2.764602e+00	1.055544e+00	-1.022383e-01	1.283273e+00	-3.577891e-08
2.770885e+00	8.522780e-01	1.432807e-01	1.283273e+00	-2.690061e-05
2.777168e+00	5.720939e-01	6.345892e-02	1.282326e+00	-2.054906e-02
2.783451e+00	2.906817e-01	9.231119e-03	3.528280e-01	-3.160618e-01
2.789734e+00	3.009592e-01	-1.833909e-01	-4.038433e-02	4.194912e-02
2.796017e+00	6.824359e-01	-6.735182e-02	3.226114e-02	-3.240346e-03
2.802301e+00	1.065884e+00	1.926982e-02	-1.472251e-01	-1.363090e-03
2.808584e+00	1.253815e+00	4.942301e-02	1.161178e+00	3.806026e-01
2.814867e+00	1.291502e+00	-1.492808e-02	1.626911e+00	1.905894e-03
2.821150e+00	1.328052e+00	-8.202600e-02	1.626915e+00	3.251568e-06
2.827433e+00	1.340295e+00	2.200919e-01	1.626914e+00	5.943987e-04
2.833717e+00	1.177762e+00	4.144015e-02	1.431340e+00	3.134312e-01
2.840000e+00	1.011984e+00	-1.343354e-01	-1.428818e-01	5.112105e-02
2.846283e+00	5.339697e-01	-2.596080e-01	2.372580e-02	-8.964110e-03
2.852566e+00	4.286103e-01	3.898684e-03	-1.406556e-02	3.235512e-02
2.858849e+00	3.282925e-01	2.715199e-01	1.537727e-01	-3.244554e-01
2.865133e+00	5.473444e-01	-6.816616e-02	1.388569e+00	-3.434465e-02
2.871416e+00	8.111668e-01	-1.154699e-01	1.389102e+00	-4.404993e-05
2.877699e+00	1.074013e+00	-1.772437e-01	1.389102e+00	-4.715993e-08
2.883982e+00	1.335660e+00	-2.534792e-01	1.389102e+00	5.414480e-09
2.890265e+00	1.199416e+00	-1.351846e-02	1.389102e+00	-1.040463e-08
2.896548e+00	1.230301e+00	7.269950e-03	1.389102e+00	-1.287095e-07
2.902832e+00	1.261705e+00	3.115677e-02	1.389102e+00	-8.851183e-05
2.909115e+00	5.080318e-01	-1.974231e-01	1.379772e+00	-6.611053e-02
2.915398e+00	3.282579e-01	4.816664e-02	1.305498e-01	-2.972280e-01
2.921681e+00	1.531890e-01	2.997523e-01	-7.115240e-03	4.052106e-02
2.927964e+00	7.002063e-01	1.380596e-01	2.774659e-02	-1.427030e-02
2.934248e+00	9.610063e-01	-8.592064e-02	-1.344967e-01	9.633353e-02
2.940531e+00	1.217471e+00	-3.304719e-01	1.279015e+00	2.605261e-01
2.946814e+00	1.204912e+00	1.723999e-02	1.454807e+00	5.702875e-04
2.953097e+00	1.184130e+00	2.203872e-02	1.454807e+00	7.278981e-07
2.959380e+00	1.163571e+00	3.102336e-02	1.454807e+00	8.076728e-09
2.965663e+00	1.139089e+00	-1.378609e-02	1.454807e+00	3.796115e-06
2.971947e+00	1.179168e+00	-9.887168e-03	1.454800e+00	2.898557e-03
2.978230e+00	1.219406e+00	-6.739032e-03	8.372199e-01	3.948844e-01
2.984513e+00	8.355697e-01	3.953728e-02	-8.169128e-02	-2.891089e-02
2.990796e+00	5.534621e-01	5.678128e-02	2.107172e-02	-7.712218e-04
2.997079e+00	2.717769e-01	7.861564e-02	-6.232808e-02	3.508675e-02
3.003363e+00	3.771430e-01	-8.843443e-02	6.441321e-01	-4.008537e-01
3.009646e+00	7.159409e-01	-1.023593e-01	1.454787e+00	-5.908247e-03
3.015929e+00	1.054393e+00	-1.291557e-01	1.454807e+00	-7.706586e-06
3.022212e+00	1.392323e+00	-1.688204e-01	1.454807e+00	-1.115394e-09
3.028495e+00	1.188526e+00	2.125191e-01	1.454807e+00	-3.459835e-07
3.034779e+00	9.432682e-01	-6.997234e-02	1.454807e+00	-2.798843e-04
3.041062e+00	6.929476e-01	-3.315624e-01	1.385235e+00	-1.767543e-01
3.047345e+00	2.790882e-01	-1.568957e-01	-7.419115e-02	-1.935661e-01
3.053628e+00	3.799662e-01	8.098522e-02	2.043824e-02	2.558010e-02
3.059911e+00	4.853082e-01	3.133916e-01	1.185277e-02	-3.130980e-02
3.066194e+00	1.198533e+00	1.719356e-02	-1.076791e-02	2.337747e-01
3.072478e+00	1.166085e+00	1.472171e-02	1.354253e+00	1.251550e-01
3.078761e+00	1.133689e+00	1.314786e-02	1.389102e+00	1.803908e-04
3.085044e+00	1.135975e+00	2.937280e-03	1.389102e+00	2.532331e-07
3.091327e+00	1.134032e+00	3.330555e-03	1.389102e+00	2.415408e-09
3.097610e+00	1.132185e+00	3.738786e-03	1.389102e+00	-1.072525e-08
3.103894e+00	1.148574e+00	3.792355e-02	1.389102e+00	2.435954e-08
3.110177e+00	1.140898e+00	-3.957886e-02	1.389102e+00	2.162987e-05
3.116460e+00	1.131792e+00	-1.232774e-01	1.389008e+00	1.664456e-02
3.122743e+00	1.009890e+00	9.693695e-02	3.312010e-01	3.642656e-01
3.129026e+00	7.547196e-01	1.839294e-01	-3.157034e-02	-3.475029e-02
3.135309e+00	5.014342e-01	2.895630e-01	2.422905e-02	3.358904e-03
3.141593e+00	2.444173e-01	-4.525997e-01	-1.291767e-01	7.787286e-04
3.147876e+00	5.571008e-01	-3.259520e-01	1.247380e+00	-3.865506e-01
3.154159e+00	8.719754e-01	-2.227574e-01	1.626912e+00	-1.211155e-03
3.160442e+00	1.188660e+00	-1.430340e-01	1.626915e+00	-2.803191e-06
3.166725e+00	9.917002e-01	1.106004e-01	1.626915e+00	-9.353702e-04
3.173009e+00	6.287626e-01	9.189419e-02	1.343694e+00	-3.319456e-01
3.179292e+00	2.658914e-01	1.138444e-01	-1.583371e-01	-5.736605e-02
3.185575e+00	4.646219e-01	9.391017e-03	3.202519e-02	9.313021e-03
3.191858e+00	6.880677e-01	-1.850565e-02	-1.880090e-02	-4.016523e-02
3.198141e+00	9.108416e-01	-6.817476e-02	2.014085e-01	2.950447e-01
3.204425e+00	1.034125e+00	5.593164e-02	1.279342e+00	4.149350e-02
3.210708e+00	1.071803e+00	-1.963099e-03	1.283273e+00	5.478350e-05
3.216991e+00	1.108480e+00	-5.933392e-02	1.283273e+00	6.235789e-08
3.223274e+00	1.088827e+00	4.212820e-04	1.283273e+00	-9.536763e-09
3.229557e+00	1.088085e+00	4.220852e-03	1.283273e+00	-1.045104e-10
3.235840e+00	1.087507e+00	8.770521e-03	1.283273e+00	6.739778e-09
3.242124e+00	1.099850e+00	8.701205e-03	1.283273e+00	6.485089e-09
3.248407e+00	1.089643e+00	9.365693e-03	1.283273e+00	1.702158e-07
3.254690e+00	1.079540e+00	1.054248e-02	1.283273e+00	1.289979e-04
3.260973e+00	1.132908e+00	7.962781e-02	1.268002e+00	1.023110e-01
3.267256e+00	9.256403e-01	5.910381e-02	-5.582352e-02	1.803872e-01
3.273540e+00	7.181120e-01	4.310198e-02	7.344507e-03	-2.203513e-02
3.279823e+00	3.062065e-02	3.983285e-01	1.859740e-02	2.793179e-02
3.286106e+00	3.268892e-01	1.002378e-01	-8.435734e-02	-2.348191e-01
3.292389e+00	6.175400e-01	-1.986073e-01	1.704859e+00	-1.726097e-01
3.298672e+00	9.026159e-01	-4.981604e-01	1.751461e+00	-3.240069e-03
3.304955e+00	4.707198e-01	-2.146775e-01	1.138685e+00	-4.279625e-01
3.311239e+00	3.881249e-01	2.078792e-02	-1.434107e-01	2.261226e-02
3.317522e+00	3.100155e-01	2.583847e-01	3.270864e-02	1.451317e-04
3.323805e+00	7.255818e-01	1.686768e-01	-4.936457e-02	-3.820515e-02
3.330088e+00	8.867777e-01	-5.607210e-02	4.110143e-01	3.032050e-01
3.336371e+00	1.043707e+00	-2.918683e-01	1.202841e+00	1.277333e-02
3.342655e+00	1.036528e+00	-7.512523e-03	1.203225e+00	1.666546e-05
3.348938e+00	1.029512e+00	1.801152e-03	1.203225e+00	2.275899e-08
3.355221e+00	1.022756e+00	1.143946e-02	1.203225e+00	8.063562e-09
3.361504e+00	1.010816e+00	2.557964e-04	1.203225e+00	3.135415e-09
3.367787e+00	1.012571e+00	-1.527014e-04	1.203225e+00	-4.611841e-09
3.374071e+00	1.014399e+00	-5.395870e-04	1.203225e+00	-5.373120e-09
3.380354e+00	1.015423e+00	-2.154228e-02	1.203225e+00	1.569984e-09
3.386637e+00	1.027790e+00	-2.072799e-02	1.203225e+00	8.791747e-09
3.392920e+00	1.040220e+00	-2.336174e-02	1.203225e+00	1.125026e-06
3.399203e+00	1.085625e+00	1.514275e-01	1.203223e+00	8.618680e-04
3.405486e+00	9.320493e-01	9.012722e-02	9.375619e-01	2.782102e-01
3.411770e+00	7.774566e-01	3.482440e-02	-1.005825e-01	5.313016e-03
3.418053e+00	6.219301e-01	-1.447327e-02	2.099774e-02	-6.436632e-03
3.424336e+00	3.710788e-01	-1.155894e-01	-3.140219e-02	4.292704e-02
3.430619e+00	2.659743e-01	-1.479632e-01	3.602628e-01	-3.939743e-01
3.436902e+00	1.603210e-01	-1.755560e-01	7.334168e-01	-4.277517e-01
3.443186e+00	2.228363e-01	-1.942912e-01	-8.059366e-02	4.168108e-02
3.449469e+00	3.245198e-01	-4.448702e-02	2.135597e-02	-5.052516e-03
3.455752e+00	4.289687e-01	9.615845e-02	-4.469483e-02	-1.562936e-02
3.462035e+00	5.330325e-01	1.274991e-02	3.486696e-01	1.665609e-01
3.468318e+00	5.431230e-01	5.951329e-04	6.576598e-01	2.290933e-03
3.474601e+00	5.530261e-01	-1.169108e-02	6.576806e-01	2.994753e-06
3.480885e+00	5.481527e-01	-1.874887e-03	6.576806e-01	6.131493e-09
3.487168e+00	5.480642e-01	-1.102558e-03	6.576806e-01	-2.231413e-09
3.493451e+00	5.480330e-01	-3.824211e-04	6.576806e-01	-2.658704e-09
3.499734e+00	5.475096e-01	1.300711e-04	6.576806e-01	8.291533e-11
3.506017e+00	5.470852e-01	8.595529e-05	6.576806e-01	2.273128e-09
3.512301e+00	5.467034e-01	6.863022e-05	6.576806e-01	1.568425e-09
3.518584e+00	5.434477e-01	-7.775008e-03	6.576806e-01	-8.751214e-10
3.524867e+00	5.487847e-01	-2.641528e-03	6.576806e-01	-2.185562e-09
3.531150e+00	5.542599e-01	2.309358e-03	6.576806e-01	3.737804e-09
3.537433e+00	5.921110e-01	5.439088e-02	6.576806e-01	3.998866e-06
3.543717e+00	5.488781e-01	1.961208e-02	6.576424e-01	3.066076e-03
3.550000e+00	5.050464e-01	-1.404384e-02	2.996520e-01	1.745140e-01
3.556283e+00	4.606283e-01	-4.657219e-02	-3.358069e-02	-1.719628e-02
3.562566e+00	1.895406e-01	-8.373090e-02	3.889779e-02	-2.080908e-02
3.568849e+00	7.416686e-02	-2.219308e-02	7.384768e-03	-1.588286e-01
3.575132e+00	-4.002783e-02	4.126829e-02	1.739771e-02	-1.529231e-01
3.581416e+00	9.061577e-02	-3.606853e-02	1.954345e-02	-1.518456e-02
3.587699e+00	1.312066e-01	-3.168817e-02	-2.189700e-02	6.148871e-04
3.593982e+00	1.718605e-01	-3.056136e-02	1.700323e-01	5.550569e-02
3.600265e+00	1.799461e-01	1.229154e-02	2.379357e-01	2.778425e-04
3.606548e+00	1.779209e-01	6.730783e-03	2.379363e-01	3.611386e-07
3.612832e+00	1.758142e-01	2.140322e-03	2.379363e-01	-1.829269e-09
3.619115e+00	1.740030e-01	-4.508031e-04	2.379363e-01	-1.137006e-10
3.625398e+00	1.742630e-01	-2.279070e-04	2.379363e-01	1.630863e-09
3.631681e+00	1.745407e-01	-2.751021e-05	2.379363e-01	1.002158e-09
3.637964e+00	1.747356e-01	9.661768e-05	2.379363e-01	-8.419460e-10
3.644247e+00	1.745619e-01	1.009552e-04	2.379363e-01	-1.503224e-09
3.650531e+00	1.744023e-01	1.132693e-04	2.379363e-01	-1.764738e-10
3.656814e+00	1.743203e-01	-6.719797e-03	2.379363e-01	1.512328e-09
3.663097e+00	1.748760e-01	-2.533918e-03	2.379363e-01	1.347560e-09
3.669380e+00	1.755223e-01	1.425162e-03	2.379363e-01	-9.430179e-10
3.675663e+00	1.994564e-01	7.960989e-02	2.379363e-01	6.472267e-09
3.681947e+00	1.667663e-01	2.861507e-02	2.379363e-01	7.228952e-06
3.688230e+00	1.331511e-01	-2.018409e-02	2.377052e-01	5.570475e-03
3.694513e+00	9.864585e-02	-6.678000e-02	4.246813e-02	4.562325e-02
3.700796e+00	2.127069e-03	-4.780325e-02	7.621531e-04	-5.006964e-02
3.707079e+00	-9.089538e-03	-4.390509e-02	5.394857e-04	-4.387908e-02
3.713363e+00	-2.023930e-02	-4.059334e-02	-2.093025e-03	-4.526967e-02
3.719646e+00	-1.007317e-02	-6.209586e-03	1.083170e-02	-3.573298e-02
3.725929e+00	7.304825e-03	-4.959984e-03	1.503002e-03	-2.528314e-03
3.732212e+00	2.470423e-02	-4.030663e-03	-1.194218e-09	-5.067993e-06
3.738495e+00	2.700913e-02	-1.675470e-04	-3.428081e-10	-5.922101e-09
3.744778e+00	2.826636e-02	-6.772543e-04	2.425587e-10	3.046529e-10
3.751062e+00	2.951603e-02	-1.207526e-03	4.895622e-10	-2.440189e-10
3.757345e+00	2.709116e-02	-1.350256e-03	8.629202e-11	-4.477287e-10
3.763628e+00	2.718055e-02	-7.140832e-04	-3.935023e-10	-1.442068e-10
3.769911e+00	2.728382e-02	-1.037577e-04	-3.326281e-10	2.920301e-10
3.776194e+00	2.744406e-02	-1.539627e-04	1.628038e-10	3.714299e-10
3.782478e+00	2.743943e-02	1.269205e-04	4.397450e-10	1.199268e-11
3.788761e+00	2.744225e-02	4.065589e-04	1.279894e-10	-3.779615e-10
3.795044e+00	2.987875e-02	3.689206e-03	-3.816117e-10	-3.415522e-10
3.801327e+00	2.860758e-02	1.922029e-03	-4.035028e-10	1.247231e-10
3.807610e+00	2.730569e-02	1.829060e-04	1.385928e-10	5.393222e-10
3.813893e+00	2.597337e-02	-1.527922e-03	5.075143e-10	-2.806616e-09
3.820177e+00	1.700262e-02	9.593074e-03	1.863330e-09	-2.487684e-06
3.826460e+00	-2.741465e-03	-2.146276e-03	-5.601291e-04	-1.635949e-03
3.832743e+00	-2.269629e-02	-1.265355e-02	-1.230854e-02	-2.660081e-02
3.839026e+00	-8.787418e-02	-5.085863e-02	1.959973e-03	-4.593544e-02
3.845309e+00	-1.027115e-01	-2.496262e-02	-3.452365e-04	-4.400457e-02
3.851593e+00	-1.170370e-01	4.368704e-03	-2.287690e-03	-5.011682e-02
3.857876e+00	-5.989995e-02	6.367804e-02	-1.581746e-02	2.827606e-02
3.864159e+00	-7.220965e-02	2.111122e-02	-2.368410e-01	1.142792e-02
3.870442e+00	-8.531133e-02	-1.975050e-02	-2.379363e-01	1.472666e-05
3.876725e+00	-1.259687e-01	-2.119777e-02	-2.379363e-01	1.667182e-08
3.883009e+00	-1.318163e-01	-7.117777e-03	-2.379363e-01	7.511369e-10
3.889292e+00	-1.374133e-01	6.497199e-03	-2.379363e-01	1.907975e-09
3.895575e+00	-1.376939e-01	-1.393686e-03	-2.379363e-01	5.807653e-10
3.901858e+00	-1.375354e-01	-6.049957e-04	-2.379363e-01	-1.223582e-09
3.908141e+00	-1.373738e-01	9.154148e-05	-2.379363e-01	-1.332565e-09
3.914424e+00	-1.363019e-01	3.444919e-04	-2.379363e-01	2.967574e-10
3.920708e+00	-1.370969e-01	9.594352e-04	-2.379363e-01	1.591781e-09
3.926991e+00	-1.378906e-01	1.625731e-03	-2.379363e-01	7.594962e-10
3.933274e+00	-1.304003e-01	1.950395e-03	-2.379363e-01	-1.401778e-09
3.939557e+00	-1.289282e-01	2.600024e-04	-2.379363e-01	-1.717567e-09
3.945840e+00	-1.274992e-01	-1.532375e-03	-2.379363e-01	1.788985e-07
3.952124e+00	-1.261149e-01	-3.426265e-03	-2.379363e-01	1.363590e-04
3.958407e+00	-7.421169e-02	1.806217e-02	-1.966474e-01	4.840497e-02
3.964690e+00	-9.848982e-02	-4.374619e-02	2.308581e-02	9.113016e-03
3.970973e+00	-1.239552e-01	-1.070025e-01	-1.308741e-02	-1.395357e-02
3.977256e+00	-3.481667e-01	-1.435851e-01	-2.524700e-02	-1.438376e-01
3.983539e+00	-3.505030e-01	2.816787e-02	-3.420362e-03	-1.598076e-01
3.989823e+00	-3.495792e-01	2.053491e-01	-4.423368e-02	-2.831702e-02
3.996106e+00	-1.289020e-01	6.023356e-02	2.386038e-02	-1.909037e-02
4.002389e+00	-1.816208e-01	1.142878e-02	-2.160938e-01	1.720268e-01
4.008672e+00	-2.352747e-01	-3.743759e-02	-6.575295e-01	6.245280e-03
4.014955e+00	-4.997480e-01	4.845380e-03	-6.576805e-01	8.146733e-06
4.021239e+00	-5.404835e-01	6.194964e-03	-6.576806e-01	8.426160e-09
4.027522e+00	-5.812305e-01	8.115050e-03	-6.576806e-01	-1.399435e-09
4.033805e+00	-5.788915e-01	-1.708691e-03	-6.576806e-01	8.248948e-10
4.040088e+00	-5.793098e-01	-2.531048e-04	-6.576806e-01	2.300841e-09
4.046371e+00	-5.797476e-01	1.077900e-03	-6.576806e-01	1.053372e-09
4.052655e+00	-5.732268e-01	1.321813e-02	-6.576806e-01	-1.724146e-09
4.058938e+00	-5.842668e-01	1.760732e-02	-6.576806e-01	-2.643249e-09
4.065221e+00	-5.952445e-01	2.466932e-02	-6.576806e-01	1.191854e-10
4.071504e+00	-6.275575e-01	-1.715536e-01	-6.576806e-01	5.923535e-09
4.077787e+00	-4.944363e-01	-8.511478e-02	-6.576806e-01	1.469655e-06
4.084070e+00	-3.598376e-01	-9.744847e-03	-6.576762e-01	1.124403e-03
4.090354e+00	-2.239443e-01	5.454474e-02	-4.277828e-01	1.605526e-01
4.096637e+00	-2.535983e-01	9.381057e-02	5.477770e-02	-7.470728e-03
4.102920e+00	-5.585389e-01	-1.792460e-01	-1.871854e-02	-6.264297e-03
4.109203e+00	-8.686322e-01	-4.472205e-01	5.549623e-02	4.657704e-02
4.115486e+00	-1.323365e+00	-1.299262e-01	-5.451877e-01	-4.092224e-01
4.121770e+00	-1.145186e+00	-4.111080e-02	-5.533681e-01	-4.203205e-01
4.128053e+00	-9.654702e-01	4.228126e-02	5.422624e-02	4.270607e-02
4.134336e+00	-5.281288e-01	1.283701e-01	-2.242671e-02	-4.015870e-03
4.140619e+00	-3.665344e-01	-1.015022e-01	8.552886e-02	-1.682424e-02
4.146902e+00	-2.094031e-01	-3.422390e-01	-7.886619e-01	3.082068e-01
4.153185e+00	-5.748554e-01	-7.369574e-02	-1.203218e+00	1.756198e-03
4.159469e+00	-7.741146e-01	6.777580e-02	-1.203225e+00	2.298685e-06
4.165752e+00	-9.706846e-01	2.178621e-01	-1.203225e+00	8.643572e-09
4.172035e+00	-9.599019e-01	-1.142877e-02	-1.203225e+00	-3.132647e-09
4.178318e+00	-9.642007e-01	-1.911572e-03	-1.203225e+00	-6.004410e-09
4.184601e+00	-9.684060e-01	6.569207e-03	-1.203225e+00	-3.081462e-10
4.190885e+00	-9.772294e-01	-3.260870e-02	-1.203225e+00	6.481860e-09
4.197168e+00	-9.604179e-01	-5.083447e-03	-1.203225e+00	4.757788e-09
4.203451e+00	-9.431648e-01	2.238663e-02	-1.203225e+00	4.409606e-09
4.209734e+00	-9.254680e-01	4.979849e-02	-1.203225e+00	8.172286e-06
4.216017e+00	-6.079639e-01	1.551287e-02	-1.203136e+00	6.274646e-03
4.222301e+00	-3.447717e-01	-1.275898e-01	-5.562598e-01	3.060811e-01
4.228584e+00	-8.447655e-02	-2.903839e-01	6.965599e-02	-3.417263e-02
4.234867e+00	-5.901956e-01	3.437516e-03	-3.113384e-02	-2.508230e-03
4.241150e+00	-9.662132e-01	1.573529e-01	1.151375e-01	4.428286e-02
4.247433e+00	-1.339114e+00	3.435401e-01	-9.277901e-01	-4.439605e-01
4.253716e+00	-1.387773e+00	-2.005081e-01	-1.751418e+00	-6.225186e-03
4.260000e+00	-1.293365e+00	-4.970338e-03	-1.739678e+00	-9.010003e-02
4.266283e+00	-1.195435e+00	1.840066e-01	-6.781355e-02	-3.470224e-01
4.272566e+00	-8.144787e-01	-5.741185e-02	-8.543928e-04	4.064344e-02
4.278849e+00	-5.302675e-01	-1.381099e-01	-1.525255e-02	-1.478786e-02
4.285132e+00	-2.477324e-01	-2.307310e-01	1.071213e-01	8.575944e-02
4.291416e+00	-3.467095e-01	7.762933e-02	-1.213662e+00	1.868153e-01
4.297699e+00	-6.429294e-01	1.063672e-01	-1.283273e+00	2.628825e-04
4.303982e+00	-9.385251e-01	1.485718e-01	-1.283273e+00	3.512552e-07
4.310265e+00	-1.063494e+00	2.948873e-02	-1.283273e+00	7.568900e-09
4.316548e+00	-1.062229e+00	6.051999e-03	-1.283273e+00	2.397231e-09
4.322831e+00	-1.061497e+00	-1.806274e-02	-1.283273e+00	-5.915010e-09
4.329115e+00	-1.118735e+00	-4.068250e-01	-1.283273e+00	-9.259616e-09
4.335398e+00	-1.023855e+00	-1.421043e-01	-1.283273e+00	3.577888e-08
4.341681e+00	-9.241630e-01	1.130271e-01	-1.283273e+00	2.690061e-05
4.347964e+00	-8.198204e-01	3.585301e-01	-1.282326e+00	2.054906e-02
4.354247e+00	-2.755735e-01	1.179661e-01	-3.528280e-01	3.160618e-01
4.360531e+00	-3.177900e-01	-6.564316e-02	4.038433e-02	-4.194912e-02
4.366814e+00	-3.634851e-01	-2.483728e-01	-3.226114e-02	3.240346e-03
4.373097e+00	-1.127966e+00	-2.202763e-01	1.472251e-01	1.363090e-03
4.379380e+00	-1.214295e+00	8.777110e-02	-1.161178e+00	-3.806026e-01
4.385663e+00	-1.294826e+00	4.053667e-01	-1.626911e+00	-1.905894e-03
4.391947e+00	-1.252558e+00	2.498914e-02	-1.626915e+00	-3.251568e-06
4.398230e+00	-1.273373e+00	9.276335e-03	-1.626914e+00	-5.943987e-04
4.404513e+00	-1.294570e+00	-4.873213e-03	-1.431340e+00	-3.134312e-01
4.410796e+00	-1.105432e+00	-1.376301e-01	1.428818e-01	-5.112105e-02
4.417079e+00	-7.234505e-01	-1.598222e-01	-2.372580e-02	8.964110e-03
4.423362e+00	-3.421050e-01	-1.987139e-01	1.406556e-02	-3.235512e-02
4.429646e+00	-2.856248e-01	1.691805e-01	-1.537727e-01	3.244554e-01
4.435929e+00	-5.723431e-01	1.454808e-01	-1.388569e+00	3.434465e-02
4.442212e+00	-8.594235e-01	1.347631e-01	-1.389102e+00	4.404993e-05
4.448495e+00	-1.166177e+00	-2.183390e-01	-1.389102e+00	4.715992e-08
4.454778e+00	-1.187431e+00	-5.994709e-02	-1.389102e+00	-5.414497e-09
4.461062e+00	-1.205776e+00	1.003647e-01	-1.389102e+00	1.040470e-08
4.467345e+00	-1.129770e+00	-1.551839e-01	-1.389102e+00	1.287095e-07
4.473628e+00	-8.661626e-01	-5.328410e-02	-1.389102e+00	8.851183e-05
4.479911e+00	-6.009440e-01	2.471269e-02	-1.379772e+00	6.611053e-02
4.486194e+00	-3.345140e-01	7.879481e-02	-1.305498e-01	2.972280e-01
4.492477e+00	-3.765250e-01	8.611433e-02	7.115240e-03	-4.052106e-02
4.498761e+00	-6.287687e-01	-5.305262e-02	-2.774659e-02	1.427030e-02
4.505044e+00	-8.834963e-01	-1.712202e-01	1.344967e-01	-9.633353e-02
4.511327e+00	-1.125558e+00	-5.517947e-02	-1.279015e+00	-2.605261e-01
4.517610e+00	-1.181789e+00	1.246489e-02	-1.454807e+00	-5.702875e-04
4.523893e+00	-1.236828e+00	8.131889e-02	-1.454807e+00	-7.278981e-07
4.530177e+00	-1.214544e+00	-1.904728e-02	-1.454807e+00	-8.076776e-09
4.536460e+00	-1.201287e+00	2.586103e-02	-1.454807e+00	-3.796115e-06
4.542743e+00	-1.187257e+00	7.313961e-02	-1.454800e+00	-2.898557e-03
4.549026e+00	-1.145917e+00	-2.423452e-01	-8.372199e-01	-3.948844e-01
4.555309e+00	-8.942094e-01	-1.125471e-01	8.169128e-02	2.891089e-02
4.561593e+00	-6.402260e-01	7.083021e-03	-2.107172e-02	7.712218e-04
4.567876e+00	-1.223076e-01	4.775688e-01	6.232808e-02	-3.508675e-02
4.574159e+00	-4.052524e-01	2.588818e-01	-6.441321e-01	4.008537e-01
4.580442e+00	-6.921654e-01	5.887409e-02	-1.454787e+00	5.908247e-03
4.586725e+00	-1.131554e+00	-8.987989e-02	-1.454807e+00	7.706586e-06
4.593008e+00	-1.187692e+00	-3.225430e-02	-1.454807e+00	1.115420e-09
4.599292e+00	-1.242847e+00	2.400127e-02	-1.454807e+00	3.459834e-07
4.605575e+00	-7.660000e-01	5.041563e-01	-1.454807e+00	2.798843e-04
4.611858e+00	-5.698983e-01	2.313907e-01	-1.385235e+00	1.767543e-01
4.618141e+00	-3.790426e-01	-4.650139e-02	7.419115e-02	1.935661e-01
4.624424e+00	-1.934923e-01	-3.294740e-01	-2.043824e-02	-2.558010e-02
4.630708e+00	-6.449699e-01	-8.595984e-02	-1.185277e-02	3.130980e-02
4.636991e+00	-9.068068e-01	1.058228e-01	1.076791e-02	-2.337747e-01
4.643274e+00	-1.164920e+00	3.176744e-01	-1.354253e+00	-1.251550e-01
4.649557e+00	-1.175910e+00	-3.231330e-02	-1.389102e+00	-1.803908e-04
4.655840e+00	-1.168601e+00	-2.303214e-02	-1.389102e+00	-2.532331e-07
4.662123e+00	-1.161245e+00	-1.764070e-02	-1.389102e+00	-2.415433e-09
4.668407e+00	-1.153201e+00	4.734002e-03	-1.389102e+00	1.072529e-08
4.674690e+00	-1.163974e+00	2.658372e-03	-1.389102e+00	-2.435949e-08
4.680973e+00	-1.174876e+00	7.759772e-04	-1.389102e+00	-2.162987e-05
4.687256e+00	-1.183410e+00	-1.523849e-01	-1.389008e+00	-1.664456e-02
4.693539e+00	-1.010933e+00	-6.612927e-02	-3.312010e-01	-3.642656e-01
4.699823e+00	-8.369740e-01	1.371791e-02	3.157034e-02	3.475029e-02
4.706106e+00	-1.945144e-01	2.405726e-01	-2.422905e-02	-3.358904e-03
4.712389e+00	-3.697234e-01	1.078918e-01	1.291767e-01	-7.787286e-04
4.718672e+00	-5.473673e-01	-1.543283e-02	-1.247380e+00	3.865506e-01
4.724955e+00	-1.216397e+00	-7.124523e-01	-1.626912e+00	1.211155e-03
4.731239e+00	-1.120647e+00	-2.402261e-01	-1.626915e+00	2.803191e-06
4.737522e+00	-1.016281e+00	2.119576e-01	-1.626915e+00	9.353702e-04
4.743805e+00	-9.036562e-01	6.440274e-01	-1.343694e+00	3.319456e-01
4.750088e+00	-3.226221e-01	1.816566e-01	1.583371e-01	5.736605e-02
4.756371e+00	-4.100938e-01	-6.970316e-02	-3.202519e-02	-9.313021e-03
4.762654e+00	-5.022782e-01	-3.146369e-01	1.880090e-02	4.016523e-02
4.768938e+00	-1.090201e+00	4.966307e-03	-2.014085e-01	-2.950447e-01
4.775221e+00	-1.069826e+00	-6.112674e-03	-1.279342e+00	-4.149350e-02
4.781504e+00	-1.049746e+00	-1.728495e-02	-1.283273e+00	-5.478350e-05
4.787787e+00	-1.084236e+00	-1.429013e-02	-1.283273e+00	-6.235794e-08
4.794070e+00	-1.076551e+00	-1.005261e-02	-1.283273e+00	9.536726e-09
4.800354e+00	-1.068878e+00	-6.454981e-03	-1.283273e+00	1.045593e-10
4.806637e+00	-1.076536e+00	5.564269e-03	-1.283273e+00	-6.739756e-09
4.812920e+00	-1.086996e+00	1.554169e-02	-1.283273e+00	-6.485136e-09
4.819203e+00	-1.097331e+00	2.804750e-02	-1.283273e+00	-1.702158e-07
4.825486e+00	-1.131279e+00	-1.728728e-01	-1.283273e+00	-1.289979e-04
4.831770e+00	-1.015282e+00	-4.078665e-02	-1.268002e+00	-1.023110e-01
4.838053e+00	-8.968936e-01	8.966084e-02	5.582352e-02	-1.803872e-01
4.844336e+00	-5.124435e-01	2.940431e-01	-7.344507e-03	2.203513e-02
4.850619e+00	-4.477648e-01	1.466595e-02	-1.859740e-02	-2.793179e-02
4.856902e+00	-3.884347e-01	-2.695614e-01	8.435734e-02	2.348191e-01
4.863185e+00	-7.509448e-01	-7.781354e-02	-1.704859e+00	1.726097e-01
4.869469e+00	-6.229514e-01	2.239492e-02	-1.751461e+00	3.240069e-03
4.875752e+00	-4.933164e-01	1.024335e-01	-1.138685e+00	4.279625e-01
4.882035e+00	-3.623950e-01	1.622894e-01	1.434107e-01	-2.261226e-02
4.888318e+00	-4.295994e-01	7.538786e-02	-3.270864e-02	-1.451317e-04
4.894601e+00	-7.140797e-01	1.185156e-01	4.936457e-02	3.820515e-02
4.900885e+00	-9.975702e-01	1.875601e-01	-4.110143e-01	-3.032050e-01
4.907168e+00	-1.006547e+00	-5.414591e-02	-1.202841e+00	-1.277333e-02
4.913451e+00	-1.016584e+00	-1.063369e-02	-1.203225e+00	-1.666546e-05
4.919734e+00	-1.025902e+00	3.061655e-02	-1.203225e+00	-2.275901e-08
4.926017e+00	-1.012625e+00	1.026309e-03	-1.203225e+00	-8.063533e-09
4.932300e+00	-1.012066e+00	2.153537e-04	-1.203225e+00	-3.135434e-09
4.938584e+00	-1.011603e+00	-7.107752e-04	-1.203225e+00	4.611844e-09
4.944867e+00	-1.011626e+00	-2.085787e-03	-1.203225e+00	5.373106e-09
4.951150e+00	-1.009325e+00	8.092036e-04	-1.203225e+00	-1.569949e-09
4.957433e+00	-1.007049e+00	3.690617e-03	-1.203225e+00	-8.791770e-09
4.963716e+00	-9.929752e-01	8.796803e-03	-1.203225e+00	-1.125026e-06
4.970000e+00	-1.013787e+00	1.106352e-02	-1.203223e+00	-8.618680e-04
4.976283e+00	-1.034630e+00	1.392247e-02	-9.375619e-01	-2.782102e-01
4.982566e+00	-8.235824e-01	-2.118924e-02	1.005825e-01	-5.313016e-03
4.988849e+00	-6.044492e-01	-3.163016e-02	-2.099774e-02	6.436632e-03
4.995132e+00	-3.856157e-01	-4.681269e-02	3.140219e-02	-4.292704e-02
5.001416e+00	-2.125344e-01	3.252459e-01	-3.602628e-01	3.939743e-01
5.007699e+00	-2.101719e-01	2.031316e-01	-7.334168e-01	4.277517e-01
5.013982e+00	-2.101358e-01	8.012026e-02	8.059366e-02	-4.168108e-02
5.020265e+00	-2.124426e-01	-4.376761e-02	-2.135597e-02	5.052516e-03
5.026548e+00	-4.681786e-01	-7.618839e-02	4.469483e-02	1.562936e-02
5.032831e+00	-5.061483e-01	3.792322e-02	-3.486696e-01	-1.665609e-01
5.039115e+00	-5.419512e-01	1.581343e-01	-6.576598e-01	-2.290933e-03
5.045398e+00	-5.471747e-01	-5.741277e-04	-6.576806e-01	-2.994753e-06
5.051681e+00	-5.484573e-01	6.383414e-04	-6.576806e-01	-6.131541e-09
5.057964e+00	-5.497597e-01	1.929075e-03	-6.576806e-01	2.231427e-09
5.064247e+00	-5.414367e-01	9.057067e-05	-6.576806e-01	2.658654e-09
5.070531e+00	-5.427839e-01	2.836744e-04	-6.576806e-01	-8.287619e-11
5.076814e+00	-5.441701e-01	4.969023e-04	-6.576806e-01	-2.273091e-09
5.083097e+00	-5.437551e-01	3.236097e-03	-6.576806e-01	-1.568451e-09
5.089380e+00	-5.447165e-01	1.009610e-03	-6.576806e-01	8.750537e-10
5.095663e+00	-5.457607e-01	-1.004978e-03	-6.576806e-01	2.185650e-09
5.101946e+00	-5.576045e-01	-1.564149e-02	-6.576806e-01	-3.737846e-09
5.108230e+00	-5.519017e-01	9.890277e-03	-6.576806e-01	-3.998866e-06
5.114513e+00	-5.457372e-01	3.801589e-02	-6.576424e-01	-3.066076e-03
5.120796e+00	-5.307110e-01	-1.480173e-01	-2.996520e-01	-1.745140e-01
5.127079e+00	-3.768875e-01	-7.279305e-02	3.358069e-02	1.719628e-02
5.133362e+00	-2.217824e-01	-7.987940e-03	-3.889779e-02	2.080908e-02
5.139646e+00	-6.556217e-02	4.638796e-02	-7.384768e-03	1.588286e-01
5.145929e+00	-3.495684e-02	7.786841e-02	-1.739771e-02	1.529231e-01
5.152212e+00	-7.660137e-02	3.082651e-02	-1.954345e-02	1.518456e-02
5.158495e+00	-1.191174e-01	-1.377346e-02	2.189700e-02	-6.148871e-04
5.164778e+00	-1.642480e-01	-1.153440e-02	-1.700323e-01	-5.550569e-02
5.171062e+00	-1.725664e-01	-3.326812e-04	-2.379357e-01	-2.778425e-04
5.177345e+00	-1.806871e-01	1.092178e-02	-2.379363e-01	-3.611386e-07
5.183628e+00	-1.756871e-01	9.976453e-04	-2.379363e-01	1.829139e-09
5.189911e+00	-1.752676e-01	4.442879e-04	-2.379363e-01	1.138944e-10
5.196194e+00	-1.748722e-01	-9.364216e-05	-2.379363e-01	-1.630995e-09
5.202477e+00	-1.742981e-01	5.160373e-04	-2.379363e-01	-1.002142e-09
5.208761e+00	-1.743233e-01	1.498608e-05	-2.379363e-01	8.419505e-10
5.215044e+00	-1.743717e-01	-4.883324e-04	-2.379363e-01	1.503225e-09
5.221327e+00	-1.749873e-01	2.877162e-04	-2.379363e-01	1.764588e-10
5.227610e+00	-1.757312e-01	4.102461e-04	-2.379363e-01	-1.512409e-09
5.233893e+00	-1.764863e-01	5.723936e-04	-2.379363e-01	-1.347501e-09
5.240177e+00	-1.799436e-01	-8.752195e-03	-2.379363e-01	9.430384e-10
5.246460e+00	-1.724331e-01	-1.870286e-03	-2.379363e-01	-6.472256e-09
5.252743e+00	-1.648084e-01	4.848081e-03	-2.379363e-01	-7.228952e-06
5.259026e+00	-1.157291e-01	6.571102e-02	-2.377052e-01	-5.570475e-03
5.265309e+00	-6.884457e-02	4.627255e-02	-4.246813e-02	-4.562325e-02
5.271592e+00	-2.233969e-02	2.628281e-02	-7.621531e-04	5.006964e-02
5.277876e+00	2.378421e-02	5.745067e-03	-5.394857e-04	4.387908e-02
5.284159e+00	1.639225e-02	4.350234e-02	2.093025e-03	4.526967e-02
5.290442e+00	8.386873e-03	9.247645e-03	-1.083170e-02	3.573298e-02
5.296725e+00	-2.663212e-04	-2.528582e-02	-1.503002e-03	2.528314e-03
5.303008e+00	-2.472839e-02	-1.045076e-02	1.194241e-09	5.067993e-06
5.309292e+00	-2.676631e-02	-3.443835e-03	3.427404e-10	5.922095e-09
5.315575e+00	-2.867820e-02	3.153452e-03	-2.425416e-10	-3.046756e-10
5.321858e+00	-2.929185e-02	-5.374679e-04	-4.895772e-10	2.440799e-10
5.328141e+00	-2.876541e-02	-2.658847e-04	-8.633231e-11	4.476861e-10
5.334424e+00	-2.823646e-02	-3.056991e-05	3.934407e-10	1.442410e-10
5.340708e+00	-2.782685e-02	1.526368e-04	3.326141e-10	-2.920966e-10
5.346991e+00	-2.819029e-02	1.719170e-04	-1.627587e-10	-3.713928e-10
5.353274e+00	-2.855552e-02	1.979013e-04	-4.398336e-10	-1.196118e-11
5.359557e+00	-2.660792e-02	-2.572525e-04	-1.279274e-10	3.778970e-10
5.365840e+00	-2.880261e-02	3.524867e-04	3.814834e-10	3.416185e-10
5.372123e+00	-3.098788e-02	9.780594e-04	4.036572e-10	-1.247477e-10
5.378407e+00	-2.850145e-02	-1.442145e-02	-1.387687e-10	-5.393604e-10
5.384690e+00	-2.511353e-02	-1.975151e-03	-5.073916e-10	2.806659e-09
5.390973e+00	-2.149494e-02	1.028803e-02	-1.863380e-09	2.487684e-06
5.397256e+00	1.399342e-02	-7.303876e-03	5.601291e-04	1.635949e-03
5.403539e+00	4.138958e-02	2.020966e-02	1.230854e-02	2.660081e-02
5.409823e+00	6.930568e-02	4.771477e-02	-1.959973e-03	4.593544e-02
5.416106e+00	9.774689e-02	7.520690e-02	3.452365e-04	4.400457e-02
5.422389e+00	1.110794e-01	1.252471e-02	2.287690e-03	5.011682e-02
5.428672e+00	6.552982e-02	1.258103e-02	1.581746e-02	-2.827606e-02
5.434955e+00	1.998913e-02	1.308726e-02	2.368410e-01	-1.142792e-02
5.441238e+00	1.027663e-01	4.653900e-04	2.379363e-01	-1.472666e-05
5.447522e+00	1.217850e-01	-4.513733e-03	2.379363e-01	-1.667178e-08
5.453805e+00	1.407160e-01	-9.894273e-03	2.379363e-01	-7.511571e-10
5.460088e+00	1.333709e-01	-2.740385e-03	2.379363e-01	-1.907933e-09
5.466371e+00	1.327817e-01	-1.066487e-03	2.379363e-01	-5.807617e-10
5.472654e+00	1.322342e-01	5.819178e-04	2.379363e-01	1.223512e-09
5.478938e+00	1.324231e-01	-2.863888e-04	2.379363e-01	1.332644e-09
5.485221e+00	1.326955e-01	-2.995179e-04	2.379363e-01	-2.968064e-10
5.491504e+00	1.329778e-01	-3.472074e-04	2.379363e-01	-1.591748e-09
5.497787e+00	1.342613e-01	4.160770e-03	2.379363e-01	-7.594655e-10
5.504070e+00	1.329527e-01	-1.031598e-03	2.379363e-01	1.401786e-09
5.510354e+00	1.315543e-01	-6.468409e-03	2.379363e-01	1.717521e-09
5.516637e+00	1.267213e-01	5.823229e-03	2.379363e-01	-1.788986e-07
5.522920e+00	1.012418e-01	1.048258e-02	2.379363e-01	-1.363590e-04
5.529203e+00	7.588655e-02	1.801789e-02	1.966474e-01	-4.840497e-02
5.535486e+00	5.070474e-02	2.842784e-02	-2.308581e-02	-9.113016e-03
5.541769e+00	1.816979e-01	-4.395798e-02	1.308741e-02	1.395357e-02
5.548053e+00	3.401653e-01	-9.214644e-02	2.524700e-02	1.438376e-01
5.554336e+00	4.975966e-01	-1.575421e-01	3.420362e-03	1.598076e-01
5.560619e+00	2.888159e-01	2.573909e-02	4.423368e-02	2.831702e-02
5.566902e+00	1.855204e-01	1.386116e-01	-2.386038e-02	1.909037e-02
5.573185e+00	8.445158e-02	2.608172e-01	2.160938e-01	-1.720268e-01
5.579469e+00	2.753720e-01	-6.648630e-02	6.575295e-01	-6.245280e-03
5.585752e+00	4.025049e-01	-7.530485e-02	6.576805e-01	-8.146733e-06
5.592035e+00	5.294396e-01	-9.104200e-02	6.576806e-01	-8.426175e-09
5.598318e+00	5.883097e-01	6.003522e-02	6.576806e-01	1.399451e-09
5.604601e+00	5.834793e-01	2.655509e-02	6.576806e-01	-8.248617e-10
5.610884e+00	5.780933e-01	-3.817801e-03	6.576806e-01	-2.300898e-09
5.617168e+00	5.605460e-01	-8.784538e-03	6.576806e-01	-1.053317e-09
5.623451e+00	5.675016e-01	-6.670269e-03	6.576806e-01	1.724095e-09
5.629734e+00	5.745380e-01	-4.934615e-03	6.576806e-01	2.643354e-09
5.636017e+00	5.658144e-01	-6.469362e-03	6.576806e-01	-1.192858e-10
5.642300e+00	5.743757e-01	-2.811699e-03	6.576806e-01	-5.923499e-09
5.648584e+00	5.830505e-01	8.100823e-04	6.576806e-01	-1.469655e-06
5.654867e+00	2.277398e-01	-1.968338e-01	6.576762e-01	-1.124403e-03
5.661150e+00	2.275469e-01	-4.116954e-02	4.277828e-01	-1.605526e-01
5.667433e+00	2.303469e-01	1.188974e-01	-5.477770e-02	7.470728e-03
5.673716e+00	2.362229e-01	2.833405e-01	1.871854e-02	6.264297e-03
5.680000e+00	9.028904e-01	1.487360e-01	-5.549623e-02	-4.657704e-02
5.686283e+00	1.168158e+00	-1.629886e-01	5.451877e-01	4.092224e-01
5.692566e+00	1.427462e+00	-4.951879e-01	5.533681e-01	4.203205e-01
5.698849e+00	1.062753e+00	1.276757e-01	-5.422624e-02	-4.270607e-02
5.705132e+00	6.439639e-01	1.467256e-01	2.242671e-02	4.015870e-03
5.711415e+00	2.257143e-01	1.805870e-01	-8.552886e-02	1.682424e-02
5.717699e+00	2.999411e-01	-1.554519e-02	7.886619e-01	-3.082068e-01
5.723982e+00	5.345533e-01	-5.234365e-02	1.203218e+00	-1.756198e-03
5.730265e+00	7.684718e-01	-9.381310e-02	1.203225e+00	-2.298685e-06
5.736548e+00	9.682639e-01	1.127314e-05	1.203225e+00	-8.643494e-09
5.742831e+00	9.788888e-01	-2.166683e-03	1.203225e+00	3.132629e-09
5.749115e+00	9.895471e-01	-4.619466e-03	1.203225e+00	6.004441e-09
5.755398e+00	9.840974e-01	-3.048421e-03	1.203225e+00	3.080823e-10
5.761681e+00	9.737792e-01	-9.675943e-03	1.203225e+00	-6.481801e-09
5.767964e+00	9.633966e-01	-1.806561e-02	1.203225e+00	-4.757809e-09
5.774247e+00	9.475136e-01	2.452268e-01	1.203225e+00	-4.409611e-09
5.780530e+00	7.760529e-01	7.193314e-02	1.203225e+00	-8.172286e-06
5.786814e+00	6.015429e-01	-8.571204e-02	1.203136e+00	-6.274646e-03
5.793097e+00	1.489293e-01	-3.075714e-01	5.562598e-01	-3.060811e-01
5.799380e+00	3.330337e-01	-4.007455e-02	-6.965599e-02	3.417263e-02
5.805663e+00	5.221496e-01	2.227158e-01	3.113384e-02	2.508230e-03
5.811946e+00	7.162241e-01	4.807564e-01	-1.151375e-01	-4.428286e-02
5.818230e+00	1.320105e+00	-5.636491e-03	9.277901e-01	4.439605e-01
5.824513e+00	1.349701e+00	-3.516796e-02	1.751418e+00	6.225186e-03
5.830796e+00	1.378795e+00	-7.019783e-02	1.739678e+00	9.010003e-02
5.837079e+00	1.163847e+00	1.809725e-01	6.781355e-02	3.470224e-01
5.843362e+00	8.444266e-01	1.698393e-01	8.543928e-04	-4.064344e-02
5.849646e+00	5.250262e-01	1.767148e-01	1.525255e-02	1.478786e-02
5.855929e+00	2.746824e-01	-3.934198e-01	-1.071213e-01	-8.575944e-02
5.862212e+00	4.367999e-01	-1.666233e-01	1.213662e+00	-1.868153e-01
5.868495e+00	6.031135e-01	4.820126e-02	1.283273e+00	-2.628825e-04
5.874778e+00	9.418449e-01	1.948710e-01	1.283273e+00	-3.512552e-07
5.881061e+00	1.009738e+00	6.072262e-02	1.283273e+00	-7.568910e-09
5.887345e+00	1.075208e+00	-7.066169e-02	1.283273e+00	-2.397298e-09
5.893628e+00	1.095669e+00	6.891058e-02	1.283273e+00	5.915062e-09
5.899911e+00	1.055393e+00	2.552051e-02	1.283273e+00	9.259599e-09
5.906194e+00	1.014403e+00	-1.575435e-02	1.283273e+00	-3.577893e-08
5.912477e+00	8.916002e-01	-1.166321e-01	1.283273e+00	-2.690061e-05
5.918761e+00	6.168357e-01	-9.552373e-03	1.282326e+00	-2.054906e-02
5.925044e+00	3.443501e-01	1.185980e-01	3.528280e-01	-3.160618e-01
5.931327e+00	7.448731e-02	2.677984e-01	-4.038433e-02	4.194912e-02
5.937610e+00	6.266319e-01	6.899091e-03	3.226114e-02	-3.240346e-03
5.943893e+00	9.422631e-01	-1.145365e-01	-1.472251e-01	-1.363090e-03
5.950176e+00	1.255425e+00	-2.646303e-01	1.161178e+00	3.806026e-01
5.956460e+00	1.279312e+00	6.498280e-02	1.626911e+00	1.905894e-03
5.962743e+00	1.303520e+00	7.747949e-03	1.626915e+00	3.251568e-06
5.969026e+00	1.326780e+00	-4.653888e-02	1.626914e+00	5.943987e-04
5.975309e+00	1.287420e+00	1.896036e-01	1.431340e+00	3.134312e-01
5.981592e+00	1.033287e+00	5.587660e-02	-1.428818e-01	5.112105e-02
5.987876e+00	7.767993e-01	-6.863944e-02	2.372580e-02	-8.964110e-03
5.994159e+00	3.177406e-01	-1.445580e-01	-1.406556e-02	3.235512e-02
6.000442e+00	3.706631e-01	-3.115559e-02	1.537727e-01	-3.244554e-01
6.006725e+00	4.257294e-01	7.988214e-02	1.388569e+00	-3.434465e-02
6.013008e+00	9.253055e-01	3.155110e-02	1.389102e+00	-4.404993e-05
6.019292e+00	1.074017e+00	-3.041842e-02	1.389102e+00	-4.715992e-08
6.025575e+00	1.221591e+00	-9.780572e-02	1.389102e+00	5.414541e-09
6.031858e+00	1.258422e+00	4.082135e-01	1.389102e+00	-1.040464e-08
6.038141e+00	1.133497e+00	1.193784e-01	1.389102e+00	-1.287095e-07
6.044424e+00	1.003316e+00	-1.597340e-01	1.389102e+00	-8.851183e-05
6.050707e+00	2.940127e-01	-3.183015e-01	1.379772e+00	-6.611053e-02
6.056991e+00	3.222980e-01	-1.187047e-01	1.305498e-01	-2.972280e-01
6.063274e+00	3.543651e-01	8.053860e-02	-7.115240e-03	4.052106e-02
6.069557e+00	3.902132e-01	2.793955e-01	2.774659e-02	-1.427030e-02
6.075840e+00	9.548740e-01	1.524512e-01	-1.344967e-01	9.633353e-02
6.082123e+00	1.105382e+00	-1.300708e-01	1.279015e+00	2.605261e-01
6.088407e+00	1.250566e+00	-4.226278e-01	1.454807e+00	5.702875e-04
6.094690e+00	1.198044e+00	-2.346838e-02	1.454807e+00	7.278980e-07
6.100973e+00	1.196006e+00	2.610563e-03	1.454807e+00	8.076752e-09
6.107256e+00	1.194544e+00	2.771477e-02	1.454807e+00	3.796115e-06
6.113539e+00	1.236663e+00	8.657128e-02	1.454800e+00	2.898557e-03
6.119822e+00	1.078195e+00	3.484410e-02	8.372199e-01	3.948844e-01
6.126106e+00	9.188746e-01	-1.267642e-02	-8.169128e-02	-2.891089e-02
6.132389e+00	5.597356e-01	-8.036210e-02	2.107172e-02	-7.712218e-04
6.138672e+00	3.969379e-01	1.144064e-01	-6.232808e-02	3.508675e-02
6.144955e+00	2.379634e-01	3.219009e-01	6.441321e-01	-4.008537e-01
6.151238e+00	6.893430e-01	1.157178e-01	1.454787e+00	-5.908247e-03
6.157522e+00	1.001962e+00	-1.251530e-01	1.454807e+00	-7.706586e-06
6.163805e+00	1.309932e+00	-3.851676e-01	1.454807e+00	-1.115347e-09
6.170088e+00	1.333614e+00	3.513912e-01	1.454807e+00	-3.459834e-07
6.176371e+00	9.768529e-01	1.721463e-01	1.454807e+00	-2.798843e-04
6.182654e+00	6.171125e-01	2.538655e-02	1.385235e+00	-1.767543e-01
6.188938e+00	4.145751e-02	-3.429291e-01	-7.419115e-02	-1.935661e-01
6.195221e+00	3.635805e-01	-1.632361e-01	2.043824e-02	2.558010e-02
6.201504e+00	6.888702e-01	-7.806622e-03	1.185277e-02	-3.130980e-02
6.207787e+00	1.016932e+00	1.233342e-01	-1.076791e-02	2.337747e-01
6.214070e+00	1.115399e+00	2.987808e-02	1.354253e+00	1.251550e-01
6.220353e+00	1.135674e+00	-4.617381e-03	1.389102e+00	1.803908e-04
6.226637e+00	1.155389e+00	-3.911310e-02	1.389102e+00	2.532330e-07
6.232920e+00	1.136031e+00	-3.936737e-03	1.389102e+00	2.415419e-09
6.239203e+00	1.135465e+00	6.198313e-04	1.389102e+00	-1.072528e-08
6.245486e+00	1.135073e+00	4.996903e-03	1.389102e+00	2.435948e-08
6.251769e+00	1.157017e+00	7.269272e-02	1.389102e+00	2.162987e-05
6.258053e+00	1.107409e+00	-4.327960e-02	1.389008e+00	1.664456e-02
6.264336e+00	1.055685e+00	-1.610874e-01	3.312010e-01	3.642656e-01
6.270619e+00	7.890000e-01	4.491778e-02	-3.157034e-02	-3.475029e-02
6.276902e+00	5.688799e-01	1.355001e-01	2.422905e-02	3.358904e-03
