0.000000e+00	4.486509e-01	-1.072678e-02	9.535899e-01	5.651659e-09
6.283185e-03	2.808622e-01	4.802050e-02	9.535899e-01	-2.712958e-08
1.256637e-02	2.038862e-01	1.503180e-01	9.535898e-01	-1.937233e-08
1.884956e-02	4.480124e-01	6.007097e-02	9.535898e-01	2.114969e-08
2.513274e-02	4.914674e-01	1.880663e-03	9.535899e-01	3.902642e-08
3.141593e-02	5.338655e-01	-5.636694e-02	9.535899e-01	-1.845889e-07
3.769911e-02	5.263644e-01	6.373415e-03	9.535900e-01	-1.350573e-04
4.398230e-02	5.272319e-01	-3.694540e-04	9.259320e-01	-9.321935e-02
5.026548e-02	5.280136e-01	-7.148847e-03	3.757963e-02	-1.815364e-01
5.654867e-02	5.265687e-01	1.984430e-02	7.917700e-03	2.834259e-02
6.283185e-02	5.101647e-01	8.422511e-04	1.811956e-02	-1.661416e-02
6.911504e-02	4.934434e-01	-1.809537e-02	-5.178153e-02	1.167402e-01
7.539822e-02	4.382488e-01	2.587882e-02	7.584203e-01	1.412601e-01
8.168141e-02	2.982736e-01	3.182521e-02	8.445296e-01	-1.630561e-03
8.796459e-02	1.585495e-01	4.977202e-02	8.390060e-01	2.766762e-01
9.424778e-02	1.472609e-01	-2.454437e-02	2.927325e-02	-2.332154e-02
1.005310e-01	3.416774e-01	-4.612675e-02	-2.645176e-02	6.173677e-03
1.068142e-01	5.355325e-01	-8.629866e-02	2.707963e-02	-3.976099e-02
1.130973e-01	7.254193e-01	2.294377e-01	6.199964e-02	-1.824464e-01
1.193805e-01	6.375287e-01	8.998675e-02	2.355571e-01	3.474231e-02
1.256637e-01	5.470963e-01	-4.614460e-02	2.310341e-01	4.594105e-05
1.319469e-01	4.541675e-01	-1.789349e-01	2.310340e-01	6.390907e-08
1.382301e-01	1.892055e-01	-3.531735e-02	2.310340e-01	2.663398e-08
1.445133e-01	1.013059e-01	4.984371e-02	2.310340e-01	2.679203e-08
1.507964e-01	1.502701e-02	1.362581e-01	2.310340e-01	-3.263739e-09
1.570796e-01	7.024478e-02	-1.874019e-02	2.310340e-01	-4.048769e-08
1.633628e-01	8.989950e-02	-1.722663e-02	2.310340e-01	-2.861917e-07
1.696460e-01	1.095658e-01	-1.832259e-02	2.310338e-01	-1.967446e-04
1.759292e-01	1.115895e-01	9.967918e-04	1.605726e-01	-6.145767e-02
1.822124e-01	1.111113e-01	1.611819e-03	-2.359278e-02	-4.310874e-02
1.884956e-01	1.106556e-01	2.461637e-03	1.046080e-02	5.991981e-03
1.947787e-01	1.130968e-01	1.930453e-03	1.502509e-03	-1.472845e-02
2.010619e-01	1.055215e-01	5.823044e-04	4.350665e-02	5.786184e-02
2.073451e-01	9.793022e-02	-6.674433e-04	2.797053e-01	3.658964e-02
2.136283e-01	3.114280e-02	-3.803842e-02	2.901136e-01	5.180071e-05
2.199115e-01	5.965686e-02	4.800072e-03	2.901135e-01	-2.237628e-05
2.261947e-01	8.898925e-02	4.837490e-02	2.912580e-01	-1.715199e-02
2.324779e-01	2.505833e-01	1.207423e-01	1.874077e-01	2.134434e-01
2.387610e-01	3.315934e-01	2.627072e-02	4.727660e-02	3.336600e-02
2.450442e-01	4.107969e-01	-7.343052e-02	-3.707560e-02	-1.395230e-03
2.513274e-01	4.676516e-01	3.500639e-03	7.611239e-02	-1.045379e-02
2.576106e-01	4.401859e-01	6.216840e-03	3.695008e-01	-1.976044e-01
2.638938e-01	4.128150e-01	9.705982e-03	2.979777e-01	5.594608e-03
2.701770e-01	3.855480e-01	1.396688e-02	2.978511e-01	7.352108e-06
2.764602e-01	1.960272e-01	1.833414e-02	2.978510e-01	-1.836287e-09
2.827433e-01	1.017549e-01	2.509017e-02	2.978510e-01	-3.446550e-08
2.890265e-01	7.629739e-03	3.352039e-02	2.978510e-01	9.102284e-09
2.953097e-01	1.289823e-01	-8.449940e-03	2.978510e-01	-7.946176e-07
3.015929e-01	1.950763e-01	-2.280352e-02	2.978488e-01	-6.574216e-04
3.078761e-01	2.608996e-01	-3.898904e-02	1.670217e-01	-5.893101e-02
3.141593e-01	2.415821e-01	-1.217950e-02	-4.689587e-02	-8.133049e-03
3.204425e-01	2.436244e-01	-1.301168e-02	1.073272e-02	-1.656767e-03
3.267256e-01	2.456567e-01	-1.529061e-02	2.797872e-03	3.898490e-03
3.330088e-01	2.334909e-01	7.073722e-02	-7.966100e-02	-1.149201e-01
3.392920e-01	1.642434e-01	1.866370e-02	-3.719616e-01	6.493635e-04
3.455752e-01	9.407665e-02	-2.826717e-02	-3.714014e-01	9.377630e-07
3.518584e-01	2.887943e-02	9.416482e-03	-3.714013e-01	5.069751e-08
3.581416e-01	-4.288399e-02	-1.909388e-02	-3.714013e-01	-1.852432e-07
3.644247e-01	-1.151819e-01	-4.715695e-02	-3.714011e-01	-1.754899e-04
3.707079e-01	-2.054379e-01	-5.961331e-03	-3.299847e-01	-1.206500e-01
3.769911e-01	-2.092532e-01	-2.151152e-03	-1.336088e-01	-3.391460e-02
3.832743e-01	-2.130125e-01	1.702868e-03	-3.125919e-03	5.241499e-02
3.895575e-01	-2.141742e-01	-1.001391e-02	-3.230815e-02	-1.432574e-02
3.958407e-01	-2.144075e-01	6.950715e-03	2.036382e-02	8.994183e-02
4.021239e-01	-2.143220e-01	2.561953e-02	4.966856e-01	1.084177e-02
4.084070e-01	-2.138855e-01	4.598978e-02	2.538963e-01	8.472300e-04
4.146902e-01	-1.466103e-01	-4.002301e-02	2.538923e-01	1.156604e-06
4.209734e-01	-8.166633e-02	-3.877185e-02	2.538924e-01	5.042173e-09
4.272566e-01	-1.673209e-02	-4.061884e-02	2.538924e-01	-2.368206e-06
4.335398e-01	1.218869e-02	6.641890e-03	2.538689e-01	-1.771059e-03
4.398230e-01	3.972607e-02	-5.607620e-03	1.110763e-01	-3.993051e-02
4.461062e-01	6.703618e-02	-1.786318e-02	-3.196163e-02	1.008041e-02
4.523893e-01	8.216063e-02	1.181666e-02	5.618598e-03	-3.966964e-03
4.586725e-01	8.204906e-02	4.033970e-03	1.276099e-02	8.540091e-03
4.649557e-01	8.180288e-02	-3.154691e-03	-2.225602e-01	-1.512664e-01
4.712389e-01	5.731011e-02	-7.172109e-03	-4.838887e-01	-6.682318e-04
4.775221e-01	1.021832e-02	-2.434589e-03	-4.838467e-01	-8.313637e-07
4.838053e-01	-3.676138e-02	4.559543e-03	-4.838467e-01	-2.793466e-08
4.900885e-01	-1.833498e-01	-9.005125e-02	-4.838468e-01	-2.404533e-08
4.963716e-01	-3.299326e-01	6.365219e-05	-4.838468e-01	1.632088e-08
5.026548e-01	-4.747239e-01	1.023384e-01	-4.838468e-01	-1.326251e-06
5.089380e-01	-5.463782e-01	-2.683226e-02	-4.838428e-01	-1.036638e-03
5.152212e-01	-5.609083e-01	-8.030290e-03	-1.640859e-01	-1.536687e-01
5.215044e-01	-5.751394e-01	9.524345e-03	7.643546e-02	-1.365227e-01
5.277876e-01	-5.890977e-01	2.582957e-02	-4.471358e-02	1.208434e-02
5.340708e-01	-5.660892e-01	7.568803e-04	-2.808494e-03	-1.469770e-02
5.403539e-01	-5.659511e-01	-4.376015e-03	-3.062113e-02	-1.711242e-01
5.466371e-01	-5.659586e-01	-9.950426e-03	7.137814e-01	5.324708e-02
5.529203e-01	-4.961509e-01	-4.292191e-02	6.830126e-01	8.561635e-05
5.592035e-01	-3.493101e-01	-3.703964e-02	6.830124e-01	-1.095419e-05
5.654867e-01	-2.024123e-01	-3.443128e-02	6.827295e-01	-8.463147e-03
5.717699e-01	2.191846e-02	-4.801332e-02	2.491448e-01	-1.522783e-01
5.780530e-01	1.501095e-01	-2.900803e-02	-3.395488e-02	2.848653e-02
5.843362e-01	2.786446e-01	-1.294137e-02	-4.526677e-03	-9.490332e-03
5.906194e-01	4.193872e-01	1.361700e-01	7.104286e-02	1.932173e-02
5.969026e-01	3.799770e-01	-8.415803e-04	-7.279013e-01	-2.982570e-01
6.031858e-01	3.380540e-01	-1.336992e-01	-1.125217e+00	-1.664637e-03
6.094690e-01	4.591681e-02	-1.764583e-02	-1.125220e+00	-2.209005e-06
6.157522e-01	-1.089359e-01	-7.468312e-02	-1.125220e+00	-1.103505e-08
6.220353e-01	-2.648684e-01	-1.316732e-01	-1.125220e+00	1.794180e-08
6.283185e-01	-9.135019e-01	-2.775664e-01	-1.125220e+00	1.681124e-08
6.346017e-01	-1.013017e+00	-4.716915e-02	-1.125220e+00	-1.272003e-09
6.408849e-01	-1.108208e+00	1.894560e-01	-1.125220e+00	-3.099371e-08
6.471681e-01	-1.116912e+00	1.822806e-03	-1.125220e+00	-8.969558e-06
6.534513e-01	-1.115229e+00	3.834221e-04	-1.125117e+00	-6.847099e-03
6.597345e-01	-1.113661e+00	-1.068262e-03	-5.261378e-01	-1.941436e-01
6.660176e-01	-1.112209e+00	-2.530360e-03	1.564486e-01	3.243611e-02
6.723008e-01	-1.122601e+00	2.042249e-02	-3.954544e-02	-9.337274e-03
6.785840e-01	-1.130106e+00	2.825281e-02	1.185087e-02	-5.665123e-03
6.848672e-01	-1.137514e+00	4.023226e-02	2.388404e-01	-2.147105e-01
6.911504e-01	-1.037747e+00	-1.268924e-01	5.395191e-01	7.201826e-03
6.974336e-01	-8.397959e-01	-2.023420e-02	5.368826e-01	-1.938862e-02
7.037168e-01	-6.399264e-01	8.322094e-02	1.088433e-01	-1.176671e-01
7.099999e-01	-2.168957e-01	5.752308e-02	-5.707677e-03	2.146827e-02
7.162831e-01	2.455186e-02	-5.652450e-02	-2.112484e-02	-3.846923e-03
7.225663e-01	2.637935e-01	-1.770014e-01	1.331816e-01	-2.502225e-02
7.288495e-01	4.326114e-01	2.844228e-01	-1.239642e+00	-3.236285e-01
7.351327e-01	2.789660e-01	8.447888e-02	-1.507691e+00	-8.700993e-04
7.414159e-01	1.217617e-01	-9.575822e-02	-1.507692e+00	-1.120462e-06
7.476991e-01	-5.526202e-02	1.332991e-01	-1.507692e+00	9.188318e-09
7.539822e-01	-4.703496e-01	8.226973e-02	-1.507692e+00	-7.628357e-09
7.602654e-01	-8.861285e-01	6.274347e-02	-1.507692e+00	-1.083641e-08
7.665486e-01	-1.202531e+00	-9.780690e-02	-1.507692e+00	2.527605e-09
7.728318e-01	-1.227364e+00	-3.517348e-02	-1.507692e+00	1.209674e-08
7.791150e-01	-1.251119e+00	2.681415e-02	-1.507692e+00	2.250341e-09
7.853982e-01	-1.230738e+00	1.010287e-02	-1.507692e+00	-8.470381e-08
7.916813e-01	-1.224858e+00	4.715076e-03	-1.507692e+00	-5.125013e-05
7.979645e-01	-1.219178e+00	-7.141261e-04	-1.504767e+00	-3.901877e-02
8.042477e-01	-1.213695e+00	-6.182032e-03	-4.345155e-01	-3.124691e-01
8.105309e-01	-1.213279e+00	8.659311e-03	6.403418e-02	7.340130e-02
8.168141e-01	-1.224997e+00	-9.007892e-03	-1.394142e-02	-1.483970e-02
8.230973e-01	-1.237142e+00	-2.641892e-02	-1.348315e-02	8.851712e-03
8.293805e-01	-1.244415e+00	-1.113529e-01	4.709017e-01	-2.173549e-01
8.356636e-01	-1.081231e+00	-3.984949e-02	1.536052e-02	-1.103307e-01
8.419468e-01	-9.168339e-01	2.606121e-02	9.376052e-03	1.263627e-02
8.482300e-01	-5.332516e-01	-9.648218e-02	-2.183560e-02	1.188021e-02
8.545132e-01	-1.127832e-01	-1.077061e-01	9.325351e-02	-1.404842e-01
8.607964e-01	3.073657e-01	-1.295690e-01	-1.266123e+00	-1.720242e-01
8.670796e-01	2.394760e-01	-2.394048e-01	-1.335094e+00	-2.742454e-04
8.733628e-01	1.106918e-01	-2.194002e-01	-1.335094e+00	-3.563453e-07
8.796459e-01	-1.773631e-02	-2.027238e-01	-1.335094e+00	-3.687643e-09
8.859291e-01	-5.792473e-01	-3.299464e-01	-1.335094e+00	-1.384296e-09
8.922123e-01	-8.667129e-01	-4.670515e-02	-1.335094e+00	2.107764e-09
8.984955e-01	-1.148722e+00	2.554448e-01	-1.335094e+00	2.760007e-09
9.047787e-01	-1.231873e+00	5.154537e-03	-1.335094e+00	1.356329e-10
9.110619e-01	-1.214539e+00	-1.193432e-02	-1.335094e+00	-2.858924e-09
9.173451e-01	-1.197662e+00	-3.300800e-02	-1.335094e+00	-3.204327e-09
9.236282e-01	-1.186525e+00	-1.373749e-03	-1.335094e+00	-6.323416e-10
9.299114e-01	-1.185432e+00	-9.327980e-04	-1.335094e+00	-2.786932e-07
9.361946e-01	-1.184425e+00	-4.998945e-04	-1.335093e+00	-2.177527e-04
9.424778e-01	-1.183503e+00	-7.334530e-05	-1.283467e+00	-1.419034e-01
9.487610e-01	-1.172190e+00	9.689506e-04	-2.952004e-02	-2.407155e-01
9.550442e-01	-1.172564e+00	-2.578429e-04	-2.066291e-02	2.912574e-02
9.613274e-01	-1.173052e+00	-1.393970e-03	5.481287e-02	-1.214181e-01
9.676105e-01	-1.175260e+00	9.022077e-03	-1.520118e-02	-1.990911e-01
9.738937e-01	-1.166933e+00	6.239542e-02	5.661894e-02	-1.034184e-01
9.801769e-01	-1.157631e+00	1.222748e-01	-5.803295e-03	2.572517e-02
9.864601e-01	-7.605662e-01	-3.851211e-02	-7.029320e-02	-2.406510e-01
9.927433e-01	-3.564605e-01	-2.397769e-01	-1.171773e+00	-6.535714e-02
9.990265e-01	4.369160e-02	-4.550443e-01	-1.182443e+00	-8.829220e-05
1.005310e+00	1.218813e-02	-7.089340e-02	-1.182443e+00	-1.041538e-07
1.011593e+00	-1.882128e-01	-2.001617e-01	-1.182443e+00	1.124591e-09
1.017876e+00	-3.910403e-01	-3.272636e-01	-1.182443e+00	-6.905725e-09
1.024159e+00	-1.077244e+00	-2.193429e-02	-1.182443e+00	-5.882780e-09
1.030442e+00	-1.092156e+00	-7.037225e-03	-1.182443e+00	2.051910e-09
1.036726e+00	-1.106872e+00	7.921624e-03	-1.182443e+00	6.919448e-09
1.043009e+00	-1.089834e+00	1.269631e-02	-1.182443e+00	2.620263e-09
1.049292e+00	-1.090552e+00	7.406371e-03	-1.182443e+00	-5.410009e-09
1.055575e+00	-1.091453e+00	2.348848e-03	-1.182443e+00	-6.281659e-09
1.061858e+00	-1.092533e+00	-2.473820e-03	-1.182443e+00	2.346301e-09
1.068142e+00	-1.092118e+00	9.947277e-04	-1.182443e+00	7.538042e-09
1.074425e+00	-1.092860e+00	1.594276e-03	-1.182443e+00	-9.774276e-07
1.080708e+00	-1.093676e+00	2.309522e-03	-1.182441e+00	-7.489688e-04
1.086991e+00	-1.091334e+00	-7.451165e-04	-9.547309e-01	-2.608553e-01
1.093274e+00	-1.090139e+00	-1.557970e-03	1.386591e-01	-1.269676e-01
1.099557e+00	-1.089045e+00	-2.428774e-03	-2.465702e-02	-9.458626e-02
1.105841e+00	-1.096016e+00	-2.174978e-02	-1.397974e-03	-7.883666e-02
1.112124e+00	-1.080001e+00	2.527777e-02	5.295327e-02	-7.485590e-02
1.118407e+00	-1.063173e+00	7.352496e-02	-2.096369e-01	-3.196781e-01
1.124690e+00	-9.098663e-01	-1.584493e-01	-1.105977e+00	-2.456099e-02
1.130973e+00	-5.299586e-01	-3.539880e-01	-1.107444e+00	-3.219711e-05
1.137257e+00	-1.540296e-01	-5.759625e-01	-1.107444e+00	-6.264074e-08
1.143540e+00	-1.568165e-01	-2.396480e-01	-1.107444e+00	-5.436713e-09
1.149823e+00	-4.615848e-01	-7.057767e-02	-1.107444e+00	1.021188e-08
1.156106e+00	-7.629808e-01	1.213171e-01	-1.107444e+00	1.029269e-08
1.162389e+00	-9.604410e-01	-7.363247e-02	-1.107444e+00	-1.533445e-09
1.168672e+00	-1.012760e+00	-8.963326e-03	-1.107444e+00	-9.988202e-09
1.174956e+00	-1.063940e+00	5.555392e-02	-1.107444e+00	-5.612060e-09
1.181239e+00	-1.050375e+00	2.902262e-03	-1.107444e+00	5.752119e-09
1.187522e+00	-1.051931e+00	2.038344e-03	-1.107444e+00	1.016506e-08
1.193805e+00	-1.053593e+00	3.996386e-04	-1.107444e+00	1.325806e-09
1.200088e+00	-1.055377e+00	-2.012049e-03	-1.107444e+00	-1.136770e-08
1.206372e+00	-1.049179e+00	8.635307e-04	-1.107444e+00	-5.375757e-09
1.212655e+00	-1.049645e+00	-4.076978e-04	-1.107444e+00	4.306575e-06
1.218938e+00	-1.050219e+00	-1.779002e-03	-1.107417e+00	3.293605e-03
1.225221e+00	-1.050684e+00	4.608749e-04	-6.417404e-01	2.547730e-01
1.231504e+00	-1.052150e+00	3.403549e-04	1.725233e-02	-4.073042e-01
1.237788e+00	-1.053702e+00	2.427385e-04	-3.544072e-02	-3.819116e-01
1.244071e+00	-1.017485e+00	-2.482346e-01	2.238621e-02	-3.596504e-01
1.250354e+00	-9.708503e-01	-5.081872e-03	-1.991530e-02	-3.630504e-01
1.256637e+00	-9.197743e-01	2.312363e-01	-7.001650e-01	3.376244e-01
1.262920e+00	-5.735786e-01	7.376756e-03	-1.163718e+00	-2.007442e-03
1.269203e+00	-4.990277e-01	-2.639576e-01	-1.163536e+00	-2.627881e-06
1.275487e+00	-4.296476e-01	-5.371146e-01	-1.163536e+00	3.228254e-08
1.281770e+00	-5.076380e-01	-4.891281e-01	-1.163536e+00	1.033169e-08
1.288053e+00	-5.547593e-01	-1.421822e-01	-1.163536e+00	-1.811992e-08
1.294336e+00	-5.953372e-01	2.098312e-01	-1.163536e+00	-1.690346e-08
1.300619e+00	-9.234092e-01	4.651911e-03	-1.163536e+00	6.025044e-09
1.306903e+00	-9.643051e-01	5.762308e-03	-1.163536e+00	1.932724e-08
1.313186e+00	-1.005248e+00	7.500359e-03	-1.163536e+00	5.866171e-09
1.319469e+00	-1.023848e+00	-2.786882e-05	-1.163536e+00	-1.729707e-08
1.325752e+00	-1.023074e+00	-4.323366e-05	-1.163536e+00	-1.810736e-08
1.332035e+00	-1.022381e+00	-1.067192e-04	-1.163536e+00	1.089031e-08
1.338318e+00	-1.021770e+00	-2.167933e-04	-1.163536e+00	5.472831e-08
1.344602e+00	-1.023120e+00	3.047835e-03	-1.163536e+00	1.543723e-05
1.350885e+00	-1.026387e+00	2.794987e-03	-1.163195e+00	1.182151e-02
1.357168e+00	-1.029737e+00	2.941335e-03	-4.330216e-01	2.802962e-01
1.363451e+00	-1.032053e+00	-9.786649e-03	6.084474e-02	-3.939439e-02
1.369734e+00	-1.020426e+00	2.767179e-02	-9.425977e-02	-2.789275e-02
1.376018e+00	-1.008148e+00	6.791675e-02	7.049216e-02	-5.846235e-01
1.382301e+00	-8.941088e-01	-1.294114e-01	-6.874312e-02	-5.572505e-01
1.388584e+00	-6.846957e-01	-5.043297e-02	-3.599241e-02	-5.663933e-02
1.394867e+00	-4.740471e-01	7.459452e-03	2.913037e-02	-2.570334e-02
1.401150e+00	-4.555305e-01	3.298281e-02	-1.111356e+00	2.644898e-01
1.407434e+00	-7.653600e-01	-6.683613e-02	-1.120091e+00	-6.205633e-04
1.413717e+00	-1.076811e+00	-1.332451e-01	-1.120084e+00	-8.002590e-07
1.420000e+00	-8.468852e-01	2.665417e-01	-1.120084e+00	1.984095e-08
1.426283e+00	-5.839969e-01	-1.216426e-02	-1.120084e+00	1.861526e-08
1.432566e+00	-3.265292e-01	-3.028911e-01	-1.120084e+00	2.578083e-10
1.438849e+00	-5.120872e-01	-1.220859e-01	-1.120084e+00	-1.816546e-08
1.445133e+00	-6.293166e-01	-2.477792e-02	-1.120084e+00	-1.553168e-08
1.451416e+00	-7.447228e-01	7.605424e-02	-1.120084e+00	7.870086e-09
1.457699e+00	-8.582615e-01	1.803951e-01	-1.120084e+00	2.531286e-08
1.463982e+00	-8.059722e-01	-1.949130e-02	-1.120084e+00	9.481847e-09
1.470265e+00	-8.056308e-01	-6.386027e-04	-1.120084e+00	2.927185e-08
1.476549e+00	-8.050092e-01	1.698532e-02	-1.120084e+00	4.775346e-05
1.482832e+00	-7.938568e-01	1.068677e-02	-1.116684e+00	3.624190e-02
1.489115e+00	-8.021244e-01	4.627947e-03	-2.225582e-01	2.520000e-01
1.495398e+00	-8.105652e-01	-9.513399e-04	2.525307e-02	-4.080615e-02
1.501681e+00	-8.123477e-01	-2.361667e-02	-4.385903e-02	7.133531e-03
1.507964e+00	-7.763095e-01	-7.595214e-03	2.089373e-01	-5.549506e-02
1.514248e+00	-7.400418e-01	7.195452e-03	-1.696358e+00	-5.917065e-01
1.520531e+00	-4.579849e-01	2.201777e-01	1.507511e-01	-1.692932e-01
1.526814e+00	-3.799604e-01	6.344917e-03	-3.986157e-03	7.486725e-03
1.533097e+00	-3.060531e-01	-2.135462e-01	1.743740e-02	7.151095e-03
1.539380e+00	-9.579264e-01	-5.448230e-01	1.064200e-01	1.188055e-01
1.545664e+00	-1.238844e+00	-3.178758e-02	-1.042158e+00	-6.006820e-02
1.551947e+00	-1.509847e+00	5.170982e-01	-9.539728e-01	-1.663258e-04
1.558230e+00	-1.256064e+00	-1.696948e-01	-9.539724e-01	-2.171166e-07
1.564513e+00	-8.022787e-01	-2.176772e-01	-9.539724e-01	-3.222349e-08
1.570796e+00	-3.497039e-01	-2.895219e-01	-9.539724e-01	-5.544007e-09
1.577080e+00	-1.617441e-01	1.073524e-02	-9.539724e-01	2.651093e-08
1.583363e+00	-3.197424e-01	5.267880e-02	-9.539724e-01	1.895701e-08
1.589646e+00	-4.768627e-01	1.056094e-01	-9.539724e-01	-2.065275e-08
1.595929e+00	-6.329288e-01	1.695195e-01	-9.539724e-01	-3.816557e-08
1.602212e+00	-5.001504e-01	1.177122e-02	-9.539725e-01	1.831614e-07
1.608495e+00	-5.058730e-01	-8.758038e-03	-9.539725e-01	1.341499e-04
1.614779e+00	-5.120283e-01	-2.989361e-02	-9.266148e-01	9.266502e-02
1.621062e+00	-5.044958e-01	1.383205e-02	-3.701396e-02	1.814204e-01
1.627345e+00	-5.130769e-01	3.673314e-03	-7.847632e-03	-2.820925e-02
1.633628e+00	-5.218804e-01	-5.457213e-03	-1.799159e-02	1.653073e-02
1.639911e+00	-5.173311e-01	-1.233360e-01	5.194910e-02	-1.162208e-01
1.646195e+00	-4.181282e-01	-1.302088e-02	-7.596825e-01	-1.406384e-01
1.652478e+00	-3.169484e-01	8.990428e-02	-8.449323e-01	1.560524e-03
1.658761e+00	-1.296678e-01	9.702230e-02	-8.333677e-01	-2.749348e-01
1.665044e+00	-1.707242e-01	-7.414835e-03	-2.675284e-02	2.285402e-02
1.671327e+00	-2.137433e-01	-1.098959e-01	2.547825e-02	-6.070909e-03
1.677610e+00	-7.038191e-01	1.211447e-02	-2.625302e-02	3.869440e-02
1.683894e+00	-7.020274e-01	5.424244e-03	-6.215889e-02	1.797286e-01
1.690177e+00	-7.004096e-01	-4.665034e-04	-2.358512e-01	-3.387349e-02
1.696460e+00	-6.407374e-01	-5.216131e-02	-2.314343e-01	-4.479336e-05
1.702743e+00	-4.078313e-01	-7.580069e-02	-2.314342e-01	-6.233318e-08
1.709026e+00	-1.754844e-01	-1.069857e-01	-2.314342e-01	-2.605052e-08
1.715310e+00	-7.356529e-02	-1.418439e-02	-2.314342e-01	-2.619550e-08
1.721593e+00	-7.959053e-02	-9.275972e-03	-2.314342e-01	3.197870e-09
1.727876e+00	-8.553002e-02	-4.455906e-03	-2.314342e-01	3.959549e-08
1.734159e+00	-9.138657e-02	2.751580e-04	-2.314341e-01	2.819780e-07
1.740442e+00	-1.068247e-01	-9.971699e-03	-2.314340e-01	1.940126e-04
1.746726e+00	-1.076356e-01	-3.061297e-03	-1.620589e-01	6.097346e-02
1.753009e+00	-1.083272e-01	3.595277e-03	2.353723e-02	4.258979e-02
1.759292e+00	-1.083634e-01	-4.306668e-03	-1.032062e-02	-5.927304e-03
1.765575e+00	-1.046440e-01	3.297580e-03	-1.465793e-03	1.458043e-02
1.771858e+00	-1.007886e-01	1.099944e-02	-4.294192e-02	-5.797706e-02
1.778141e+00	-7.625686e-02	1.134646e-02	-2.803053e-01	-3.614406e-02
1.784425e+00	-6.338860e-02	6.109570e-04	-2.905397e-01	-5.114477e-05
1.790708e+00	-5.074234e-02	-1.168362e-02	-2.905396e-01	2.180223e-05
1.796991e+00	-8.748775e-02	1.340843e-02	-2.916570e-01	1.671249e-02
1.803274e+00	-2.081472e-01	1.835293e-02	-1.859340e-01	-2.104164e-01
1.809557e+00	-3.286323e-01	3.344217e-02	-4.588143e-02	-3.240202e-02
1.815841e+00	-4.111488e-01	-4.371193e-02	3.609626e-02	1.357148e-03
1.822124e+00	-4.237343e-01	2.539412e-03	-7.387469e-02	1.007477e-02
1.828407e+00	-4.354690e-01	5.009113e-02	-3.653462e-01	1.949396e-01
1.834690e+00	-4.330653e-01	-1.003204e-01	-2.983775e-01	-5.450745e-03
1.840973e+00	-3.304269e-01	-6.351375e-02	-2.982539e-01	-7.163235e-06
1.847256e+00	-2.271708e-01	-3.143629e-02	-2.982538e-01	1.859687e-09
1.853540e+00	-1.233661e-01	-4.092894e-03	-2.982538e-01	3.371253e-08
1.859823e+00	-7.565067e-02	7.430683e-02	-2.982538e-01	-8.914318e-09
1.866106e+00	-1.233485e-01	2.578797e-02	-2.982538e-01	7.851871e-07
1.872389e+00	-1.719309e-01	-1.829656e-02	-2.982517e-01	6.491548e-04
1.878672e+00	-2.254068e-01	-6.882342e-03	-1.686073e-01	5.923008e-02
1.884956e+00	-2.386422e-01	2.392055e-03	4.648383e-02	7.982413e-03
1.891239e+00	-2.517224e-01	1.162340e-02	-1.057760e-02	1.678814e-03
1.897522e+00	-2.335838e-01	2.644318e-03	-2.898922e-03	-4.071061e-03
1.903805e+00	-2.317566e-01	1.944456e-04	7.977488e-02	1.142815e-01
1.910088e+00	-2.299955e-01	-2.432644e-03	3.715289e-01	-4.846645e-04
1.916372e+00	-7.765594e-02	2.565481e-02	3.709894e-01	-7.201148e-07
1.922655e+00	-2.095841e-02	6.685110e-03	3.709894e-01	-4.923730e-08
1.928938e+00	2.927329e-02	-4.158800e-03	3.709893e-01	1.816843e-07
1.935221e+00	1.048460e-01	-1.546575e-02	3.709892e-01	1.719709e-04
1.941504e+00	1.801599e-01	-3.254333e-02	3.304685e-01	1.182598e-01
1.947787e+00	2.092205e-01	1.576416e-02	1.312778e-01	3.487027e-02
1.954071e+00	2.147210e-01	3.837637e-03	3.061335e-03	-5.143535e-02
1.960354e+00	2.200155e-01	-7.883848e-03	3.139492e-02	1.400232e-02
1.966637e+00	2.263984e-01	2.820560e-02	-1.924363e-02	-8.736447e-02
1.972920e+00	2.099818e-01	2.682490e-03	-4.903157e-01	-9.361391e-03
1.979203e+00	1.931020e-01	-2.277725e-02	-2.543231e-01	-8.236974e-04
1.985487e+00	1.451250e-01	1.849622e-02	-2.543192e-01	-1.124646e-06
1.991770e+00	8.926193e-02	1.874442e-02	-2.543193e-01	-4.867907e-09
1.998053e+00	3.343184e-02	2.097373e-02	-2.543193e-01	2.334287e-06
2.004336e+00	-2.353707e-02	-1.908165e-03	-2.542962e-01	1.746120e-03
2.010619e+00	-4.321118e-02	-8.037747e-05	-1.121137e-01	4.064153e-02
2.016902e+00	-6.285444e-02	1.595182e-03	3.161800e-02	-9.998100e-03
2.023186e+00	-8.247352e-02	3.118290e-03	-5.461977e-03	3.971285e-03
2.029469e+00	-8.646410e-02	-2.352759e-03	-1.300763e-02	-8.687669e-03
2.035752e+00	-7.730735e-02	-1.752858e-03	2.220126e-01	1.504903e-01
2.042035e+00	-6.814695e-02	-1.351241e-03	4.834754e-01	7.233656e-04
2.048318e+00	-1.054371e-02	5.638477e-03	4.834357e-01	9.044256e-07
2.054602e+00	4.408901e-02	4.083879e-02	4.834357e-01	2.734413e-08
2.060885e+00	9.940092e-02	7.725246e-02	4.834357e-01	2.335377e-08
2.067168e+00	3.720101e-01	1.349595e-01	4.834357e-01	-1.595753e-08
2.073451e+00	4.610217e-01	1.223023e-03	4.834358e-01	1.298861e-06
2.079734e+00	5.474836e-01	-1.394875e-01	4.834319e-01	1.015100e-03
2.086018e+00	5.631898e-01	-3.066898e-03	1.703376e-01	1.518804e-01
2.092301e+00	5.646166e-01	1.157249e-03	-7.559132e-02	1.338394e-01
2.098584e+00	5.661714e-01	5.788234e-03	4.381265e-02	-1.173407e-02
2.104867e+00	5.882649e-01	4.836422e-04	2.678860e-03	1.373759e-02
2.111150e+00	5.758234e-01	3.206720e-03	2.818982e-02	1.703980e-01
2.117433e+00	5.634823e-01	6.257536e-03	-7.131585e-01	-5.069208e-02
2.123717e+00	4.996194e-01	3.709464e-02	-6.834371e-01	-8.177144e-05
2.130000e+00	3.364473e-01	3.679724e-02	-6.834370e-01	1.086038e-05
2.136283e+00	1.733320e-01	3.940854e-02	-6.831583e-01	8.387871e-03
2.142566e+00	1.029660e-02	4.492782e-02	-2.495052e-01	1.530479e-01
2.148849e+00	-1.364383e-01	6.840599e-02	3.374981e-02	-2.832643e-02
2.155133e+00	-3.014110e-01	9.714153e-02	4.683543e-03	9.482484e-03
2.161416e+00	-4.657875e-01	1.350071e-01	-7.142247e-02	-1.936023e-02
2.167699e+00	-4.002276e-01	-1.415614e-01	7.267052e-01	2.976270e-01
2.173982e+00	-2.609180e-01	-3.631768e-03	1.124830e+00	1.682935e-03
2.180265e+00	-1.191210e-01	1.241792e-01	1.124833e+00	2.231458e-06
2.186548e+00	5.265816e-02	-3.856946e-02	1.124833e+00	1.073905e-08
2.192832e+00	3.523490e-01	1.328108e-01	1.124833e+00	-1.731838e-08
2.199115e+00	6.552752e-01	3.014843e-01	1.124833e+00	-1.619939e-08
2.205398e+00	1.087280e+00	3.043129e-02	1.124833e+00	1.259566e-09
2.211681e+00	1.104426e+00	8.094989e-03	1.124833e+00	3.013383e-08
2.217964e+00	1.121236e+00	-1.447343e-02	1.124833e+00	8.796498e-06
2.224248e+00	1.113178e+00	-2.171491e-03	1.124732e+00	6.715396e-03
2.230531e+00	1.105819e+00	6.251486e-03	5.305052e-01	1.967315e-01
2.236814e+00	1.098711e+00	1.514994e-02	-1.541576e-01	-3.213857e-02
2.243097e+00	1.129607e+00	5.493637e-02	3.856720e-02	9.381599e-03
2.249380e+00	1.124973e+00	-8.611117e-03	-1.053135e-02	4.682690e-03
2.255664e+00	1.119195e+00	-7.598560e-02	-2.375484e-01	2.116796e-01
2.261947e+00	1.183370e+00	3.500827e-01	-5.398320e-01	-6.723115e-03
2.268230e+00	8.845694e-01	2.207548e-01	-5.372664e-01	1.916477e-02
2.274513e+00	5.835483e-01	1.052092e-01	-1.085484e-01	1.181883e-01
2.280796e+00	2.805087e-01	3.463807e-03	5.646450e-03	-2.129566e-02
2.287079e+00	-7.809439e-03	-9.738018e-03	2.127859e-02	3.815886e-03
2.293363e+00	-2.126198e-01	3.410669e-02	-1.335635e-01	2.528265e-02
2.299646e+00	-4.166182e-01	7.909052e-02	1.237989e+00	3.235377e-01
2.305929e+00	-3.672566e-01	-2.872582e-02	1.507304e+00	8.761449e-04
2.312212e+00	-1.345656e-01	-5.051533e-02	1.507304e+00	1.129284e-06
2.318495e+00	9.754551e-02	-8.971670e-02	1.507304e+00	-8.303671e-09
2.324779e+00	4.190866e-01	9.198623e-02	1.507304e+00	7.401909e-09
2.331062e+00	8.024511e-01	-1.117895e-01	1.507304e+00	1.011105e-08
2.337345e+00	1.181756e+00	-3.458367e-01	1.507304e+00	-2.689093e-09
2.343628e+00	1.271777e+00	1.167155e-01	1.507304e+00	-1.150794e-08
2.349911e+00	1.256941e+00	6.053739e-02	1.507304e+00	-1.833500e-09
2.356194e+00	1.241211e+00	1.134664e-02	1.507304e+00	8.266059e-08
2.362478e+00	1.223960e+00	-1.134125e-03	1.507304e+00	5.019784e-05
2.368761e+00	1.216740e+00	4.291587e-03	1.504469e+00	3.822198e-02
2.375044e+00	1.209721e+00	9.898894e-03	4.345648e-01	3.152555e-01
2.381327e+00	1.231475e+00	1.564221e-02	-6.313433e-02	-7.234157e-02
2.387610e+00	1.199650e+00	1.535169e-02	1.295955e-02	1.474847e-02
2.393894e+00	1.167923e+00	1.578254e-02	1.604862e-02	-8.540108e-03
2.400177e+00	1.455565e+00	7.293913e-02	-4.657494e-01	2.149042e-01
2.406460e+00	1.194466e+00	5.456171e-02	-1.519797e-02	1.102644e-01
2.412743e+00	9.331616e-01	3.927299e-02	-9.299715e-03	-1.242636e-02
2.419026e+00	6.716575e-01	2.707355e-02	2.196132e-02	-1.197425e-02
2.425310e+00	1.053122e-01	-4.966438e-02	-9.309485e-02	1.410211e-01
2.431593e+00	-1.461452e-01	1.541641e-01	1.264996e+00	1.726653e-01
2.437876e+00	-3.937585e-01	3.604727e-01	1.334834e+00	2.762755e-04
2.444159e+00	-8.473518e-02	1.350013e-01	1.334834e+00	3.591061e-07
2.450442e+00	8.736261e-02	1.597197e-01	1.334834e+00	2.880640e-09
2.456725e+00	2.599378e-01	1.846113e-01	1.334834e+00	9.574723e-10
2.463009e+00	9.816713e-01	2.550080e-01	1.334834e+00	-1.768289e-09
2.469292e+00	1.087504e+00	-2.594331e-02	1.334834e+00	-2.208060e-09
2.475575e+00	1.188054e+00	-3.147452e-01	1.334834e+00	-4.459943e-11
2.481858e+00	1.258198e+00	2.819530e-03	1.334834e+00	2.417771e-09
2.488141e+00	1.219192e+00	9.035516e-03	1.334834e+00	2.729538e-09
2.494425e+00	1.180405e+00	1.581908e-02	1.334834e+00	5.957028e-10
2.500708e+00	1.194793e+00	8.732267e-03	1.334834e+00	2.709248e-07
2.506991e+00	1.186855e+00	7.522451e-03	1.334834e+00	2.113311e-04
2.513274e+00	1.178990e+00	6.610234e-03	1.285610e+00	1.384896e-01
2.519557e+00	1.185628e+00	5.898076e-03	2.699423e-02	2.399306e-01
2.525840e+00	1.186454e+00	-4.246399e-03	2.017877e-02	-2.842926e-02
2.532124e+00	1.187163e+00	-1.636762e-02	-5.580844e-02	1.193163e-01
2.538407e+00	1.187719e+00	-3.046532e-02	1.399587e-02	2.008739e-01
2.544690e+00	1.139221e+00	5.618737e-02	-5.448845e-02	1.078379e-01
2.550973e+00	1.026003e+00	-1.332025e-01	5.862110e-03	-2.563523e-02
2.557256e+00	9.092509e-01	-3.269293e-01	7.084373e-02	2.405844e-01
2.563540e+00	3.681621e-01	1.057704e-02	1.171410e+00	6.581685e-02
2.569823e+00	1.240724e-01	2.572119e-01	1.182257e+00	8.896778e-05
2.576106e+00	-1.153163e-01	5.091973e-01	1.182257e+00	1.039565e-07
2.582389e+00	1.327617e-01	2.913414e-02	1.182257e+00	-7.831597e-10
2.588672e+00	4.533250e-01	6.403202e-02	1.182257e+00	7.715913e-09
2.594956e+00	7.743699e-01	7.599646e-02	1.182257e+00	6.032617e-09
2.601239e+00	1.028460e+00	7.203249e-02	1.182257e+00	-2.630961e-09
2.607522e+00	1.076902e+00	6.663562e-03	1.182257e+00	-7.384417e-09
2.613805e+00	1.124191e+00	-5.923943e-02	1.182257e+00	-2.338801e-09
2.620088e+00	1.110699e+00	1.186062e-03	1.182257e+00	6.062831e-09
2.626371e+00	1.108456e+00	-7.509967e-04	1.182257e+00	6.360658e-09
2.632655e+00	1.106264e+00	-2.566759e-03	1.182257e+00	-3.123665e-09
2.638938e+00	1.098255e+00	-4.326233e-03	1.182257e+00	-8.166555e-09
2.645221e+00	1.098880e+00	-3.940252e-03	1.182257e+00	9.269607e-07
2.651504e+00	1.099596e+00	-3.796386e-03	1.182255e+00	7.093102e-04
2.657787e+00	1.092780e+00	-5.209917e-03	9.615191e-01	2.610053e-01
2.664071e+00	1.098327e+00	-5.206439e-03	-1.371578e-01	1.249869e-01
2.670354e+00	1.103958e+00	-5.512976e-03	2.325752e-02	9.421758e-02
2.676637e+00	1.109667e+00	-6.131122e-03	1.948617e-03	7.696891e-02
2.682920e+00	1.099473e+00	-1.459601e-03	-5.534728e-02	7.363874e-02
2.689203e+00	1.090648e+00	-1.755385e-02	2.077149e-01	3.216290e-01
2.695486e+00	1.081605e+00	-3.366533e-02	1.106005e+00	2.479444e-02
2.701770e+00	4.479290e-01	1.132495e-01	1.107497e+00	3.250532e-05
2.708053e+00	2.496883e-01	3.211747e-01	1.107497e+00	6.395608e-08
2.714336e+00	5.543700e-02	5.350591e-01	1.107497e+00	5.610641e-09
2.720619e+00	4.877066e-01	2.749683e-01	1.107497e+00	-1.074231e-08
2.726902e+00	7.160271e-01	1.898523e-02	1.107497e+00	-1.075734e-08
2.733186e+00	9.394395e-01	-2.520963e-01	1.107497e+00	1.672846e-09
2.739469e+00	1.050790e+00	3.213290e-02	1.107497e+00	1.050530e-08
2.745752e+00	1.054881e+00	1.664259e-02	1.107497e+00	5.849711e-09
2.752035e+00	1.058783e+00	3.164331e-03	1.107497e+00	-6.104207e-09
2.758318e+00	1.053127e+00	-7.338371e-04	1.107497e+00	-1.069097e-08
2.764602e+00	1.050345e+00	6.598435e-04	1.107497e+00	-1.327719e-09
2.770885e+00	1.047672e+00	2.183067e-03	1.107497e+00	1.202665e-08
2.777168e+00	1.056978e+00	-6.731358e-03	1.107497e+00	5.856535e-09
2.783451e+00	1.051891e+00	-1.523891e-03	1.107497e+00	-4.353282e-06
2.789734e+00	1.046985e+00	3.563202e-03	1.107469e+00	-3.328902e-03
2.796017e+00	1.073822e+00	1.968568e-03	6.395715e-01	-2.552842e-01
2.802301e+00	1.064706e+00	-4.325873e-04	-1.648195e-02	4.092029e-01
2.808584e+00	1.055623e+00	-3.567528e-03	3.751455e-02	3.834830e-01
2.814867e+00	1.046556e+00	-7.437267e-03	-2.359674e-02	3.598850e-01
2.821150e+00	9.571456e-01	1.280930e-01	2.169879e-02	3.622473e-01
2.827433e+00	8.240734e-01	-2.676925e-02	7.033482e-01	-3.404256e-01
2.833717e+00	6.882937e-01	-1.656197e-01	1.163541e+00	2.272227e-03
2.840000e+00	4.664265e-01	1.676463e-01	1.163349e+00	2.973678e-06
2.846283e+00	4.668131e-01	4.106867e-01	1.163349e+00	-3.299497e-08
2.852566e+00	4.717949e-01	6.514150e-01	1.163349e+00	-1.056411e-08
2.858849e+00	5.501700e-01	-1.144257e-01	1.163349e+00	1.877016e-08
2.865133e+00	6.377172e-01	-4.472087e-02	1.163349e+00	1.737434e-08
2.871416e+00	7.265883e-01	2.070206e-02	1.163349e+00	-6.338578e-09
2.877699e+00	9.764815e-01	7.537558e-02	1.163349e+00	-1.994978e-08
2.883982e+00	1.000806e+00	2.916183e-02	1.163349e+00	-5.926164e-09
2.890265e+00	1.024341e+00	-1.665674e-02	1.163349e+00	1.794317e-08
2.896548e+00	1.017694e+00	-4.378209e-03	1.163349e+00	1.860222e-08
2.902832e+00	1.017411e+00	-2.158173e-03	1.163349e+00	-1.141321e-08
2.909115e+00	1.017249e+00	-9.116612e-06	1.163349e+00	-5.597539e-08
2.915398e+00	1.018196e+00	1.703735e-04	1.163349e+00	-1.553825e-05
2.921681e+00	1.018566e+00	7.485389e-04	1.163005e+00	-1.189895e-02
2.927964e+00	1.019027e+00	1.309213e-03	4.327317e-01	-2.795953e-01
2.934248e+00	1.019579e+00	1.850789e-03	-6.102036e-02	3.954914e-02
2.940531e+00	1.021898e+00	1.374147e-02	9.242953e-02	2.549335e-02
2.946814e+00	1.004398e+00	-1.897082e-02	-7.307724e-02	5.859883e-01
2.953097e+00	9.863575e-01	-5.195424e-02	6.879738e-02	5.592832e-01
2.959380e+00	7.618192e-01	5.246800e-02	3.526910e-02	5.674264e-02
2.965663e+00	4.747945e-01	1.264868e-01	-2.682622e-02	2.712037e-02
2.971947e+00	1.894151e-01	2.240622e-01	1.117838e+00	-2.650301e-01
2.978230e+00	8.704810e-01	3.750414e-01	1.119775e+00	6.635311e-04
2.984513e+00	9.844932e-01	1.715198e-02	1.119767e+00	8.560225e-07
2.990796e+00	1.091488e+00	-3.781200e-01	1.119767e+00	-2.034267e-08
2.997079e+00	4.560717e-01	-4.262055e-01	1.119767e+00	-1.909858e-08
3.003363e+00	4.240591e-01	-1.016960e-01	1.119767e+00	-2.433823e-10
3.009646e+00	3.981381e-01	2.167088e-01	1.119767e+00	1.865624e-08
3.015929e+00	6.276500e-01	3.397547e-02	1.119767e+00	1.592921e-08
3.022212e+00	7.114835e-01	-1.597546e-02	1.119767e+00	-8.103772e-09
3.028495e+00	7.944003e-01	-6.908790e-02	1.119767e+00	-2.598640e-08
3.034779e+00	8.144420e-01	1.273834e-02	1.119767e+00	-9.690315e-09
3.041062e+00	8.029242e-01	1.199452e-02	1.119767e+00	-2.875235e-08
3.047345e+00	7.914749e-01	1.324316e-02	1.119767e+00	-4.805378e-05
3.053628e+00	7.816627e-01	-3.056012e-03	1.116329e+00	-3.646708e-02
3.059911e+00	7.922700e-01	-3.358327e-03	2.228597e-01	-2.514853e-01
3.066194e+00	8.029304e-01	-3.989856e-03	-2.532251e-02	4.097916e-02
3.072478e+00	8.136398e-01	-4.951685e-03	4.405717e-02	-7.169312e-03
3.078761e+00	7.659603e-01	1.165988e-01	-2.096847e-01	5.565992e-02
3.085044e+00	7.287836e-01	-4.424791e-02	1.699476e+00	5.882877e-01
3.091327e+00	6.886722e-01	-2.007876e-01	-1.519649e-01	1.668382e-01
3.097610e+00	3.073870e-01	-9.025831e-02	3.223889e-03	-6.910102e-03
3.103894e+00	3.837323e-01	1.400871e-01	-1.795927e-02	-7.924124e-03
3.110177e+00	4.644834e-01	3.738965e-01	-1.088727e-01	-1.177155e-01
3.116460e+00	1.465556e+00	5.080153e-01	1.044498e+00	6.358744e-02
3.122743e+00	1.519811e+00	-4.919391e-03	9.535919e-01	1.733522e-04
3.129026e+00	1.564366e+00	-5.342027e-01	9.535916e-01	2.262889e-07
3.135309e+00	6.067202e-01	-1.610138e-02	9.535916e-01	3.296718e-08
3.141593e+00	3.828645e-01	6.544361e-02	9.535916e-01	5.651922e-09
3.147876e+00	1.606562e-01	1.553302e-01	9.535916e-01	-2.712967e-08
3.154159e+00	3.947112e-01	-8.371222e-03	9.535915e-01	-1.937269e-08
3.160442e+00	4.486546e-01	-1.129372e-02	9.535915e-01	2.114991e-08
3.166725e+00	5.025650e-01	-1.548542e-02	9.535916e-01	3.902644e-08
3.173009e+00	5.303210e-01	4.824868e-04	9.535916e-01	-1.845892e-07
3.179292e+00	5.266757e-01	1.357094e-03	9.535917e-01	-1.350575e-04
3.185575e+00	5.230889e-01	2.273216e-03	9.259336e-01	-9.321950e-02
3.191858e+00	5.279396e-01	1.437959e-02	3.757969e-02	-1.815368e-01
3.198141e+00	5.241995e-01	-3.167434e-03	7.917639e-03	2.834268e-02
3.204425e+00	5.201536e-01	-2.249013e-02	1.812001e-02	-1.661447e-02
3.210708e+00	5.157677e-01	-4.358606e-02	-5.178335e-02	1.167432e-01
3.216991e+00	4.207018e-01	6.588699e-02	7.584454e-01	1.412637e-01
3.223274e+00	3.013717e-01	5.581928e-03	8.445564e-01	-1.630527e-03
3.229557e+00	1.810233e-01	-4.423368e-02	8.390253e-01	2.766827e-01
3.235840e+00	1.532309e-01	-1.239955e-01	2.927110e-02	-2.332171e-02
3.242124e+00	3.209862e-01	5.584534e-03	-2.645146e-02	6.173827e-03
3.248407e+00	4.910933e-01	1.225258e-01	2.707983e-02	-3.976136e-02
3.254690e+00	6.578280e-01	5.222323e-02	6.199861e-02	-1.824460e-01
3.260973e+00	6.408157e-01	-2.647332e-02	2.355533e-01	3.474255e-02
3.267256e+00	6.223440e-01	-1.080158e-01	2.310304e-01	4.594137e-05
3.273540e+00	3.942259e-01	-1.941605e-02	2.310302e-01	6.390940e-08
3.279823e+00	2.351370e-01	7.026396e-02	2.310302e-01	2.663414e-08
3.286106e+00	7.782916e-02	1.674164e-01	2.310302e-01	2.679225e-08
3.292389e+00	6.767374e-02	-3.724689e-02	2.310303e-01	-3.263807e-09
3.298672e+00	7.966045e-02	-2.014411e-02	2.310303e-01	-4.048802e-08
3.304955e+00	9.195714e-02	-4.978416e-03	2.310302e-01	-2.861908e-07
3.311239e+00	1.096165e-01	9.704791e-03	2.310301e-01	-1.967441e-04
3.317522e+00	1.103098e-01	5.006449e-03	1.605690e-01	-6.145718e-02
3.323805e+00	1.109260e-01	6.031597e-04	-2.359247e-02	-4.310860e-02
3.330088e+00	1.133393e-01	6.724647e-03	1.046072e-02	5.992230e-03
3.336371e+00	1.093744e-01	6.566308e-04	1.502652e-03	-1.473003e-02
3.342655e+00	1.053040e-01	-5.417868e-03	4.351039e-02	5.787416e-02
3.348938e+00	1.011272e-01	-1.149803e-02	2.797652e-01	3.659306e-02
3.355221e+00	5.595996e-02	-2.673035e-02	2.901741e-01	5.180534e-05
3.361504e+00	5.944702e-02	5.959198e-03	2.901740e-01	-2.237583e-05
3.367787e+00	6.356312e-02	3.951819e-02	2.913185e-01	-1.715164e-02
3.374071e+00	2.077368e-01	5.182626e-02	1.874320e-01	2.134597e-01
3.380354e+00	3.036194e-01	-1.062122e-02	4.727438e-02	3.336430e-02
3.386637e+00	3.982788e-01	-8.068260e-02	-3.707632e-02	-1.394521e-03
3.392920e+00	4.455853e-01	3.932068e-02	7.611749e-02	-1.045517e-02
3.399203e+00	4.336298e-01	8.215560e-03	3.694765e-01	-1.975946e-01
3.405486e+00	4.211371e-01	-2.132903e-02	2.979302e-01	5.594841e-03
3.411770e+00	3.492342e-01	3.567488e-02	2.978035e-01	7.352414e-06
3.418053e+00	2.316622e-01	3.809319e-02	2.978034e-01	-1.836157e-09
3.424336e+00	1.141926e-01	4.435594e-02	2.978034e-01	-3.446560e-08
3.430619e+00	5.305563e-02	-5.863273e-03	2.978034e-01	9.102231e-09
3.436902e+00	1.190473e-01	-1.383935e-02	2.978035e-01	-7.945690e-07
3.443186e+00	1.848799e-01	-2.349282e-02	2.978012e-01	-6.573847e-04
3.449469e+00	2.499931e-01	-8.883255e-03	1.669849e-01	-5.891997e-02
3.455752e+00	2.442238e-01	-2.569304e-03	-4.689191e-02	-8.132940e-03
3.462035e+00	2.385912e-01	3.549119e-03	1.073222e-02	-1.656429e-03
3.468318e+00	2.330905e-01	9.470696e-03	2.796992e-03	3.897033e-03
3.474601e+00	2.305112e-01	4.223458e-02	-7.965128e-02	-1.149108e-01
3.480885e+00	1.872894e-01	-2.100074e-02	-3.719218e-01	6.502537e-04
3.487168e+00	1.429169e-01	-8.125668e-02	-3.713616e-01	9.389305e-07
3.493451e+00	1.653972e-02	-3.070040e-02	-3.713615e-01	5.070008e-08
3.499734e+00	-2.128611e-02	-2.823620e-02	-3.713615e-01	-1.852427e-07
3.506017e+00	-5.907136e-02	-2.610868e-02	-3.713613e-01	-1.754906e-04
3.512301e+00	-2.224396e-01	-3.117029e-03	-3.299444e-01	-1.206503e-01
3.518584e+00	-2.133135e-01	-3.545110e-03	-1.336073e-01	-3.390515e-02
3.524867e+00	-2.042130e-01	-4.058176e-03	-3.125794e-03	5.241479e-02
3.531150e+00	-2.171691e-01	4.555852e-03	-3.231073e-02	-1.432621e-02
3.537433e+00	-2.164092e-01	3.609159e-03	2.037198e-02	8.994944e-02
3.543717e+00	-2.156768e-01	3.463008e-03	4.966327e-01	1.085675e-02
3.550000e+00	-2.037846e-01	-3.049109e-02	2.538249e-01	8.472922e-04
3.556283e+00	-1.438462e-01	-2.529653e-02	2.538210e-01	1.156686e-06
3.562566e+00	-8.384102e-02	-2.205160e-02	2.538210e-01	5.042762e-09
3.568849e+00	-2.931926e-02	4.867572e-03	2.538210e-01	-2.367997e-06
3.575132e+00	5.482113e-03	-6.720380e-03	2.537975e-01	-1.770898e-03
3.581416e+00	4.005315e-02	-1.947402e-02	1.110348e-01	-3.991156e-02
3.587699e+00	7.380949e-02	2.544762e-02	-3.195728e-02	1.007889e-02
3.593982e+00	7.659552e-02	1.093291e-02	5.617979e-03	-3.966601e-03
3.600265e+00	7.911539e-02	-3.426455e-03	1.276080e-02	8.539840e-03
3.606548e+00	8.137251e-02	-1.762823e-02	-2.225615e-01	-1.512678e-01
3.612832e+00	5.671087e-02	2.960332e-02	-4.838903e-01	-6.681561e-04
3.619115e+00	5.758075e-03	1.803838e-03	-4.838484e-01	-8.312628e-07
3.625398e+00	-4.568965e-02	-2.276013e-02	-4.838484e-01	-2.793556e-08
3.631681e+00	-1.214667e-01	4.626132e-02	-4.838484e-01	-2.404640e-08
3.637964e+00	-3.194031e-01	5.842567e-02	-4.838484e-01	1.632117e-08
3.644247e+00	-5.169934e-01	8.613000e-02	-4.838485e-01	-1.326292e-06
3.650531e+00	-5.537230e-01	-3.122388e-02	-4.838445e-01	-1.036670e-03
3.656814e+00	-5.606145e-01	-8.312211e-03	-1.640775e-01	-1.536715e-01
3.663097e+00	-5.671264e-01	1.375626e-02	7.643680e-02	-1.365268e-01
3.669380e+00	-5.635880e-01	-7.054878e-04	-4.471493e-02	1.208521e-02
3.675663e+00	-5.630018e-01	-1.011909e-02	-2.808714e-03	-1.470107e-02
3.681947e+00	-5.626419e-01	-1.999988e-02	-3.063016e-02	-1.711126e-01
3.688230e+00	-6.349310e-01	-1.528112e-01	7.137213e-01	5.325468e-02
3.694513e+00	-4.978302e-01	-8.002764e-02	6.829501e-01	8.562729e-05
3.700796e+00	-3.594565e-01	-1.311769e-02	6.829500e-01	-1.095368e-05
3.707079e+00	-1.634935e-01	-1.506931e-02	6.826671e-01	-8.462762e-03
3.713363e+00	-2.239797e-02	-2.381967e-02	2.491210e-01	-1.522612e-01
3.719646e+00	1.184979e-01	-3.537961e-02	-3.395262e-02	2.848488e-02
3.725929e+00	2.822309e-01	-1.333506e-02	-4.527139e-03	-9.490085e-03
3.732212e+00	3.611661e-01	-1.468684e-02	7.104403e-02	1.932202e-02
3.738495e+00	4.400868e-01	-1.736603e-02	-7.279181e-01	-2.982641e-01
3.744778e+00	5.189833e-01	-2.137276e-02	-1.125242e+00	-1.664652e-03
3.751062e+00	1.027504e-01	-5.848329e-02	-1.125245e+00	-2.209027e-06
3.757345e+00	-5.412476e-02	-8.920858e-02	-1.125245e+00	-1.103572e-08
3.763628e+00	-2.116031e-01	-1.214785e-01	-1.125245e+00	1.794296e-08
3.769911e+00	-6.928705e-01	-1.989016e-01	-1.125245e+00	1.681224e-08
3.776194e+00	-9.241398e-01	5.507848e-02	-1.125245e+00	-1.272021e-09
3.782478e+00	-1.150556e+00	3.242728e-01	-1.125245e+00	-3.099535e-08
3.788761e+00	-1.153546e+00	-6.240274e-03	-1.125245e+00	-8.969942e-06
3.795044e+00	-1.122650e+00	-1.779129e-02	-1.125142e+00	-6.847392e-03
3.801327e+00	-1.092083e+00	-3.186552e-02	-5.261441e-01	-1.941448e-01
3.807610e+00	-1.120156e+00	1.442835e-02	1.564545e-01	3.243709e-02
3.813893e+00	-1.106505e+00	6.640347e-04	-3.954772e-02	-9.337141e-03
3.820177e+00	-1.093199e+00	-1.284817e-02	1.185449e-02	-5.667746e-03
3.826460e+00	-1.177404e+00	-8.045086e-02	2.388326e-01	-2.147092e-01
3.832743e+00	-1.062626e+00	-3.167728e-02	5.394918e-01	7.202925e-03
3.839026e+00	-9.470369e-01	1.492258e-02	5.368552e-01	-1.938835e-02
3.845309e+00	-5.931483e-01	-2.247660e-02	1.088388e-01	-1.176598e-01
3.851593e+00	-3.004104e-01	-5.902092e-02	-5.707357e-03	2.146776e-02
3.857876e+00	-8.496827e-03	-1.058620e-01	-2.112475e-02	-3.846833e-03
3.864159e+00	2.824548e-01	-1.629919e-01	1.331816e-01	-2.502195e-02
3.870442e+00	3.214220e-01	1.111196e-01	-1.239651e+00	-3.236303e-01
3.876725e+00	2.862614e-01	-1.031903e-01	-1.507700e+00	-8.700932e-04
3.883009e+00	2.471558e-01	-3.097640e-01	-1.507700e+00	-1.120453e-06
3.889292e+00	-1.011204e-01	-8.161106e-03	-1.507700e+00	9.190284e-09
3.895575e+00	-4.072838e-01	-1.860592e-01	-1.507700e+00	-7.629014e-09
3.901858e+00	-7.168200e-01	-3.617794e-01	-1.507700e+00	-1.083773e-08
3.908141e+00	-1.188082e+00	-1.437214e-02	-1.507700e+00	2.527542e-09
3.914424e+00	-1.211574e+00	-6.802152e-04	-1.507700e+00	1.209767e-08
3.920708e+00	-1.234897e+00	1.374804e-02	-1.507700e+00	2.250925e-09
3.926991e+00	-1.242869e+00	-1.542791e-02	-1.507700e+00	-8.470763e-08
3.933274e+00	-1.230307e+00	-1.277163e-02	-1.507700e+00	-5.125221e-05
3.939557e+00	-1.217799e+00	-1.087511e-02	-1.504776e+00	-3.902035e-02
3.945840e+00	-1.220803e+00	-6.501980e-03	-4.345176e-01	-3.124659e-01
3.952124e+00	-1.217135e+00	-6.411472e-03	6.403608e-02	7.340350e-02
3.958407e+00	-1.213560e+00	-6.213356e-03	-1.394332e-02	-1.483990e-02
3.964690e+00	-1.272245e+00	-1.683344e-01	-1.347810e-02	8.852268e-03
3.970973e+00	-1.195967e+00	-2.238628e-02	4.709081e-01	-2.173580e-01
3.977256e+00	-1.117022e+00	1.249986e-01	1.536071e-02	-1.103300e-01
3.983539e+00	-9.422948e-01	-2.236232e-01	9.376170e-03	1.263656e-02
3.989823e+00	-5.748570e-01	-1.490872e-01	-2.183543e-02	1.188010e-02
3.996106e+00	-2.061997e-01	-8.718556e-02	9.325407e-02	-1.404837e-01
4.002389e+00	1.635097e-01	-3.792783e-02	-1.266129e+00	-1.720236e-01
4.008672e+00	2.708389e-01	-1.431516e-02	-1.335098e+00	-2.742426e-04
4.014955e+00	1.668109e-01	-8.303404e-02	-1.335098e+00	-3.563414e-07
4.021239e+00	6.165181e-02	-1.352943e-01	-1.335098e+00	-3.688975e-09
4.027522e+00	-4.492526e-01	-1.033368e-01	-1.335098e+00	-1.385189e-09
4.033805e+00	-7.864704e-01	8.178132e-02	-1.335098e+00	2.108394e-09
4.040088e+00	-1.120016e+00	2.938476e-01	-1.335098e+00	2.760918e-09
4.046371e+00	-1.187836e+00	-7.663258e-02	-1.335098e+00	1.358912e-10
4.052655e+00	-1.209793e+00	-1.563518e-02	-1.335098e+00	-2.859771e-09
4.058938e+00	-1.230728e+00	4.189430e-02	-1.335098e+00	-3.205066e-09
4.065221e+00	-1.203035e+00	-1.594704e-04	-1.335098e+00	-6.324982e-10
4.071504e+00	-1.196435e+00	-4.405135e-03	-1.335098e+00	-2.787081e-07
4.077787e+00	-1.190017e+00	-9.456064e-03	-1.335098e+00	-2.177649e-04
4.084070e+00	-1.192031e+00	-6.240950e-03	-1.283467e+00	-1.419099e-01
4.090354e+00	-1.177302e+00	-7.779219e-03	-2.952468e-02	-2.407176e-01
4.096637e+00	-1.162699e+00	-9.729070e-03	-2.066382e-02	2.912712e-02
4.102920e+00	-1.240662e+00	-1.949588e-02	5.481087e-02	-1.214215e-01
4.109203e+00	-1.209254e+00	-9.709476e-03	-1.520334e-02	-1.990871e-01
4.115486e+00	-1.177759e+00	1.854064e-06	5.662264e-02	-1.034100e-01
4.121770e+00	-1.158187e+00	-5.253574e-03	-5.803183e-03	2.572544e-02
4.128053e+00	-7.743549e-01	-7.824349e-02	-7.029239e-02	-2.406518e-01
4.134336e+00	-3.920706e-01	-1.604899e-01	-1.171777e+00	-6.535647e-02
4.140619e+00	-1.143392e-02	-2.519788e-01	-1.182447e+00	-8.829121e-05
4.146902e+00	-1.862785e-02	-2.192543e-01	-1.182447e+00	-1.041541e-07
4.153185e+00	-7.389531e-02	-2.573654e-01	-1.182447e+00	1.125158e-09
4.159469e+00	-1.299000e-01	-2.966727e-01	-1.182447e+00	-6.904178e-09
4.165752e+00	-9.627907e-01	-2.274673e-01	-1.182447e+00	-5.882451e-09
4.172035e+00	-1.048056e+00	6.130580e-02	-1.182447e+00	2.050507e-09
4.178318e+00	-1.127885e+00	3.584872e-01	-1.182447e+00	6.918835e-09
4.184601e+00	-1.091789e+00	-4.792402e-04	-1.182447e+00	2.620663e-09
4.190885e+00	-1.093943e+00	1.025910e-04	-1.182447e+00	-5.408693e-09
4.197168e+00	-1.096171e+00	7.067542e-04	-1.182447e+00	-6.281568e-09
4.203451e+00	-1.094189e+00	1.032424e-03	-1.182447e+00	2.344709e-09
4.209734e+00	-1.095069e+00	6.465703e-04	-1.182447e+00	7.537001e-09
4.216017e+00	-1.096041e+00	3.522293e-04	-1.182447e+00	-9.775225e-07
4.222301e+00	-1.097024e+00	-8.152657e-05	-1.182445e+00	-7.490433e-04
4.228584e+00	-1.094796e+00	-1.820182e-03	-9.547211e-01	-2.608557e-01
4.234867e+00	-1.092688e+00	-3.599424e-03	1.386620e-01	-1.269707e-01
4.241150e+00	-1.107991e+00	-4.113366e-02	-2.465961e-02	-9.458621e-02
4.247433e+00	-1.104451e+00	1.423213e-02	-1.396963e-03	-7.883940e-02
4.253716e+00	-1.099908e+00	7.467412e-02	5.294889e-02	-7.485733e-02
4.260000e+00	-1.094264e+00	1.401841e-01	-2.096415e-01	-3.196753e-01
4.266283e+00	-8.695778e-01	-2.487747e-01	-1.105980e+00	-2.456062e-02
4.272566e+00	-5.748580e-01	-2.924199e-01	-1.107448e+00	-3.219662e-05
4.278849e+00	-2.812393e-01	-3.622967e-01	-1.107448e+00	-6.263839e-08
4.285132e+00	-1.277176e-01	-1.449699e-01	-1.107448e+00	-5.436683e-09
4.291416e+00	-4.024765e-01	-1.530297e-01	-1.107448e+00	1.021112e-08
4.297699e+00	-6.772582e-01	-1.431287e-01	-1.107448e+00	1.029181e-08
4.303982e+00	-9.471537e-01	-5.580910e-02	-1.107448e+00	-1.533228e-09
4.310265e+00	-1.018788e+00	1.849322e-02	-1.107448e+00	-9.987085e-09
4.316548e+00	-1.089084e+00	9.475537e-02	-1.107448e+00	-5.611758e-09
4.322831e+00	-1.058321e+00	2.229394e-04	-1.107448e+00	5.751502e-09
4.329115e+00	-1.053244e+00	-2.112531e-03	-1.107448e+00	1.016420e-08
4.335398e+00	-1.048299e+00	-4.856830e-03	-1.107448e+00	1.325681e-09
4.341681e+00	-1.047798e+00	1.240381e-03	-1.107448e+00	-1.136642e-08
4.347964e+00	-1.048439e+00	9.844127e-04	-1.107448e+00	-5.374689e-09
4.354247e+00	-1.049167e+00	8.338136e-04	-1.107448e+00	4.306501e-06
4.360531e+00	-1.049592e+00	-1.183414e-03	-1.107421e+00	3.293549e-03
4.366814e+00	-1.049209e+00	4.218582e-04	-6.417465e-01	2.547729e-01
4.373097e+00	-1.048879e+00	2.047462e-03	1.725392e-02	-4.073013e-01
4.379380e+00	-1.047295e+00	-4.332438e-03	-3.543692e-02	-3.819092e-01
4.385663e+00	-1.031192e+00	-6.914424e-03	2.238396e-02	-3.596505e-01
4.391947e+00	-1.015226e+00	-1.013045e-02	-1.991188e-02	-3.630524e-01
4.398230e+00	-9.994058e-01	-1.397848e-02	-7.001609e-01	3.376202e-01
4.404513e+00	-6.220396e-01	9.701321e-02	-1.163722e+00	-2.006939e-03
4.410796e+00	-5.241013e-01	-2.199588e-01	-1.163540e+00	-2.627225e-06
4.417079e+00	-4.321974e-01	-5.394485e-01	-1.163540e+00	3.228127e-08
4.423362e+00	-5.008604e-01	-4.440976e-01	-1.163540e+00	1.033138e-08
4.429646e+00	-5.326571e-01	-1.483095e-01	-1.163540e+00	-1.811878e-08
4.435929e+00	-5.588456e-01	1.556373e-01	-1.163540e+00	-1.690255e-08
4.442212e+00	-7.256562e-01	5.930907e-02	-1.163540e+00	6.024380e-09
4.448495e+00	-8.905342e-01	7.964475e-02	-1.163540e+00	1.932605e-08
4.454778e+00	-1.055021e+00	1.084178e-01	-1.163540e+00	5.866401e-09
4.461062e+00	-1.031493e+00	1.801546e-02	-1.163540e+00	-1.729619e-08
4.467345e+00	-1.028744e+00	-4.993436e-03	-1.163540e+00	-1.810648e-08
4.473628e+00	-1.026527e+00	-2.978586e-02	-1.163540e+00	1.088931e-08
4.479911e+00	-1.013484e+00	2.672535e-03	-1.163540e+00	5.472629e-08
4.486194e+00	-1.015703e+00	1.148571e-03	-1.163540e+00	1.543709e-05
4.492477e+00	-1.018030e+00	-2.733351e-04	-1.163199e+00	1.182139e-02
4.498761e+00	-1.027759e+00	2.754000e-02	-4.330235e-01	2.802984e-01
4.505044e+00	-1.029954e+00	1.505830e-02	6.084462e-02	-3.939420e-02
4.511327e+00	-1.032444e+00	4.850716e-03	-9.426405e-02	-2.789778e-02
4.517610e+00	-1.105344e+00	-3.340158e-01	7.048743e-02	-5.846247e-01
4.523893e+00	-9.015090e-01	-1.461518e-01	-6.874344e-02	-5.572502e-01
4.530177e+00	-6.943732e-01	2.516727e-02	-3.599431e-02	-5.663949e-02
4.536460e+00	-4.842085e-01	1.799152e-01	2.913623e-02	-2.570043e-02
4.542743e+00	-4.596986e-01	1.015542e-01	-1.111358e+00	2.644926e-01
4.549026e+00	-7.331656e-01	-2.633280e-01	-1.120109e+00	-6.204718e-04
4.555309e+00	-1.013523e+00	-6.225513e-01	-1.120102e+00	-8.001402e-07
4.561593e+00	-1.142881e+00	-8.475414e-02	-1.120102e+00	1.984009e-08
4.567876e+00	-6.291637e-01	-1.640719e-01	-1.120102e+00	1.861458e-08
4.574159e+00	-1.170892e-01	-2.548836e-01	-1.120102e+00	2.577286e-10
4.580442e+00	-4.782227e-01	-4.365834e-02	-1.120102e+00	-1.816473e-08
4.586725e+00	-6.322831e-01	2.457464e-02	-1.120102e+00	-1.553071e-08
4.593008e+00	-7.850686e-01	9.698218e-02	-1.120102e+00	7.869482e-09
4.599292e+00	-7.964298e-01	1.363063e-03	-1.120102e+00	2.531146e-08
4.605575e+00	-8.039699e-01	5.920553e-03	-1.120102e+00	9.481954e-09
4.611858e+00	-8.114831e-01	1.093207e-02	-1.120102e+00	2.927321e-08
4.618141e+00	-8.049852e-01	3.611462e-03	-1.120102e+00	4.775349e-05
4.624424e+00	-8.034685e-01	1.113003e-03	-1.116702e+00	3.624193e-02
4.630708e+00	-8.020607e-01	-1.198262e-03	-2.225609e-01	2.520050e-01
4.636991e+00	-8.294245e-01	-7.118288e-02	2.525327e-02	-4.080637e-02
4.643274e+00	-7.929647e-01	-2.185653e-02	-4.385908e-02	7.133558e-03
4.649557e+00	-7.556451e-01	2.689906e-02	2.089379e-01	-5.549530e-02
4.655840e+00	-7.174694e-01	7.507710e-02	-1.696369e+00	-5.917204e-01
4.662123e+00	-5.094705e-01	5.996707e-02	1.507500e-01	-1.693004e-01
4.668407e+00	-3.915219e-01	-1.433955e-02	-3.987828e-03	7.488150e-03
4.674690e+00	-2.751177e-01	-1.012557e-01	1.743618e-02	7.149016e-03
4.680973e+00	-7.608107e-01	-4.383515e-02	1.064157e-01	1.188125e-01
4.687256e+00	-1.200151e+00	2.345900e-01	-1.042183e+00	-6.005913e-02
4.693539e+00	-1.633844e+00	5.669885e-01	-9.540033e-01	-1.663091e-04
4.699823e+00	-1.259728e+00	-3.344734e-01	-9.540029e-01	-2.170949e-07
4.706106e+00	-8.460250e-01	-2.893884e-01	-9.540029e-01	-3.222217e-08
4.712389e+00	-4.317685e-01	-2.692318e-01	-9.540029e-01	-5.544155e-09
4.718672e+00	-2.004843e-01	3.114643e-01	-9.540029e-01	2.651014e-08
4.724955e+00	-3.024761e-01	1.613299e-01	-9.540029e-01	1.895624e-08
4.731239e+00	-4.071720e-01	2.698602e-02	-9.540029e-01	-2.065186e-08
4.737522e+00	-5.144113e-01	-4.276534e-02	-9.540029e-01	-3.816375e-08
4.743805e+00	-5.145364e-01	-2.218243e-02	-9.540030e-01	1.831623e-07
4.750088e+00	-5.143347e-01	-3.775436e-03	-9.540030e-01	1.341512e-04
4.756371e+00	-5.117323e-01	7.278486e-05	-9.266453e-01	9.266614e-02
4.762654e+00	-5.109365e-01	6.618082e-05	-3.701335e-02	1.814256e-01
4.768938e+00	-5.101815e-01	3.587809e-05	-7.847597e-03	-2.820974e-02
4.775221e+00	-5.088492e-01	-3.994599e-03	-1.799209e-02	1.653120e-02
4.781504e+00	-5.079984e-01	5.614673e-03	5.195261e-02	-1.162250e-01
4.787787e+00	-5.070062e-01	1.527197e-02	-7.597288e-01	-1.406435e-01
4.794070e+00	-5.058715e-01	2.497651e-02	-8.449798e-01	1.560326e-03
4.800354e+00	-1.504846e-01	4.274525e-02	-8.333902e-01	-2.749427e-01
4.806637e+00	-1.509649e-01	-5.212784e-02	-2.674413e-02	2.285337e-02
4.812920e+00	-1.532620e-01	-1.488033e-01	2.547569e-02	-6.070801e-03
4.819203e+00	-5.396882e-01	-1.176544e-01	-2.625101e-02	3.869208e-02
4.825486e+00	-6.382465e-01	4.998445e-02	-6.216379e-02	1.797282e-01
4.831770e+00	-7.336222e-01	2.257359e-01	-2.358684e-01	-3.387176e-02
4.838053e+00	-6.070214e-01	-3.181385e-02	-2.314517e-01	-4.479108e-05
4.844336e+00	-4.214129e-01	-4.441271e-02	-2.314516e-01	-6.232988e-08
4.850619e+00	-2.361100e-01	-6.090353e-02	-2.314516e-01	-2.604954e-08
4.856902e+00	-4.323725e-02	7.336439e-03	-2.314516e-01	-2.619452e-08
4.863185e+00	-6.390282e-02	5.431538e-03	-2.314516e-01	3.197734e-09
4.869469e+00	-8.460439e-02	4.034374e-03	-2.314516e-01	3.959380e-08
4.875752e+00	-1.018599e-01	-1.614842e-03	-2.314515e-01	2.819777e-07
4.882035e+00	-1.040426e-01	-2.689829e-04	-2.314514e-01	1.940130e-04
4.888318e+00	-1.062077e-01	1.115454e-03	-1.620767e-01	6.097532e-02
4.894601e+00	-1.060451e-01	4.308658e-04	2.353855e-02	4.259030e-02
4.900885e+00	-1.063993e-01	1.931243e-03	-1.032063e-02	-5.927628e-03
4.907168e+00	-1.067306e-01	3.744666e-03	-1.465828e-03	1.458206e-02
4.913451e+00	-1.088721e-01	-1.876750e-02	-4.294530e-02	-5.799204e-02
4.919734e+00	-9.132043e-02	-1.072421e-02	-2.803782e-01	-3.614727e-02
4.926017e+00	-7.364478e-02	-4.728603e-03	-2.906129e-01	-5.114902e-05
4.932300e+00	-5.588028e-02	-7.815044e-04	-2.906128e-01	2.180055e-05
4.938584e+00	-7.475949e-02	7.411445e-02	-2.917302e-01	1.671122e-02
4.944867e+00	-1.970096e-01	-1.129852e-02	-1.859602e-01	-2.104300e-01
4.951150e+00	-3.208163e-01	-8.893248e-02	-4.587596e-02	-3.239811e-02
4.957433e+00	-4.253649e-01	-1.052388e-02	3.609488e-02	1.356342e-03
4.963716e+00	-4.310810e-01	6.597171e-03	-7.387477e-02	1.007523e-02
4.970000e+00	-4.364918e-01	2.548904e-02	-3.653198e-01	1.949273e-01
4.976283e+00	-4.219041e-01	-8.914434e-02	-2.983409e-01	-5.450678e-03
4.982566e+00	-3.290125e-01	-5.085046e-02	-2.982172e-01	-7.163146e-06
4.988849e+00	-2.354672e-01	-1.705435e-02	-2.982172e-01	1.858944e-09
4.995132e+00	-8.909732e-02	1.312306e-01	-2.982171e-01	3.371174e-08
5.001416e+00	-9.329039e-02	3.946020e-02	-2.982171e-01	-8.914016e-09
5.007699e+00	-9.919968e-02	-5.013292e-02	-2.982172e-01	7.851325e-07
5.013982e+00	-1.775004e-01	-1.963365e-02	-2.982150e-01	6.491114e-04
5.020265e+00	-2.075654e-01	1.373315e-03	-1.685812e-01	5.922193e-02
5.026548e+00	-2.372427e-01	2.314230e-02	4.648001e-02	7.982081e-03
5.032831e+00	-2.521501e-01	-1.468672e-02	-1.057700e-02	1.678491e-03
5.039115e+00	-2.439577e-01	-7.223481e-03	-2.898028e-03	-4.069682e-03
5.045398e+00	-2.356522e-01	-5.908780e-04	7.976346e-02	1.142690e-01
5.051681e+00	-1.957454e-01	7.942809e-02	3.714804e-01	-4.853873e-04
5.057964e+00	-1.170148e-01	4.664475e-02	3.709409e-01	-7.210590e-07
5.064247e+00	-3.892220e-02	1.324133e-02	3.709408e-01	-4.923747e-08
5.070531e+00	3.853602e-02	-2.077674e-02	3.709408e-01	1.816765e-07
5.076814e+00	9.272500e-02	1.784543e-02	3.709406e-01	1.719643e-04
5.083097e+00	1.565049e-01	-2.493572e-02	3.304211e-01	1.182552e-01
5.089380e+00	2.194490e-01	-7.238553e-02	1.312710e-01	3.486094e-02
5.095663e+00	2.197617e-01	1.504844e-02	3.061136e-03	-5.143306e-02
5.101946e+00	2.173866e-01	1.054080e-02	3.139558e-02	1.400208e-02
5.108230e+00	2.149558e-01	7.328959e-03	-1.924880e-02	-8.736661e-02
5.114513e+00	2.203497e-01	1.574977e-02	-4.902586e-01	-9.371873e-03
5.120796e+00	1.948810e-01	4.968462e-03	-2.542617e-01	-8.237108e-04
5.127079e+00	1.692302e-01	-5.203929e-03	-2.542578e-01	-1.124663e-06
5.133362e+00	8.484144e-02	1.216150e-03	-2.542579e-01	-4.868252e-09
5.139646e+00	3.821484e-02	1.028418e-02	-2.542579e-01	2.334046e-06
5.145929e+00	-8.224800e-03	2.064295e-02	-2.542348e-01	1.745936e-03
5.152212e+00	-3.951678e-02	5.221512e-03	-1.120794e-01	4.062626e-02
5.158495e+00	-6.034794e-02	5.007937e-03	3.161363e-02	-9.996620e-03
5.164778e+00	-8.118346e-02	5.185543e-03	-5.461304e-03	3.970881e-03
5.171062e+00	-9.125307e-02	-3.749524e-02	-1.300709e-02	-8.687211e-03
5.177345e+00	-7.798201e-02	-9.271488e-03	2.220058e-01	1.504860e-01
5.183628e+00	-6.419279e-02	1.822580e-02	4.834599e-01	7.232946e-04
5.189911e+00	-4.989647e-02	4.499231e-02	4.834201e-01	9.043331e-07
5.196194e+00	4.719678e-02	3.770833e-03	4.834201e-01	2.734361e-08
5.202477e+00	1.224142e-01	4.781383e-02	4.834202e-01	2.335375e-08
5.208761e+00	1.984700e-01	9.137184e-02	4.834202e-01	-1.595727e-08
5.215044e+00	5.154435e-01	8.856320e-03	4.834202e-01	1.298842e-06
5.221327e+00	5.303187e-01	4.805867e-03	4.834163e-01	1.015085e-03
5.227610e+00	5.451561e-01	3.520110e-04	1.703267e-01	1.518770e-01
5.233893e+00	5.814906e-01	-2.036139e-04	-7.558956e-02	1.338373e-01
5.240177e+00	5.713691e-01	3.666913e-03	4.381198e-02	-1.173412e-02
5.246460e+00	5.613644e-01	7.421015e-03	2.678896e-03	1.373873e-02
5.252743e+00	5.725433e-01	2.430742e-02	2.819311e-02	1.703880e-01
5.259026e+00	5.469557e-01	-1.430593e-02	-7.131115e-01	-5.069410e-02
5.265309e+00	5.206649e-01	-5.490925e-02	-6.833899e-01	-8.177411e-05
5.271592e+00	3.625147e-01	3.120702e-02	-6.833898e-01	1.085985e-05
5.277876e+00	2.039534e-01	3.152331e-02	-6.831111e-01	8.387464e-03
5.284159e+00	4.545196e-02	3.547285e-02	-2.494875e-01	1.530359e-01
5.290442e+00	-1.676528e-01	-9.400375e-02	3.374783e-02	-2.832490e-02
5.296725e+00	-2.620461e-01	-9.613655e-03	4.683726e-03	9.482144e-03
5.303008e+00	-3.548397e-01	7.757530e-02	-7.142161e-02	-1.935997e-02
5.309292e+00	-4.894195e-01	-2.325127e-01	7.266975e-01	2.976239e-01
5.315575e+00	-3.119908e-01	-1.178282e-01	1.124817e+00	1.682911e-03
5.321858e+00	-1.325847e-01	-1.893556e-02	1.124821e+00	2.231427e-06
5.328141e+00	4.853574e-02	6.414931e-02	1.124821e+00	1.073869e-08
5.334424e+00	2.930080e-01	-4.885299e-02	1.124821e+00	-1.731806e-08
5.340708e+00	6.283088e-01	-3.665808e-02	1.124821e+00	-1.619946e-08
5.346991e+00	9.636570e-01	-5.050457e-02	1.124821e+00	1.259669e-09
5.353274e+00	1.068380e+00	4.637706e-02	1.124821e+00	3.013363e-08
5.359557e+00	1.111485e+00	-1.783003e-02	1.124821e+00	8.796449e-06
5.365840e+00	1.153463e+00	-8.260409e-02	1.124720e+00	6.715358e-03
5.372123e+00	1.116034e+00	-4.007451e-03	5.304981e-01	1.967286e-01
5.378407e+00	1.112758e+00	1.171670e-02	-1.541565e-01	-3.213830e-02
5.384690e+00	1.109875e+00	2.829602e-02	3.856697e-02	9.381546e-03
5.390973e+00	1.154435e+00	6.303348e-02	-1.053117e-02	4.682596e-03
5.397256e+00	1.114056e+00	7.931605e-03	-2.375494e-01	2.116802e-01
5.403539e+00	1.072735e+00	-4.635439e-02	-5.398347e-01	-6.723082e-03
5.409823e+00	9.706936e-01	1.565725e-01	-5.372690e-01	1.916483e-02
5.416106e+00	6.387866e-01	1.315521e-01	-1.085489e-01	1.181889e-01
5.422389e+00	3.065804e-01	1.184365e-01	5.646498e-03	-2.129574e-02
5.428672e+00	5.161400e-02	7.482617e-02	2.127853e-02	3.815900e-03
5.434955e+00	-2.002790e-01	5.865510e-02	-1.335632e-01	2.528259e-02
5.441238e+00	-4.524465e-01	4.611261e-02	1.237986e+00	3.235370e-01
5.447522e+00	-3.116024e-01	9.808795e-02	1.507301e+00	8.761428e-04
5.453805e+00	-1.311606e-01	1.071054e-01	1.507301e+00	1.129281e-06
5.460088e+00	4.944998e-02	1.182844e-01	1.507301e+00	-8.303794e-09
5.466371e+00	2.303047e-01	1.316231e-01	1.507301e+00	7.402012e-09
5.472654e+00	8.154505e-01	1.835078e-01	1.507301e+00	1.011094e-08
5.478938e+00	1.080431e+00	-1.141873e-01	1.507301e+00	-2.688818e-09
5.485221e+00	1.339723e+00	-4.301953e-01	1.507301e+00	-1.150821e-08
5.491504e+00	1.268064e+00	2.475026e-03	1.507301e+00	-1.833477e-09
5.497787e+00	1.247863e+00	2.118675e-02	1.507301e+00	8.266059e-08
5.504070e+00	1.228143e+00	4.313056e-02	1.507301e+00	5.019776e-05
5.510354e+00	1.228007e+00	3.706347e-03	1.504466e+00	3.822192e-02
5.516637e+00	1.218878e+00	2.562346e-03	4.345639e-01	3.152548e-01
5.522920e+00	1.209826e+00	1.538129e-03	-6.313421e-02	-7.234144e-02
5.529203e+00	1.218232e+00	-6.197185e-02	1.295953e-02	1.474844e-02
5.535486e+00	1.230930e+00	-2.383962e-02	1.604862e-02	-8.540101e-03
5.541769e+00	1.244407e+00	1.038162e-02	-4.657492e-01	2.149041e-01
5.548053e+00	1.294317e+00	2.030313e-01	-1.519797e-02	1.102644e-01
5.554336e+00	9.327663e-01	1.400917e-01	-9.299709e-03	-1.242635e-02
5.560619e+00	5.702204e-01	8.826258e-02	2.196130e-02	-1.197424e-02
5.566902e+00	6.797717e-02	-3.306108e-01	-9.309476e-02	1.410209e-01
5.573185e+00	-8.615119e-02	-2.370602e-02	1.264995e+00	1.726651e-01
5.579469e+00	-2.345104e-01	2.815842e-01	1.334833e+00	2.762752e-04
5.585752e+00	-3.771598e-01	5.852104e-01	1.334833e+00	3.591057e-07
5.592035e+00	6.122447e-02	6.891662e-02	1.334833e+00	2.880643e-09
5.598318e+00	3.759151e-01	2.110386e-01	1.334833e+00	9.573545e-10
5.604601e+00	6.933045e-01	3.506622e-01	1.334833e+00	-1.768341e-09
5.610884e+00	1.203509e+00	2.606232e-02	1.334833e+00	-2.208011e-09
5.617168e+00	1.191451e+00	1.606838e-02	1.334833e+00	-4.460880e-11
5.623451e+00	1.179305e+00	6.635750e-03	1.334833e+00	2.417856e-09
5.629734e+00	1.195800e+00	1.480070e-02	1.334833e+00	2.729500e-09
5.636017e+00	1.188210e+00	9.837814e-03	1.334833e+00	5.954542e-10
5.642300e+00	1.180624e+00	5.351911e-03	1.334833e+00	2.709249e-07
5.648584e+00	1.184005e+00	9.014702e-03	1.334832e+00	2.113309e-04
5.654867e+00	1.177501e+00	9.342324e-03	1.285609e+00	1.384895e-01
5.661150e+00	1.171102e+00	1.018380e-02	2.699422e-02	2.399303e-01
5.667433e+00	1.183229e+00	1.542359e-02	2.017875e-02	-2.842923e-02
5.673716e+00	1.176522e+00	1.971152e-02	-5.580843e-02	1.193163e-01
5.680000e+00	1.169993e+00	2.456312e-02	1.399587e-02	2.008739e-01
5.686283e+00	1.329618e+00	3.760028e-01	-5.448846e-02	1.078379e-01
5.692566e+00	1.069202e+00	1.495503e-01	5.862107e-03	-2.563521e-02
5.698849e+00	8.046974e-01	-6.787771e-02	7.084367e-02	2.405842e-01
5.705132e+00	2.138903e-01	-1.357669e-01	1.171409e+00	6.581679e-02
5.711415e+00	1.103916e-01	7.118735e-02	1.182256e+00	8.896770e-05
5.717699e+00	1.079554e-02	2.768903e-01	1.182256e+00	1.039567e-07
5.723982e+00	-8.494092e-02	4.813083e-01	1.182256e+00	-7.835698e-10
5.730265e+00	3.923730e-01	8.261358e-02	1.182256e+00	7.716050e-09
5.736548e+00	7.389096e-01	-1.103614e-01	1.182256e+00	6.032819e-09
5.742831e+00	1.081632e+00	-3.299082e-01	1.182256e+00	-2.631280e-09
5.749115e+00	1.098162e+00	8.150790e-02	1.182256e+00	-7.384386e-09
5.755398e+00	1.109785e+00	2.337959e-02	1.182256e+00	-2.338687e-09
5.761681e+00	1.120441e+00	-3.035540e-02	1.182256e+00	6.062750e-09
5.767964e+00	1.109173e+00	4.641657e-03	1.182256e+00	6.360707e-09
5.774247e+00	1.103680e+00	4.275425e-03	1.182256e+00	-3.123736e-09
5.780530e+00	1.098273e+00	4.413130e-03	1.182256e+00	-8.166416e-09
5.786814e+00	1.097398e+00	5.773212e-05	1.182256e+00	9.269599e-07
5.793097e+00	1.097429e+00	-4.939226e-04	1.182254e+00	7.093097e-04
5.799380e+00	1.097536e+00	-1.132855e-03	9.615183e-01	2.610051e-01
5.805663e+00	1.094090e+00	-1.670619e-03	-1.371576e-01	1.249867e-01
5.811946e+00	1.098678e+00	-1.091227e-03	2.325749e-02	9.421735e-02
5.818230e+00	1.103364e+00	-5.766117e-04	1.948615e-03	7.696872e-02
5.824513e+00	1.119231e+00	2.522630e-01	-5.534722e-02	7.363852e-02
5.830796e+00	1.044721e+00	9.927006e-02	2.077149e-01	3.216288e-01
5.837079e+00	9.674983e-01	-4.480617e-02	1.106005e+00	2.479442e-02
5.843362e+00	3.180801e-01	1.451932e-01	1.107496e+00	3.250529e-05
5.849646e+00	2.301687e-01	2.630995e-01	1.107496e+00	6.395587e-08
5.855929e+00	1.445243e-01	3.832966e-01	1.107496e+00	5.610609e-09
5.862212e+00	6.117343e-02	5.057645e-01	1.107496e+00	-1.074206e-08
5.868495e+00	8.156786e-01	2.041619e-01	1.107496e+00	-1.075749e-08
5.874778e+00	9.047278e-01	-9.459103e-02	1.107496e+00	1.672769e-09
5.881061e+00	9.881450e-01	-4.014590e-01	1.107496e+00	1.050535e-08
5.887345e+00	1.073957e+00	1.636509e-03	1.107496e+00	5.849614e-09
5.893628e+00	1.061154e+00	2.968553e-03	1.107496e+00	-6.104066e-09
5.899911e+00	1.048461e+00	4.468808e-03	1.107496e+00	-1.069101e-08
5.906194e+00	1.055174e+00	8.997636e-04	1.107496e+00	-1.327805e-09
5.912477e+00	1.052296e+00	1.626278e-03	1.107496e+00	1.202683e-08
5.918761e+00	1.049516e+00	2.393601e-03	1.107496e+00	5.856412e-09
5.925044e+00	1.054436e+00	-5.752119e-04	1.107496e+00	-4.353279e-06
5.931327e+00	1.054668e+00	-6.584350e-04	1.107469e+00	-3.328900e-03
5.937610e+00	1.054977e+00	-1.243494e-03	6.395712e-01	-2.552841e-01
5.943893e+00	1.071106e+00	4.011892e-02	-1.648195e-02	4.092027e-01
5.950176e+00	1.046187e+00	1.178507e-02	3.751450e-02	3.834828e-01
5.956460e+00	1.020814e+00	-1.695463e-02	-2.359671e-02	3.598848e-01
5.962743e+00	9.877871e-01	8.203183e-02	2.169875e-02	3.622471e-01
5.969026e+00	8.353169e-01	5.323721e-02	7.033479e-01	-3.404255e-01
5.975309e+00	6.825721e-01	4.507879e-02	1.163541e+00	2.272222e-03
5.981592e+00	5.299120e-01	5.755689e-02	1.163349e+00	2.973671e-06
5.987876e+00	4.533973e-01	4.064318e-01	1.163349e+00	-3.299466e-08
5.994159e+00	4.760078e-01	3.881392e-01	1.163349e+00	-1.056439e-08
6.000442e+00	4.982353e-01	3.616777e-01	1.163349e+00	1.877039e-08
6.006725e+00	6.302484e-01	-1.632290e-01	1.163349e+00	1.737412e-08
6.013008e+00	7.680878e-01	-1.025493e-01	1.163349e+00	-6.338236e-09
6.019292e+00	9.070518e-01	-5.073965e-02	1.163349e+00	-1.995008e-08
6.025575e+00	1.002538e+00	8.207051e-02	1.163349e+00	-5.925907e-09
6.031858e+00	1.014476e+00	2.671554e-02	1.163349e+00	1.794286e-08
6.038141e+00	1.025471e+00	-2.642218e-02	1.163349e+00	1.860256e-08
6.044424e+00	1.019699e+00	1.831968e-03	1.163349e+00	-1.141348e-08
6.050707e+00	1.018773e+00	1.607170e-03	1.163349e+00	-5.597532e-08
6.056991e+00	1.017924e+00	1.536936e-03	1.163349e+00	-1.553824e-05
6.063274e+00	1.018724e+00	-6.706493e-04	1.163004e+00	-1.189894e-02
6.069557e+00	1.019106e+00	1.633615e-03	4.327315e-01	-2.795952e-01
6.075840e+00	1.019613e+00	4.012578e-03	-6.102032e-02	3.954912e-02
6.082123e+00	1.034504e+00	1.876408e-02	9.242943e-02	2.549332e-02
6.088407e+00	1.020608e+00	-2.040339e-03	-7.307717e-02	5.859877e-01
6.094690e+00	1.006401e+00	-2.288565e-02	6.879731e-02	5.592825e-01
6.100973e+00	5.805001e-01	-4.249240e-01	3.526904e-02	5.674258e-02
6.107256e+00	5.052118e-01	-1.427492e-01	-2.682611e-02	2.712036e-02
6.113539e+00	4.353376e-01	1.450305e-01	1.117836e+00	-2.650297e-01
6.119822e+00	3.709693e-01	4.383677e-01	1.119772e+00	6.635312e-04
6.126106e+00	1.056485e+00	5.729730e-01	1.119765e+00	8.560227e-07
6.132389e+00	9.154645e-01	-2.838107e-04	1.119765e+00	-2.034282e-08
6.138672e+00	7.635567e-01	-5.894716e-01	1.119765e+00	-1.909832e-08
6.144955e+00	3.114871e-01	-2.333598e-01	1.119765e+00	-2.435440e-10
6.151238e+00	4.431355e-01	-7.472206e-02	1.119765e+00	1.865611e-08
6.157522e+00	5.777249e-01	7.470371e-02	1.119765e+00	1.592931e-08
6.163805e+00	7.977160e-01	4.172752e-02	1.119765e+00	-8.103696e-09
6.170088e+00	7.838231e-01	1.068068e-02	1.119765e+00	-2.598635e-08
6.176371e+00	7.694108e-01	-1.994906e-02	1.119765e+00	-9.690408e-09
6.182654e+00	7.868072e-01	1.678934e-03	1.119765e+00	-2.875234e-08
6.188938e+00	7.849072e-01	8.605815e-04	1.119765e+00	-4.805370e-05
6.195221e+00	7.830543e-01	9.041758e-05	1.116326e+00	-3.646702e-02
6.201504e+00	7.785514e-01	-3.131210e-02	2.228593e-01	-2.514848e-01
6.207787e+00	7.863306e-01	-1.261249e-02	-2.532247e-02	4.097909e-02
6.214070e+00	7.945064e-01	4.198338e-03	4.405710e-02	-7.169300e-03
6.220353e+00	8.673508e-01	2.536612e-01	-2.096844e-01	5.565983e-02
6.226637e+00	7.135443e-01	9.989794e-02	1.699474e+00	5.882866e-01
6.232920e+00	5.570223e-01	-4.122519e-02	-1.519647e-01	1.668378e-01
6.239203e+00	1.825867e-01	-2.632388e-01	3.223862e-03	-6.910073e-03
6.245486e+00	3.427649e-01	-2.958911e-02	-1.795925e-02	-7.924132e-03
6.251769e+00	5.073259e-01	2.000776e-01	-1.088726e-01	-1.177153e-01
6.258053e+00	6.762260e-01	4.257231e-01	1.044496e+00	6.358742e-02
6.264336e+00	1.937091e+00	2.726108e-01	9.535902e-01	1.733521e-04
6.270619e+00	1.323057e+00	2.123093e-01	9.535899e-01	2.262886e-07
6.276902e+00	7.081076e-01	1.669187e-01	9.535899e-01	3.296715e-08
