0.000000e+00	4.486509e-01	-1.072678e-02	6.898379e-01	-7.995935e-08
6.283185e-03	2.808622e-01	4.802050e-02	6.898378e-01	1.670607e-08
1.256637e-02	2.038862e-01	1.503180e-01	6.898378e-01	7.238505e-08
1.884956e-02	4.480124e-01	6.007097e-02	6.898379e-01	3.609610e-08
2.513274e-02	4.914674e-01	1.880663e-03	6.898379e-01	-4.829121e-08
3.141593e-02	5.338655e-01	-5.636694e-02	6.898378e-01	-8.266437e-08
3.769911e-02	5.263644e-01	6.373415e-03	6.898377e-01	-1.856069e-07
4.398230e-02	5.272319e-01	-3.694540e-04	6.898380e-01	-1.469958e-04
5.026548e-02	5.280136e-01	-7.148847e-03	6.754144e-01	-1.112479e-01
5.654867e-02	5.265687e-01	1.984430e-02	3.178297e-01	-8.681522e-02
6.283185e-02	5.101647e-01	8.422511e-04	1.597560e-01	-9.831992e-03
6.911504e-02	4.934434e-01	-1.809537e-02	1.604345e-01	1.019046e-02
7.539822e-02	4.382488e-01	2.587882e-02	3.201281e-01	8.789134e-02
8.168141e-02	2.982736e-01	3.182521e-02	6.835494e-01	1.138861e-01
8.796459e-02	1.585495e-01	4.977202e-02	6.986491e-01	-1.726600e-03
9.424778e-02	1.472609e-01	-2.454437e-02	1.484664e+00	-1.003278e-01
1.005310e-01	3.416774e-01	-4.612675e-02	2.550330e-01	4.447377e-02
1.068142e-01	5.355325e-01	-8.629866e-02	1.682912e-01	3.662989e-03
1.130973e-01	7.254193e-01	2.294377e-01	2.074153e-01	-2.520420e-02
1.193805e-01	6.375287e-01	8.998675e-02	3.095281e-01	-4.709819e-01
1.256637e-01	5.470963e-01	-4.614460e-02	9.064977e-02	1.294220e-02
1.319469e-01	4.541675e-01	-1.789349e-01	9.046275e-02	1.682316e-05
1.382301e-01	1.892055e-01	-3.531735e-02	9.046290e-02	2.652156e-08
1.445133e-01	1.013059e-01	4.984371e-02	9.046289e-02	6.881916e-09
1.507964e-01	1.502701e-02	1.362581e-01	9.046279e-02	-3.896366e-08
1.570796e-01	7.024478e-02	-1.874019e-02	9.046272e-02	-2.247355e-08
1.633628e-01	8.989950e-02	-1.722663e-02	9.046277e-02	6.178546e-08
1.696460e-01	1.095658e-01	-1.832259e-02	9.046290e-02	-4.671958e-07
1.759292e-01	1.115895e-01	9.967918e-04	9.046323e-02	-4.197200e-04
1.822124e-01	1.111113e-01	1.611819e-03	-2.891818e-02	-2.812802e-01
1.884956e-01	1.106556e-01	2.461637e-03	2.025645e-02	-1.787562e-02
1.947787e-01	1.130968e-01	1.930453e-03	2.428963e-02	2.178632e-03
2.010619e-01	1.055215e-01	5.823044e-04	3.591480e-02	4.128920e-03
2.073451e-01	9.793022e-02	-6.674433e-04	1.642282e-01	3.257320e-02
2.136283e-01	3.114280e-02	-3.803842e-02	2.100939e-01	3.690783e-02
2.199115e-01	5.965686e-02	4.800072e-03	2.117405e-01	4.836273e-05
2.261947e-01	8.898925e-02	4.837490e-02	2.117405e-01	-1.683718e-05
2.324779e-01	2.505833e-01	1.207423e-01	2.119541e-01	-1.306583e-02
2.387610e-01	3.315934e-01	2.627072e-02	1.291584e-01	5.679303e-01
2.450442e-01	4.107969e-01	-7.343052e-02	7.527165e-02	1.186924e-02
2.513274e-01	4.676516e-01	3.500639e-03	5.720176e-02	-1.529512e-03
2.576106e-01	4.401859e-01	6.216840e-03	9.650395e-02	-1.607233e-02
2.638938e-01	4.128150e-01	9.705982e-03	1.069855e+00	2.214012e-01
2.701770e-01	3.855480e-01	1.396688e-02	2.294889e-01	1.963055e-03
2.764602e-01	1.960272e-01	1.833414e-02	2.294823e-01	2.491051e-06
2.827433e-01	1.017549e-01	2.509017e-02	2.294822e-01	9.267199e-08
2.890265e-01	7.629739e-03	3.352039e-02	2.294823e-01	8.961240e-08
2.953097e-01	1.289823e-01	-8.449940e-03	2.294823e-01	-3.347531e-08
3.015929e-01	1.950763e-01	-2.280352e-02	2.294823e-01	-1.851108e-06
3.078761e-01	2.608996e-01	-3.898904e-02	2.294814e-01	-1.309910e-03
3.141593e-01	2.415821e-01	-1.217950e-02	-3.785058e-01	-3.642067e-01
3.204425e-01	2.436244e-01	-1.301168e-02	3.131189e-02	-1.989674e-02
3.267256e-01	2.456567e-01	-1.529061e-02	-1.438635e-02	-1.139660e-02
3.330088e-01	2.334909e-01	7.073722e-02	-7.925324e-02	-2.399101e-02
3.392920e-01	1.642434e-01	1.866370e-02	-1.857479e-01	-4.240756e-01
3.455752e-01	9.407665e-02	-2.826717e-02	-3.708530e-01	1.056608e-02
3.518584e-01	2.887943e-02	9.416482e-03	-3.706969e-01	1.379397e-05
3.581416e-01	-4.288399e-02	-1.909388e-02	-3.706970e-01	-2.715664e-08
3.644247e-01	-1.151819e-01	-4.715695e-02	-3.706972e-01	-1.487948e-07
3.707079e-01	-2.054379e-01	-5.961331e-03	-3.706971e-01	-1.091337e-04
3.769911e-01	-2.092532e-01	-2.151152e-03	-3.631634e-01	-8.301232e-02
3.832743e-01	-2.130125e-01	1.702868e-03	-2.145993e-01	-8.316598e-02
3.895575e-01	-2.141742e-01	-1.001391e-02	-8.235591e-02	-4.938724e-03
3.958407e-01	-2.144075e-01	6.950715e-03	-7.791399e-02	2.037831e-03
4.021239e-01	-2.143220e-01	2.561953e-02	-1.163621e-01	2.634381e-02
4.084070e-01	-2.138855e-01	4.598978e-02	2.953241e-01	1.964308e-01
4.146902e-01	-1.466103e-01	-4.002301e-02	2.343642e-01	2.754851e-04
4.209734e-01	-8.166633e-02	-3.877185e-02	2.343636e-01	3.492683e-07
4.272566e-01	-1.673209e-02	-4.061884e-02	2.343635e-01	-2.998331e-08
4.335398e-01	1.218869e-02	6.641890e-03	2.343635e-01	-4.711805e-06
4.398230e-01	3.972607e-02	-5.607620e-03	2.343501e-01	-3.669802e-03
4.461062e-01	6.703618e-02	-1.786318e-02	-4.426414e-01	3.090162e-01
4.523893e-01	8.216063e-02	1.181666e-02	2.290965e-02	-1.535371e-02
4.586725e-01	8.204906e-02	4.033970e-03	-3.077888e-02	-1.389890e-02
4.649557e-01	8.180288e-02	-3.154691e-03	-1.171217e-01	-3.402531e-02
4.712389e-01	5.731011e-02	-7.172109e-03	-9.633122e-01	-4.210290e-01
4.775221e-01	1.021832e-02	-2.434589e-03	-4.539737e-01	3.111558e-03
4.838053e-01	-3.676138e-02	4.559543e-03	-4.539609e-01	3.955414e-06
4.900885e-01	-1.833498e-01	-9.005125e-02	-4.539609e-01	4.553394e-08
4.963716e-01	-3.299326e-01	6.365219e-05	-4.539609e-01	9.577880e-08
5.026548e-01	-4.747239e-01	1.023384e-01	-4.539609e-01	1.865909e-08
5.089380e-01	-5.463782e-01	-2.683226e-02	-4.539609e-01	-9.306455e-07
5.152212e-01	-5.609083e-01	-8.030290e-03	-4.539596e-01	-6.203180e-04
5.215044e-01	-5.751394e-01	9.524345e-03	-2.415506e-01	-3.758766e-01
5.277876e-01	-5.890977e-01	2.582957e-02	-1.494540e-01	-5.034525e-02
5.340708e-01	-5.660892e-01	7.568803e-04	-9.803742e-02	-3.766480e-03
5.403539e-01	-5.659511e-01	-4.376015e-03	-1.003426e-01	3.812725e-03
5.466371e-01	-5.659586e-01	-9.950426e-03	-2.082034e-01	-1.584722e-01
5.529203e-01	-4.961509e-01	-4.292191e-02	7.139354e-01	2.430600e-02
5.592035e-01	-3.493101e-01	-3.703964e-02	7.125222e-01	3.192733e-05
5.654867e-01	-2.024123e-01	-3.443128e-02	7.125222e-01	-1.386110e-05
5.717699e-01	2.191846e-02	-4.801332e-02	7.123845e-01	-1.068103e-02
5.780530e-01	1.501095e-01	-2.900803e-02	5.270815e-01	1.637667e-01
5.843362e-01	2.786446e-01	-1.294137e-02	9.002772e-02	-4.364255e-02
5.906194e-01	4.193872e-01	1.361700e-01	-5.669038e-02	-3.543455e-02
5.969026e-01	3.799770e-01	-8.415803e-04	-2.729471e-01	-8.369476e-02
6.031858e-01	3.380540e-01	-1.336992e-01	-1.317605e+00	1.137676e-01
6.094690e-01	4.591681e-02	-1.764583e-02	-9.611467e-01	6.785489e-04
6.157522e-01	-1.089359e-01	-7.468312e-02	-9.611461e-01	9.533557e-07
6.220353e-01	-2.648684e-01	-1.316732e-01	-9.611460e-01	1.988065e-09
6.283185e-01	-9.135019e-01	-2.775664e-01	-9.611460e-01	-3.466225e-08
6.346017e-01	-1.013017e+00	-4.716915e-02	-9.611461e-01	-2.492483e-09
6.408849e-01	-1.108208e+00	1.894560e-01	-9.611461e-01	2.354139e-08
6.471681e-01	-1.116912e+00	1.822806e-03	-9.611461e-01	-2.006541e-08
6.534513e-01	-1.115229e+00	3.834221e-04	-9.611460e-01	-4.409960e-06
6.597345e-01	-1.113661e+00	-1.068262e-03	-9.611282e-01	-3.350462e-03
6.660176e-01	-1.112209e+00	-2.530360e-03	-1.769257e-01	7.360633e-02
6.723008e-01	-1.122601e+00	2.042249e-02	-2.851192e-01	-4.414464e-02
6.785840e-01	-1.130106e+00	2.825281e-02	-2.126730e-01	-2.208593e-03
6.848672e-01	-1.137514e+00	4.023226e-02	-2.543036e-01	2.200313e-02
6.911504e-01	-1.037747e+00	-1.268924e-01	4.788577e-01	-8.330832e-01
6.974336e-01	-8.397959e-01	-2.023420e-02	7.093610e-01	2.144604e-03
7.037168e-01	-6.399264e-01	8.322094e-02	7.083327e-01	-2.475465e-02
7.099999e-01	-2.168957e-01	5.752308e-02	3.935753e-01	-1.299805e-01
7.162831e-01	2.455186e-02	-5.652450e-02	4.102544e-02	-4.383552e-02
7.225663e-01	2.637935e-01	-1.770014e-01	-1.297669e-01	-4.710907e-02
7.288495e-01	4.326114e-01	2.844228e-01	-4.500326e-01	-1.338249e-01
7.351327e-01	2.789660e-01	8.447888e-02	-1.343335e+00	5.977003e-02
7.414159e-01	1.217617e-01	-9.575822e-02	-1.301436e+00	9.824440e-05
7.476991e-01	-5.526202e-02	1.332991e-01	-1.301436e+00	1.014623e-07
7.539822e-01	-4.703496e-01	8.226973e-02	-1.301436e+00	-3.464578e-08
7.602654e-01	-8.861285e-01	6.274347e-02	-1.301436e+00	-5.916079e-10
7.665486e-01	-1.202531e+00	-9.780690e-02	-1.301436e+00	3.070806e-08
7.728318e-01	-1.227364e+00	-3.517348e-02	-1.301436e+00	2.483279e-08
7.791150e-01	-1.251119e+00	2.681415e-02	-1.301436e+00	-1.665957e-08
7.853982e-01	-1.230738e+00	1.010287e-02	-1.301436e+00	-4.926552e-08
7.916813e-01	-1.224858e+00	4.715076e-03	-1.301436e+00	-4.282306e-08
7.979645e-01	-1.219178e+00	-7.141261e-04	-1.301436e+00	-2.058488e-05
8.042477e-01	-1.213695e+00	-6.182032e-03	-1.301039e+00	-1.584227e-02
8.105309e-01	-1.213279e+00	8.659311e-03	-9.148888e-01	-1.329190e-01
8.168141e-01	-1.224997e+00	-9.007892e-03	-3.442453e-01	-3.708214e-02
8.230973e-01	-1.237142e+00	-2.641892e-02	-2.941915e-01	6.345266e-03
8.293805e-01	-1.244415e+00	-1.113529e-01	-4.034715e-01	3.942248e-02
8.356636e-01	-1.081231e+00	-3.984949e-02	8.592453e-01	-1.395281e-01
8.419468e-01	-9.168339e-01	2.606121e-02	3.106954e-01	-1.152968e-01
8.482300e-01	-5.332516e-01	-9.648218e-02	3.538662e-02	-4.149613e-02
8.545132e-01	-1.127832e-01	-1.077061e-01	-1.344698e-01	-4.911961e-02
8.607964e-01	3.073657e-01	-1.295690e-01	-4.889714e-01	-1.581264e-01
8.670796e-01	2.394760e-01	-2.394048e-01	-1.167913e+00	-8.205839e-04
8.733628e-01	1.106918e-01	-2.194002e-01	-1.166525e+00	-8.363559e-07
8.796459e-01	-1.773631e-02	-2.027238e-01	-1.166525e+00	1.351327e-08
8.859291e-01	-5.792473e-01	-3.299464e-01	-1.166525e+00	1.260103e-08
8.922123e-01	-8.667129e-01	-4.670515e-02	-1.166525e+00	-1.045695e-08
8.984955e-01	-1.148722e+00	2.554448e-01	-1.166525e+00	-1.759861e-08
9.047787e-01	-1.231873e+00	5.154537e-03	-1.166525e+00	2.326252e-09
9.110619e-01	-1.214539e+00	-1.193432e-02	-1.166525e+00	2.027879e-08
9.173451e-01	-1.197662e+00	-3.300800e-02	-1.166525e+00	7.765647e-09
9.236282e-01	-1.186525e+00	-1.373749e-03	-1.166525e+00	-2.052762e-08
9.299114e-01	-1.185432e+00	-9.327980e-04	-1.166525e+00	-2.028168e-08
9.361946e-01	-1.184425e+00	-4.998945e-04	-1.166525e+00	-7.103351e-08
9.424778e-01	-1.183503e+00	-7.334530e-05	-1.166525e+00	-7.163671e-05
9.487610e-01	-1.172190e+00	9.689506e-04	-1.159264e+00	-5.397007e-02
9.550442e-01	-1.172564e+00	-2.578429e-04	-5.309780e-01	-1.415037e-01
9.613274e-01	-1.173052e+00	-1.393970e-03	-2.797871e-01	-2.065901e-02
9.676105e-01	-1.175260e+00	9.022077e-03	-2.732131e-01	-2.085913e-02
9.738937e-01	-1.166933e+00	6.239542e-02	-4.352712e-01	-1.823197e-01
9.801769e-01	-1.157631e+00	1.222748e-01	2.184024e-01	-1.645763e-01
9.864601e-01	-7.605662e-01	-3.851211e-02	-9.436607e-02	-6.550830e-02
9.927433e-01	-3.564605e-01	-2.397769e-01	-5.419412e-01	-1.872547e-01
9.990265e-01	4.369160e-02	-4.550443e-01	-1.040218e+00	-9.424914e-03
1.005310e+00	1.218813e-02	-7.089340e-02	-1.040498e+00	-1.232859e-05
1.011593e+00	-1.882128e-01	-2.001617e-01	-1.040498e+00	-2.967737e-08
1.017876e+00	-3.910403e-01	-3.272636e-01	-1.040498e+00	6.824018e-09
1.024159e+00	-1.077244e+00	-2.193429e-02	-1.040498e+00	1.043558e-08
1.030442e+00	-1.092156e+00	-7.037225e-03	-1.040498e+00	-3.411048e-10
1.036726e+00	-1.106872e+00	7.921624e-03	-1.040498e+00	-7.297315e-09
1.043009e+00	-1.089834e+00	1.269631e-02	-1.040498e+00	-2.735755e-09
1.049292e+00	-1.090552e+00	7.406371e-03	-1.040498e+00	4.260840e-09
1.055575e+00	-1.091453e+00	2.348848e-03	-1.040498e+00	3.774773e-09
1.061858e+00	-1.092533e+00	-2.473820e-03	-1.040498e+00	-1.888715e-09
1.068142e+00	-1.092118e+00	9.947277e-04	-1.040498e+00	-4.076401e-09
1.074425e+00	-1.092860e+00	1.594276e-03	-1.040498e+00	-4.475927e-10
1.080708e+00	-1.093676e+00	2.309522e-03	-1.040498e+00	-9.762288e-08
1.086991e+00	-1.091334e+00	-7.451165e-04	-1.040498e+00	-7.903266e-05
1.093274e+00	-1.090139e+00	-1.557970e-03	-1.034242e+00	-6.416656e-02
1.099557e+00	-1.089045e+00	-2.428774e-03	-3.118154e-01	1.125493e-02
1.105841e+00	-1.096016e+00	-2.174978e-02	-1.906128e-01	-4.857986e-02
1.112124e+00	-1.080001e+00	2.527777e-02	-2.856907e-01	-7.663063e-02
1.118407e+00	-1.063173e+00	7.352496e-02	-5.647590e-01	-5.403874e-01
1.124690e+00	-9.098663e-01	-1.584493e-01	-5.953127e-01	-1.418243e-01
1.130973e+00	-5.299586e-01	-3.539880e-01	-9.501222e-01	-6.524391e-03
1.137257e+00	-1.540296e-01	-5.759625e-01	-9.501965e-01	-8.556062e-06
1.143540e+00	-1.568165e-01	-2.396480e-01	-9.501964e-01	1.423336e-08
1.149823e+00	-4.615848e-01	-7.057767e-02	-9.501964e-01	3.871385e-08
1.156106e+00	-7.629808e-01	1.213171e-01	-9.501964e-01	2.963778e-09
1.162389e+00	-9.604410e-01	-7.363247e-02	-9.501965e-01	-2.903482e-08
1.168672e+00	-1.012760e+00	-8.963326e-03	-9.501965e-01	-1.898653e-08
1.174956e+00	-1.063940e+00	5.555392e-02	-9.501964e-01	1.546201e-08
1.181239e+00	-1.050375e+00	2.902262e-03	-9.501964e-01	2.701777e-08
1.187522e+00	-1.051931e+00	2.038344e-03	-9.501964e-01	2.876212e-10
1.193805e+00	-1.053593e+00	3.996386e-04	-9.501964e-01	-2.770519e-08
1.200088e+00	-1.055377e+00	-2.012049e-03	-9.501965e-01	-1.570158e-08
1.206372e+00	-1.049179e+00	8.635307e-04	-9.501965e-01	2.320137e-08
1.212655e+00	-1.049645e+00	-4.076978e-04	-9.501964e-01	3.326862e-08
1.218938e+00	-1.050219e+00	-1.779002e-03	-9.501964e-01	2.534311e-06
1.225221e+00	-1.050684e+00	4.608749e-04	-9.501903e-01	1.961543e-03
1.231504e+00	-1.052150e+00	3.403549e-04	-5.436282e-01	-4.044203e-03
1.237788e+00	-1.053702e+00	2.427385e-04	-5.410080e-01	-4.247889e-01
1.244071e+00	-1.017485e+00	-2.482346e-01	-2.321797e-01	-2.407949e-01
1.250354e+00	-9.708503e-01	-5.081872e-03	-3.227289e-01	-2.664841e-01
1.256637e+00	-9.197743e-01	2.312363e-01	-6.427473e-01	-1.870543e-02
1.262920e+00	-5.735786e-01	7.376756e-03	-1.611443e+00	-1.132480e-01
1.269203e+00	-4.990277e-01	-2.639576e-01	-9.301508e-01	-2.532466e-03
1.275487e+00	-4.296476e-01	-5.371146e-01	-9.301388e-01	-3.390228e-06
1.281770e+00	-5.076380e-01	-4.891281e-01	-9.301388e-01	-7.845041e-08
1.288053e+00	-5.547593e-01	-1.421822e-01	-9.301389e-01	1.016882e-08
1.294336e+00	-5.953372e-01	2.098312e-01	-9.301389e-01	5.163789e-08
1.300619e+00	-9.234092e-01	4.651911e-03	-9.301388e-01	2.402468e-08
1.306903e+00	-9.643051e-01	5.762308e-03	-9.301388e-01	-2.465728e-08
1.313186e+00	-1.005248e+00	7.500359e-03	-9.301388e-01	-3.791549e-08
1.319469e+00	-1.023848e+00	-2.786882e-05	-9.301389e-01	-5.200342e-09
1.325752e+00	-1.023074e+00	-4.323366e-05	-9.301389e-01	3.499498e-08
1.332035e+00	-1.022381e+00	-1.067192e-04	-9.301388e-01	3.458948e-08
1.338318e+00	-1.021770e+00	-2.167933e-04	-9.301388e-01	-1.643206e-08
1.344602e+00	-1.023120e+00	3.047835e-03	-9.301388e-01	-5.153558e-08
1.350885e+00	-1.026387e+00	2.794987e-03	-9.301389e-01	1.146039e-05
1.357168e+00	-1.029737e+00	2.941335e-03	-9.300292e-01	8.801824e-03
1.363451e+00	-1.032053e+00	-9.786649e-03	-6.916736e-01	-7.884673e-02
1.369734e+00	-1.020426e+00	2.767179e-02	-3.327646e-01	1.058454e-02
1.376018e+00	-1.008148e+00	6.791675e-02	-3.935524e-01	-1.962157e-02
1.382301e+00	-8.941088e-01	-1.294114e-01	-3.551300e-01	-5.203125e-01
1.388584e+00	-6.846957e-01	-5.043297e-02	-3.447081e-01	-5.587655e-01
1.394867e+00	-4.740471e-01	7.459452e-03	-5.935913e-01	9.120509e-04
1.401150e+00	-4.555305e-01	3.298281e-02	-8.696960e-01	1.228217e-01
1.407434e+00	-7.653600e-01	-6.683613e-02	-9.694735e-01	-3.179128e-01
1.413717e+00	-1.076811e+00	-1.332451e-01	-8.134233e-01	-5.017807e-04
1.420000e+00	-8.468852e-01	2.665417e-01	-8.134222e-01	-6.399362e-07
1.426283e+00	-5.839969e-01	-1.216426e-02	-8.134223e-01	2.738586e-08
1.432566e+00	-3.265292e-01	-3.028911e-01	-8.134223e-01	-2.249356e-08
1.438849e+00	-5.120872e-01	-1.220859e-01	-8.134224e-01	-3.251588e-08
1.445133e+00	-6.293166e-01	-2.477792e-02	-8.134224e-01	1.392496e-08
1.451416e+00	-7.447228e-01	7.605424e-02	-8.134223e-01	4.327583e-08
1.457699e+00	-8.582615e-01	1.803951e-01	-8.134223e-01	5.233531e-09
1.463982e+00	-8.059722e-01	-1.949130e-02	-8.134223e-01	-5.156800e-08
1.470265e+00	-8.056308e-01	-6.386027e-04	-8.134224e-01	-3.564385e-08
1.476549e+00	-8.050092e-01	1.698532e-02	-8.134224e-01	1.163679e-07
1.482832e+00	-7.938568e-01	1.068677e-02	-8.134223e-01	4.241097e-05
1.489115e+00	-8.021244e-01	4.627947e-03	-8.120860e-01	3.238660e-02
1.495398e+00	-8.105652e-01	-9.513399e-04	-5.085710e-01	1.141524e-01
1.501681e+00	-8.123477e-01	-2.361667e-02	-2.695747e-01	3.606334e-03
1.507964e+00	-7.763095e-01	-7.595214e-03	-3.328506e-01	-3.549863e-02
1.514248e+00	-7.400418e-01	7.195452e-03	-6.667677e-01	-1.845694e-01
1.520531e+00	-4.579849e-01	2.201777e-01	-1.775529e+00	-1.918466e-01
1.526814e+00	-3.799604e-01	6.344917e-03	-7.818251e-01	-1.635912e-01
1.533097e+00	-3.060531e-01	-2.135462e-01	-4.508109e-01	-2.610101e-02
1.539380e+00	-9.579264e-01	-5.448230e-01	-4.714882e-01	3.750334e-02
1.545664e+00	-1.238844e+00	-3.178758e-02	-8.088556e-01	7.588472e-02
1.551947e+00	-1.509847e+00	5.170982e-01	-6.971585e-01	-7.201422e-02
1.558230e+00	-1.256064e+00	-1.696948e-01	-6.912522e-01	-9.457580e-05
1.564513e+00	-8.022787e-01	-2.176772e-01	-6.912522e-01	-2.974567e-08
1.570796e+00	-3.497039e-01	-2.895219e-01	-6.912522e-01	7.869291e-08
1.577080e+00	-1.617441e-01	1.073524e-02	-6.912522e-01	-1.644456e-08
1.583363e+00	-3.197424e-01	5.267880e-02	-6.912522e-01	-7.125643e-08
1.589646e+00	-4.768627e-01	1.056094e-01	-6.912522e-01	-3.552128e-08
1.595929e+00	-6.329288e-01	1.695195e-01	-6.912523e-01	4.755187e-08
1.602212e+00	-5.001504e-01	1.177122e-02	-6.912522e-01	8.135980e-08
1.608495e+00	-5.058730e-01	-8.758038e-03	-6.912521e-01	1.828519e-07
1.614779e+00	-5.120283e-01	-2.989361e-02	-6.912523e-01	1.448254e-04
1.621062e+00	-5.044958e-01	1.383205e-02	-6.770551e-01	1.096070e-01
1.627345e+00	-5.130769e-01	3.673314e-03	-3.184699e-01	8.689389e-02
1.633628e+00	-5.218804e-01	-5.457213e-03	-1.602348e-01	9.887417e-03
1.639911e+00	-5.173311e-01	-1.233360e-01	-1.609117e-01	-1.024496e-02
1.646195e+00	-4.181282e-01	-1.302088e-02	-3.207674e-01	-8.796297e-02
1.652478e+00	-3.169484e-01	8.990428e-02	-6.851916e-01	-1.122094e-01
1.658761e+00	-1.296678e-01	9.702230e-02	-7.000544e-01	1.693091e-03
1.665044e+00	-1.707242e-01	-7.414835e-03	-1.471547e+00	9.694929e-02
1.671327e+00	-2.137433e-01	-1.098959e-01	-2.551002e-01	-4.449967e-02
1.677610e+00	-7.038191e-01	1.211447e-02	-1.684853e-01	-3.659912e-03
1.683894e+00	-7.020274e-01	5.424244e-03	-2.075602e-01	2.518154e-02
1.690177e+00	-7.004096e-01	-4.665034e-04	-3.099753e-01	4.620461e-01
1.696460e+00	-6.407374e-01	-5.216131e-02	-9.184268e-02	-1.274089e-02
1.702743e+00	-4.078313e-01	-7.580069e-02	-9.165867e-02	-1.656146e-05
1.709026e+00	-1.754844e-01	-1.069857e-01	-9.165882e-02	-2.608548e-08
1.715310e+00	-7.356529e-02	-1.418439e-02	-9.165881e-02	-6.805453e-09
1.721593e+00	-7.959053e-02	-9.275972e-03	-9.165871e-02	3.829938e-08
1.727876e+00	-8.553002e-02	-4.455906e-03	-9.165864e-02	2.211966e-08
1.734159e+00	-9.138657e-02	2.751580e-04	-9.165869e-02	-6.075487e-08
1.740442e+00	-1.068247e-01	-9.971699e-03	-9.165882e-02	4.599036e-07
1.746726e+00	-1.076356e-01	-3.061297e-03	-9.165914e-02	4.131339e-04
1.753009e+00	-1.083272e-01	3.595277e-03	2.582483e-02	2.768764e-01
1.759292e+00	-1.083634e-01	-4.306668e-03	-2.102005e-02	1.780207e-02
1.765575e+00	-1.046440e-01	3.297580e-03	-2.467582e-02	-2.144236e-03
1.771858e+00	-1.007886e-01	1.099944e-02	-3.635632e-02	-4.197252e-03
1.778141e+00	-7.625686e-02	1.134646e-02	-1.640266e-01	-3.276252e-02
1.784425e+00	-6.338860e-02	6.109570e-04	-2.111728e-01	-3.634368e-02
1.790708e+00	-5.074234e-02	-1.168362e-02	-2.127936e-01	-4.762338e-05
1.796991e+00	-8.748775e-02	1.340843e-02	-2.127936e-01	1.655626e-05
1.803274e+00	-2.081472e-01	1.835293e-02	-2.130037e-01	1.284796e-02
1.809557e+00	-3.286323e-01	3.344217e-02	-1.302367e-01	-5.595842e-01
1.815841e+00	-4.111488e-01	-4.371193e-02	-7.532001e-02	-1.183546e-02
1.822124e+00	-4.237343e-01	2.539412e-03	-5.731438e-02	1.524518e-03
1.828407e+00	-4.354690e-01	5.009113e-02	-9.644714e-02	1.608559e-02
1.834690e+00	-4.330653e-01	-1.003204e-01	-1.056931e+00	-2.172389e-01
1.840973e+00	-3.304269e-01	-6.351375e-02	-2.304753e-01	-1.930179e-03
1.847256e+00	-2.271708e-01	-3.143629e-02	-2.304688e-01	-2.449298e-06
1.853540e+00	-1.233661e-01	-4.092894e-03	-2.304687e-01	-9.119144e-08
1.859823e+00	-7.565067e-02	7.430683e-02	-2.304688e-01	-8.817799e-08
1.866106e+00	-1.233485e-01	2.578797e-02	-2.304688e-01	3.296094e-08
1.872389e+00	-1.719309e-01	-1.829656e-02	-2.304688e-01	1.822815e-06
1.878672e+00	-2.254068e-01	-6.882342e-03	-2.304680e-01	1.289940e-03
1.884956e+00	-2.386422e-01	2.392055e-03	3.680753e-01	3.589244e-01
1.891239e+00	-2.517224e-01	1.162340e-02	-3.200129e-02	1.999699e-02
1.897522e+00	-2.335838e-01	2.644318e-03	1.405954e-02	1.141258e-02
1.903805e+00	-2.317566e-01	1.944456e-04	7.880232e-02	2.390431e-02
1.910088e+00	-2.299955e-01	-2.432644e-03	1.862094e-01	4.180211e-01
1.916372e+00	-7.765594e-02	2.565481e-02	3.699501e-01	-1.037899e-02
1.922655e+00	-2.095841e-02	6.685110e-03	3.697967e-01	-1.354970e-05
1.928938e+00	2.927329e-02	-4.158800e-03	3.697968e-01	2.662129e-08
1.935221e+00	1.048460e-01	-1.546575e-02	3.697970e-01	1.463171e-07
1.941504e+00	1.801599e-01	-3.254333e-02	3.697968e-01	1.073952e-04
1.947787e+00	2.092205e-01	1.576416e-02	3.623856e-01	8.169016e-02
1.954071e+00	2.147210e-01	3.837637e-03	2.136743e-01	8.249525e-02
1.960354e+00	2.200155e-01	-7.883848e-03	8.230721e-02	4.966620e-03
1.966637e+00	2.263984e-01	2.820560e-02	7.784866e-02	-2.055637e-03
1.972920e+00	2.099818e-01	2.682490e-03	1.161991e-01	-2.584743e-02
1.979203e+00	1.931020e-01	-2.277725e-02	-2.952050e-01	-1.925698e-01
1.985487e+00	1.451250e-01	1.849622e-02	-2.353508e-01	-2.701045e-04
1.991770e+00	8.926193e-02	1.874442e-02	-2.353503e-01	-3.422686e-07
1.998053e+00	3.343184e-02	2.097373e-02	-2.353501e-01	2.949665e-08
2.004336e+00	-2.353707e-02	-1.908165e-03	-2.353501e-01	4.634111e-06
2.010619e+00	-4.321118e-02	-8.037747e-05	-2.353370e-01	3.609347e-03
2.016902e+00	-6.285444e-02	1.595182e-03	4.308018e-01	-3.027704e-01
2.023186e+00	-8.247352e-02	3.118290e-03	-2.345843e-02	1.547606e-02
2.029469e+00	-8.646410e-02	-2.352759e-03	3.045148e-02	1.389966e-02
2.035752e+00	-7.730735e-02	-1.752858e-03	1.165814e-01	3.390562e-02
2.042035e+00	-6.814695e-02	-1.351241e-03	9.517007e-01	4.145736e-01
2.048318e+00	-1.054371e-02	5.638477e-03	4.530161e-01	-3.049722e-03
2.054602e+00	4.408901e-02	4.083879e-02	4.530036e-01	-3.876673e-06
2.060885e+00	9.940092e-02	7.725246e-02	4.530036e-01	-4.473065e-08
2.067168e+00	3.720101e-01	1.349595e-01	4.530035e-01	-9.408324e-08
2.073451e+00	4.610217e-01	1.223023e-03	4.530035e-01	-1.830845e-08
2.079734e+00	5.474836e-01	-1.394875e-01	4.530036e-01	9.146739e-07
2.086018e+00	5.631898e-01	-3.066898e-03	4.530023e-01	6.096758e-04
2.092301e+00	5.646166e-01	1.157249e-03	2.443330e-01	3.694833e-01
2.098584e+00	5.661714e-01	5.788234e-03	1.495196e-01	5.004202e-02
2.104867e+00	5.882649e-01	4.836422e-04	9.795279e-02	3.778944e-03
2.111150e+00	5.758234e-01	3.206720e-03	1.002928e-01	-3.844381e-03
2.117433e+00	5.634823e-01	6.257536e-03	2.055867e-01	1.585318e-01
2.123717e+00	4.996194e-01	3.709464e-02	-7.149197e-01	-2.363273e-02
2.130000e+00	3.364473e-01	3.679724e-02	-7.135384e-01	-3.104426e-05
2.136283e+00	1.733320e-01	3.940854e-02	-7.135384e-01	1.362444e-05
2.142566e+00	1.029660e-02	4.492782e-02	-7.134032e-01	1.049813e-02
2.148849e+00	-1.364383e-01	6.840599e-02	-5.268387e-01	-1.575118e-01
2.155133e+00	-3.014110e-01	9.714153e-02	-9.051412e-02	4.373339e-02
2.161416e+00	-4.657875e-01	1.350071e-01	5.633310e-02	3.541754e-02
2.167699e+00	-4.002276e-01	-1.415614e-01	2.722117e-01	8.358173e-02
2.173982e+00	-2.609180e-01	-3.631768e-03	1.306836e+00	-1.086140e-01
2.180265e+00	-1.191210e-01	1.241792e-01	9.600109e-01	-6.581527e-04
2.186548e+00	5.265816e-02	-3.856946e-02	9.600103e-01	-9.248173e-07
2.192832e+00	3.523490e-01	1.328108e-01	9.600102e-01	-1.533005e-09
2.199115e+00	6.552752e-01	3.014843e-01	9.600102e-01	3.382054e-08
2.205398e+00	1.087280e+00	3.043129e-02	9.600103e-01	2.019367e-09
2.211681e+00	1.104426e+00	8.094989e-03	9.600103e-01	-2.321338e-08
2.217964e+00	1.121236e+00	-1.447343e-02	9.600103e-01	1.996317e-08
2.224248e+00	1.113178e+00	-2.171491e-03	9.600102e-01	4.324482e-06
2.230531e+00	1.105819e+00	6.251486e-03	9.599927e-01	3.285267e-03
2.236814e+00	1.098711e+00	1.514994e-02	1.905379e-01	-6.879496e-02
2.243097e+00	1.129607e+00	5.493637e-02	2.850941e-01	4.417172e-02
2.249380e+00	1.124973e+00	-8.611117e-03	2.125414e-01	2.209394e-03
2.255664e+00	1.119195e+00	-7.598560e-02	2.542596e-01	-2.204175e-02
2.261947e+00	1.183370e+00	3.500827e-01	-4.706246e-01	8.229928e-01
2.268230e+00	8.845694e-01	2.207548e-01	-7.097716e-01	-2.036588e-03
2.274513e+00	5.835483e-01	1.052092e-01	-7.087689e-01	2.420061e-02
2.280796e+00	2.805087e-01	3.463807e-03	-3.929774e-01	1.300923e-01
2.287079e+00	-7.809439e-03	-9.738018e-03	-4.132223e-02	4.388444e-02
2.293363e+00	-2.126198e-01	3.410669e-02	1.294902e-01	4.707441e-02
2.299646e+00	-4.166182e-01	7.909052e-02	4.494138e-01	1.339221e-01
2.305929e+00	-3.672566e-01	-2.872582e-02	1.340527e+00	-5.529329e-02
2.312212e+00	-1.345656e-01	-5.051533e-02	1.300599e+00	-9.151071e-05
2.318495e+00	9.754551e-02	-8.971670e-02	1.300599e+00	-9.376305e-08
2.324779e+00	4.190866e-01	9.198623e-02	1.300599e+00	3.331383e-08
2.331062e+00	8.024511e-01	-1.117895e-01	1.300599e+00	5.986418e-10
2.337345e+00	1.181756e+00	-3.458367e-01	1.300599e+00	-2.964918e-08
2.343628e+00	1.271777e+00	1.167155e-01	1.300599e+00	-2.407649e-08
2.349911e+00	1.256941e+00	6.053739e-02	1.300599e+00	1.610546e-08
2.356194e+00	1.241211e+00	1.134664e-02	1.300599e+00	4.782708e-08
2.362478e+00	1.223960e+00	-1.134125e-03	1.300599e+00	4.175687e-08
2.368761e+00	1.216740e+00	4.291587e-03	1.300599e+00	2.007089e-05
2.375044e+00	1.209721e+00	9.898894e-03	1.300214e+00	1.544645e-02
2.381327e+00	1.231475e+00	1.564221e-02	9.111953e-01	1.358514e-01
2.387610e+00	1.199650e+00	1.535169e-02	3.442417e-01	3.711973e-02
2.393894e+00	1.167923e+00	1.578254e-02	2.941377e-01	-6.357974e-03
2.400177e+00	1.455565e+00	7.293913e-02	4.036886e-01	-3.936173e-02
2.406460e+00	1.194466e+00	5.456171e-02	-8.504106e-01	1.447731e-01
2.412743e+00	9.331616e-01	3.927299e-02	-3.101575e-01	1.150676e-01
2.419026e+00	6.716575e-01	2.707355e-02	-3.533833e-02	4.148242e-02
2.425310e+00	1.053122e-01	-4.966438e-02	1.343813e-01	4.906065e-02
2.431593e+00	-1.461452e-01	1.541641e-01	4.888677e-01	1.581631e-01
2.437876e+00	-3.937585e-01	3.604727e-01	1.167362e+00	2.483388e-03
2.444159e+00	-8.473518e-02	1.350013e-01	1.166208e+00	3.036938e-06
2.450442e+00	8.736261e-02	1.597197e-01	1.166208e+00	-1.114584e-08
2.456725e+00	2.599378e-01	1.846113e-01	1.166208e+00	-1.144075e-08
2.463009e+00	9.816713e-01	2.550080e-01	1.166208e+00	1.121334e-08
2.469292e+00	1.087504e+00	-2.594331e-02	1.166208e+00	1.710739e-08
2.475575e+00	1.188054e+00	-3.147452e-01	1.166208e+00	-3.128914e-09
2.481858e+00	1.258198e+00	2.819530e-03	1.166208e+00	-2.023839e-08
2.488141e+00	1.219192e+00	9.035516e-03	1.166208e+00	-7.082933e-09
2.494425e+00	1.180405e+00	1.581908e-02	1.166208e+00	2.070761e-08
2.500708e+00	1.194793e+00	8.732267e-03	1.166208e+00	1.974409e-08
2.506991e+00	1.186855e+00	7.522451e-03	1.166208e+00	6.711362e-08
2.513274e+00	1.178990e+00	6.610234e-03	1.166208e+00	6.853676e-05
2.519557e+00	1.185628e+00	5.898076e-03	1.159340e+00	5.164866e-02
2.525840e+00	1.186454e+00	-4.246399e-03	5.308695e-01	1.409883e-01
2.532124e+00	1.187163e+00	-1.636762e-02	2.801625e-01	2.055453e-02
2.538407e+00	1.187719e+00	-3.046532e-02	2.734206e-01	1.584597e-02
2.544690e+00	1.139221e+00	5.618737e-02	4.345592e-01	1.824122e-01
2.550973e+00	1.026003e+00	-1.332025e-01	-2.199196e-01	1.674152e-01
2.557256e+00	9.092509e-01	-3.269293e-01	9.393702e-02	6.556830e-02
2.563540e+00	3.681621e-01	1.057704e-02	5.425965e-01	1.872304e-01
2.569823e+00	1.240724e-01	2.572119e-01	1.040049e+00	9.981379e-03
2.576106e+00	-1.153163e-01	5.091973e-01	1.040353e+00	1.305764e-05
2.582389e+00	1.327617e-01	2.913414e-02	1.040353e+00	3.193924e-08
2.588672e+00	4.533250e-01	6.403202e-02	1.040354e+00	-7.337456e-09
2.594956e+00	7.743699e-01	7.599646e-02	1.040354e+00	-1.151505e-08
2.601239e+00	1.028460e+00	7.203249e-02	1.040353e+00	5.815148e-11
2.607522e+00	1.076902e+00	6.663562e-03	1.040353e+00	7.986311e-09
2.613805e+00	1.124191e+00	-5.923943e-02	1.040353e+00	3.510423e-09
2.620088e+00	1.110699e+00	1.186062e-03	1.040354e+00	-4.336089e-09
2.626371e+00	1.108456e+00	-7.509967e-04	1.040354e+00	-4.710014e-09
2.632655e+00	1.106264e+00	-2.566759e-03	1.040353e+00	1.164672e-09
2.638938e+00	1.098255e+00	-4.326233e-03	1.040353e+00	4.744445e-09
2.645221e+00	1.098880e+00	-3.940252e-03	1.040353e+00	2.202109e-09
2.651504e+00	1.099596e+00	-3.796386e-03	1.040354e+00	7.314132e-08
2.657787e+00	1.092780e+00	-5.209917e-03	1.040353e+00	6.000590e-05
2.664071e+00	1.098327e+00	-5.206439e-03	1.042691e+00	5.700652e-02
2.670354e+00	1.103958e+00	-5.512976e-03	3.051008e-01	-1.703662e-02
2.676637e+00	1.109667e+00	-6.131122e-03	1.905894e-01	4.870486e-02
2.682920e+00	1.099473e+00	-1.459601e-03	2.856760e-01	7.653946e-02
2.689203e+00	1.090648e+00	-1.755385e-02	5.601472e-01	5.363961e-01
2.695486e+00	1.081605e+00	-3.366533e-02	5.958937e-01	1.370437e-01
2.701770e+00	4.479290e-01	1.132495e-01	9.502231e-01	6.711688e-03
2.708053e+00	2.496883e-01	3.211747e-01	9.503001e-01	8.801466e-06
2.714336e+00	5.543700e-02	5.350591e-01	9.503000e-01	-1.498060e-08
2.720619e+00	4.877066e-01	2.749683e-01	9.503000e-01	-3.959885e-08
2.726902e+00	7.160271e-01	1.898523e-02	9.503000e-01	-2.544448e-09
2.733186e+00	9.394395e-01	-2.520963e-01	9.503000e-01	2.991780e-08
2.739469e+00	1.050790e+00	3.213290e-02	9.503000e-01	1.903947e-08
2.745752e+00	1.054881e+00	1.664259e-02	9.503000e-01	-1.624950e-08
2.752035e+00	1.058783e+00	3.164331e-03	9.503000e-01	-2.748438e-08
2.758318e+00	1.053127e+00	-7.338371e-04	9.503000e-01	2.649487e-10
2.764602e+00	1.050345e+00	6.598435e-04	9.503000e-01	2.850628e-08
2.770885e+00	1.047672e+00	2.183067e-03	9.503000e-01	1.550827e-08
2.777168e+00	1.056978e+00	-6.731358e-03	9.503000e-01	-2.429486e-08
2.783451e+00	1.051891e+00	-1.523891e-03	9.503000e-01	-3.367073e-08
2.789734e+00	1.046985e+00	3.563202e-03	9.503000e-01	-2.611565e-06
2.796017e+00	1.073822e+00	1.968568e-03	9.502937e-01	-2.022105e-03
2.802301e+00	1.064706e+00	-4.325873e-04	5.327557e-01	9.479750e-03
2.808584e+00	1.055623e+00	-3.567528e-03	5.460919e-01	4.349433e-01
2.814867e+00	1.046556e+00	-7.437267e-03	2.321945e-01	2.409475e-01
2.821150e+00	9.571456e-01	1.280930e-01	3.227711e-01	2.663827e-01
2.827433e+00	8.240734e-01	-2.676925e-02	6.345851e-01	1.268963e-02
2.833717e+00	6.882937e-01	-1.656197e-01	1.626039e+00	1.098696e-01
2.840000e+00	4.664265e-01	1.676463e-01	9.298607e-01	2.591671e-03
2.846283e+00	4.668131e-01	4.106867e-01	9.298484e-01	3.469522e-06
2.852566e+00	4.717949e-01	6.514150e-01	9.298484e-01	8.023602e-08
2.858849e+00	5.501700e-01	-1.144257e-01	9.298485e-01	-1.040424e-08
2.865133e+00	6.377172e-01	-4.472087e-02	9.298485e-01	-5.277111e-08
2.871416e+00	7.265883e-01	2.070206e-02	9.298485e-01	-2.456848e-08
2.877699e+00	9.764815e-01	7.537558e-02	9.298484e-01	2.516990e-08
2.883982e+00	1.000806e+00	2.916183e-02	9.298484e-01	3.876919e-08
2.890265e+00	1.024341e+00	-1.665674e-02	9.298485e-01	5.376298e-09
2.896548e+00	1.017694e+00	-4.378209e-03	9.298485e-01	-3.576718e-08
2.902832e+00	1.017411e+00	-2.158173e-03	9.298484e-01	-3.545015e-08
2.909115e+00	1.017249e+00	-9.116612e-06	9.298484e-01	1.675106e-08
2.915398e+00	1.018196e+00	1.703735e-04	9.298485e-01	5.283586e-08
2.921681e+00	1.018566e+00	7.485389e-04	9.298486e-01	-1.169491e-05
2.927964e+00	1.019027e+00	1.309213e-03	9.297363e-01	-8.982057e-03
2.934248e+00	1.019579e+00	1.850789e-03	6.923962e-01	8.483610e-02
2.940531e+00	1.021898e+00	1.374147e-02	3.324135e-01	-1.057215e-02
2.946814e+00	1.004398e+00	-1.897082e-02	3.924472e-01	1.836516e-02
2.953097e+00	9.863575e-01	-5.195424e-02	3.525283e-01	5.208303e-01
2.959380e+00	7.618192e-01	5.246800e-02	3.381738e-01	5.647168e-01
2.965663e+00	4.747945e-01	1.264868e-01	5.945774e-01	-7.324091e-04
2.971947e+00	1.894151e-01	2.240622e-01	8.708105e-01	-1.225937e-01
2.978230e+00	8.704810e-01	3.750414e-01	9.719906e-01	3.241123e-01
2.984513e+00	9.844932e-01	1.715198e-02	8.126568e-01	5.117327e-04
2.990796e+00	1.091488e+00	-3.781200e-01	8.126557e-01	6.527499e-07
2.997079e+00	4.560717e-01	-4.262055e-01	8.126557e-01	-2.774945e-08
3.003363e+00	4.240591e-01	-1.016960e-01	8.126558e-01	2.297187e-08
3.009646e+00	3.981381e-01	2.167088e-01	8.126558e-01	3.299484e-08
3.015929e+00	6.276500e-01	3.397547e-02	8.126558e-01	-1.434547e-08
3.022212e+00	7.114835e-01	-1.597546e-02	8.126557e-01	-4.404987e-08
3.028495e+00	7.944003e-01	-6.908790e-02	8.126557e-01	-5.130956e-09
3.034779e+00	8.144420e-01	1.273834e-02	8.126558e-01	5.262577e-08
3.041062e+00	8.029242e-01	1.199452e-02	8.126558e-01	3.613941e-08
3.047345e+00	7.914749e-01	1.324316e-02	8.126558e-01	-1.186843e-07
3.053628e+00	7.816627e-01	-3.056012e-03	8.126557e-01	-4.313430e-05
3.059911e+00	7.922700e-01	-3.358327e-03	8.112949e-01	-3.293881e-02
3.066194e+00	8.029304e-01	-3.989856e-03	5.089820e-01	-1.139784e-01
3.072478e+00	8.136398e-01	-4.951685e-03	2.692299e-01	-3.539730e-03
3.078761e+00	7.659603e-01	1.165988e-01	3.325835e-01	3.547698e-02
3.085044e+00	7.287836e-01	-4.424791e-02	6.662301e-01	1.846881e-01
3.091327e+00	6.886722e-01	-2.007876e-01	1.774280e+00	1.922501e-01
3.097610e+00	3.073870e-01	-9.025831e-02	7.818592e-01	1.631637e-01
3.103894e+00	3.837323e-01	1.400871e-01	4.508309e-01	2.612390e-02
3.110177e+00	4.644834e-01	3.738965e-01	4.715268e-01	-3.753666e-02
3.116460e+00	1.465556e+00	5.080153e-01	8.079310e-01	-7.515348e-02
3.122743e+00	1.519811e+00	-4.919391e-03	6.959412e-01	7.325031e-02
3.129026e+00	1.564366e+00	-5.342027e-01	6.899295e-01	9.619961e-05
3.135309e+00	6.067202e-01	-1.610138e-02	6.899295e-01	3.031764e-08
3.141593e+00	3.828645e-01	6.544361e-02	6.899295e-01	-7.996031e-08
3.147876e+00	1.606562e-01	1.553302e-01	6.899295e-01	1.670905e-08
3.154159e+00	3.947112e-01	-8.371222e-03	6.899295e-01	7.238768e-08
3.160442e+00	4.486546e-01	-1.129372e-02	6.899295e-01	3.609472e-08
3.166725e+00	5.025650e-01	-1.548542e-02	6.899296e-01	-4.829457e-08
3.173009e+00	5.303210e-01	4.824868e-04	6.899295e-01	-8.266527e-08
3.179292e+00	5.266757e-01	1.357094e-03	6.899294e-01	-1.856109e-07
3.185575e+00	5.230889e-01	2.273216e-03	6.899296e-01	-1.470011e-04
3.191858e+00	5.279396e-01	1.437959e-02	6.755056e-01	-1.112519e-01
3.198141e+00	5.241995e-01	-3.167434e-03	3.178787e-01	-8.682288e-02
3.204425e+00	5.201536e-01	-2.249013e-02	1.598007e-01	-9.829142e-03
3.210708e+00	5.157677e-01	-4.358606e-02	1.605048e-01	1.020132e-02
3.216991e+00	4.207018e-01	6.588699e-02	3.202979e-01	8.794029e-02
3.223274e+00	3.013717e-01	5.581928e-03	6.839338e-01	1.138977e-01
3.229557e+00	1.810233e-01	-4.423368e-02	6.990346e-01	-1.726557e-03
3.235840e+00	1.532309e-01	-1.239955e-01	1.485049e+00	-1.002867e-01
3.242124e+00	3.209862e-01	5.584534e-03	2.551615e-01	4.449669e-02
3.248407e+00	4.910933e-01	1.225258e-01	1.683792e-01	3.665104e-03
3.254690e+00	6.578280e-01	5.222323e-02	2.075165e-01	-2.521181e-02
3.260973e+00	6.408157e-01	-2.647332e-02	3.094661e-01	-4.707814e-01
3.267256e+00	6.223440e-01	-1.080158e-01	9.009808e-02	1.294563e-02
3.273540e+00	3.942259e-01	-1.941605e-02	8.991103e-02	1.682761e-05
3.279823e+00	2.351370e-01	7.026396e-02	8.991118e-02	2.652698e-08
3.286106e+00	7.782916e-02	1.674164e-01	8.991117e-02	6.891487e-09
3.292389e+00	6.767374e-02	-3.724689e-02	8.991107e-02	-3.896251e-08
3.298672e+00	7.966045e-02	-2.014411e-02	8.991100e-02	-2.248066e-08
3.304955e+00	9.195714e-02	-4.978416e-03	8.991104e-02	6.178214e-08
3.311239e+00	1.096165e-01	9.704791e-03	8.991118e-02	-4.671911e-07
3.317522e+00	1.103098e-01	5.006449e-03	8.991151e-02	-4.197232e-04
3.323805e+00	1.109260e-01	6.031597e-04	-2.947627e-02	-2.812801e-01
3.330088e+00	1.133393e-01	6.724647e-03	2.007214e-02	-1.781558e-02
3.336371e+00	1.093744e-01	6.566308e-04	2.425023e-02	2.201337e-03
3.342655e+00	1.053040e-01	-5.417868e-03	3.596541e-02	4.154347e-03
3.348938e+00	1.011272e-01	-1.149803e-02	1.644825e-01	3.265731e-02
3.355221e+00	5.595996e-02	-2.673035e-02	2.105672e-01	3.691682e-02
3.361504e+00	5.944702e-02	5.959198e-03	2.122140e-01	4.837449e-05
3.367787e+00	6.356312e-02	3.951819e-02	2.122140e-01	-1.683892e-05
3.374071e+00	2.077368e-01	5.182626e-02	2.124277e-01	-1.306720e-02
3.380354e+00	3.036194e-01	-1.062122e-02	1.294901e-01	5.681005e-01
3.386637e+00	3.982788e-01	-8.068260e-02	7.540695e-02	1.188697e-02
3.392920e+00	4.455853e-01	3.932068e-02	5.730891e-02	-1.530066e-03
3.399203e+00	4.336298e-01	8.215560e-03	9.663784e-02	-1.607266e-02
3.405486e+00	4.211371e-01	-2.132903e-02	1.069168e+00	2.218155e-01
3.411770e+00	3.492342e-01	3.567488e-02	2.283882e-01	1.964244e-03
3.418053e+00	2.316622e-01	3.809319e-02	2.283815e-01	2.492576e-06
3.424336e+00	1.141926e-01	4.435594e-02	2.283815e-01	9.270370e-08
3.430619e+00	5.305563e-02	-5.863273e-03	2.283815e-01	8.964329e-08
3.436902e+00	1.190473e-01	-1.383935e-02	2.283816e-01	-3.348066e-08
3.443186e+00	1.848799e-01	-2.349282e-02	2.283815e-01	-1.851279e-06
3.449469e+00	2.499931e-01	-8.883255e-03	2.283807e-01	-1.310014e-03
3.455752e+00	2.442238e-01	-2.569304e-03	-3.796973e-01	-3.641699e-01
3.462035e+00	2.385912e-01	3.549119e-03	3.097948e-02	-1.981100e-02
3.468318e+00	2.330905e-01	9.470696e-03	-1.452342e-02	-1.136984e-02
3.474601e+00	2.305112e-01	4.223458e-02	-7.930820e-02	-2.397497e-02
3.480885e+00	1.872894e-01	-2.100074e-02	-1.856930e-01	-4.241828e-01
3.487168e+00	1.429169e-01	-8.125668e-02	-3.707935e-01	1.057032e-02
3.493451e+00	1.653972e-02	-3.070040e-02	-3.706374e-01	1.379951e-05
3.499734e+00	-2.128611e-02	-2.823620e-02	-3.706375e-01	-2.717209e-08
3.506017e+00	-5.907136e-02	-2.610868e-02	-3.706377e-01	-1.488563e-07
3.512301e+00	-2.224396e-01	-3.117029e-03	-3.706375e-01	-1.091701e-04
3.518584e+00	-2.133135e-01	-3.545110e-03	-3.631013e-01	-8.303997e-02
3.524867e+00	-2.042130e-01	-4.058176e-03	-2.145797e-01	-8.316969e-02
3.531150e+00	-2.171691e-01	4.555852e-03	-8.233782e-02	-4.936249e-03
3.537433e+00	-2.164092e-01	3.609159e-03	-7.789993e-02	2.038148e-03
3.543717e+00	-2.156768e-01	3.463008e-03	-1.163731e-01	2.640084e-02
3.550000e+00	-2.037846e-01	-3.049109e-02	2.944831e-01	1.965823e-01
3.556283e+00	-1.438462e-01	-2.529653e-02	2.334888e-01	2.756928e-04
3.562566e+00	-8.384102e-02	-2.205160e-02	2.334883e-01	3.495568e-07
3.568849e+00	-2.931926e-02	4.867572e-03	2.334881e-01	-2.998883e-08
3.575132e+00	5.482113e-03	-6.720380e-03	2.334881e-01	-4.713070e-06
3.581416e+00	4.005315e-02	-1.947402e-02	2.334748e-01	-3.670783e-03
3.587699e+00	7.380949e-02	2.544762e-02	-4.436411e-01	3.093137e-01
3.593982e+00	7.659552e-02	1.093291e-02	2.267156e-02	-1.530202e-02
3.600265e+00	7.911539e-02	-3.426455e-03	-3.090283e-02	-1.388513e-02
3.606548e+00	8.137251e-02	-1.762823e-02	-1.172210e-01	-3.402801e-02
3.612832e+00	5.671087e-02	2.960332e-02	-9.637793e-01	-4.212337e-01
3.619115e+00	5.758075e-03	1.803838e-03	-4.541692e-01	3.113193e-03
3.625398e+00	-4.568965e-02	-2.276013e-02	-4.541564e-01	3.957496e-06
3.631681e+00	-1.214667e-01	4.626132e-02	-4.541564e-01	4.555605e-08
3.637964e+00	-3.194031e-01	5.842567e-02	-4.541564e-01	9.582235e-08
3.644247e+00	-5.169934e-01	8.613000e-02	-4.541564e-01	1.866743e-08
3.650531e+00	-5.537230e-01	-3.122388e-02	-4.541564e-01	-9.311132e-07
3.656814e+00	-5.606145e-01	-8.312211e-03	-4.541551e-01	-6.206333e-04
3.663097e+00	-5.671264e-01	1.375626e-02	-2.416377e-01	-3.760673e-01
3.669380e+00	-5.635880e-01	-7.054878e-04	-1.495166e-01	-5.036784e-02
3.675663e+00	-5.630018e-01	-1.011909e-02	-9.808006e-02	-3.767626e-03
3.681947e+00	-5.626419e-01	-1.999988e-02	-1.003905e-01	3.817500e-03
3.688230e+00	-6.349310e-01	-1.528112e-01	-2.084238e-01	-1.583741e-01
3.694513e+00	-4.978302e-01	-8.002764e-02	7.133779e-01	2.433056e-02
3.700796e+00	-3.594565e-01	-1.311769e-02	7.119637e-01	3.195952e-05
3.707079e+00	-1.634935e-01	-1.506931e-02	7.119637e-01	-1.386674e-05
3.713363e+00	-2.239797e-02	-2.381967e-02	7.118259e-01	-1.068540e-02
3.719646e+00	1.184979e-01	-3.537961e-02	5.267251e-01	1.640475e-01
3.725929e+00	2.822309e-01	-1.333506e-02	8.988388e-02	-4.361796e-02
3.732212e+00	3.611661e-01	-1.468684e-02	-5.678531e-02	-3.543126e-02
3.738495e+00	4.400868e-01	-1.736603e-02	-2.730638e-01	-8.371051e-02
3.744778e+00	5.189833e-01	-2.137276e-02	-1.318166e+00	1.138984e-01
3.751062e+00	1.027504e-01	-5.848329e-02	-9.614268e-01	6.791231e-04
3.757345e+00	-5.412476e-02	-8.920858e-02	-9.614261e-01	9.541650e-07
3.763628e+00	-2.116031e-01	-1.214785e-01	-9.614261e-01	2.004513e-09
3.769911e+00	-6.928705e-01	-1.989016e-01	-9.614261e-01	-3.468825e-08
3.776194e+00	-9.241398e-01	5.507848e-02	-9.614261e-01	-2.509019e-09
3.782478e+00	-1.150556e+00	3.242728e-01	-9.614262e-01	2.355040e-08
3.788761e+00	-1.153546e+00	-6.240274e-03	-9.614261e-01	-2.006773e-08
3.795044e+00	-1.122650e+00	-1.779129e-02	-9.614260e-01	-4.412770e-06
3.801327e+00	-1.092083e+00	-3.186552e-02	-9.614082e-01	-3.352607e-03
3.807610e+00	-1.120156e+00	1.442835e-02	-1.767135e-01	7.371794e-02
3.813893e+00	-1.106505e+00	6.640347e-04	-2.851966e-01	-4.415591e-02
3.820177e+00	-1.093199e+00	-1.284817e-02	-2.127336e-01	-2.208840e-03
3.826460e+00	-1.177404e+00	-8.045086e-02	-2.543783e-01	2.201265e-02
3.832743e+00	-1.062626e+00	-3.167728e-02	4.789039e-01	-8.333452e-01
3.839026e+00	-9.470369e-01	1.492258e-02	7.090753e-01	2.148223e-03
3.845309e+00	-5.931483e-01	-2.247660e-02	7.080462e-01	-2.477011e-02
3.851593e+00	-3.004104e-01	-5.902092e-02	3.934446e-01	-1.299327e-01
3.857876e+00	-8.496827e-03	-1.058620e-01	4.095690e-02	-4.382506e-02
3.864159e+00	2.824548e-01	-1.629919e-01	-1.298162e-01	-4.710882e-02
3.870442e+00	3.214220e-01	1.111196e-01	-4.501016e-01	-1.338301e-01
3.876725e+00	2.862614e-01	-1.031903e-01	-1.343537e+00	5.990507e-02
3.883009e+00	2.471558e-01	-3.097640e-01	-1.301577e+00	9.844822e-05
3.889292e+00	-1.011204e-01	-8.161106e-03	-1.301577e+00	1.016971e-07
3.895575e+00	-4.072838e-01	-1.860592e-01	-1.301577e+00	-3.468698e-08
3.901858e+00	-7.168200e-01	-3.617794e-01	-1.301577e+00	-5.942782e-10
3.908141e+00	-1.188082e+00	-1.437214e-02	-1.301577e+00	3.074000e-08
3.914424e+00	-1.211574e+00	-6.802152e-04	-1.301577e+00	2.485819e-08
3.920708e+00	-1.234897e+00	1.374804e-02	-1.301577e+00	-1.667435e-08
3.926991e+00	-1.242869e+00	-1.542791e-02	-1.301577e+00	-4.931078e-08
3.933274e+00	-1.230307e+00	-1.277163e-02	-1.301577e+00	-4.285925e-08
3.939557e+00	-1.217799e+00	-1.087511e-02	-1.301577e+00	-2.060159e-05
3.945840e+00	-1.220803e+00	-6.501980e-03	-1.301180e+00	-1.585513e-02
3.952124e+00	-1.217135e+00	-6.411472e-03	-9.150777e-01	-1.328462e-01
3.958407e+00	-1.213560e+00	-6.213356e-03	-3.442764e-01	-3.708435e-02
3.964690e+00	-1.272245e+00	-1.683344e-01	-2.942199e-01	6.345657e-03
3.970973e+00	-1.195967e+00	-2.238628e-02	-4.035050e-01	3.943182e-02
3.977256e+00	-1.117022e+00	1.249986e-01	8.594406e-01	-1.393566e-01
3.983539e+00	-9.422948e-01	-2.236232e-01	3.106741e-01	-1.152934e-01
3.989823e+00	-5.748570e-01	-1.490872e-01	3.537054e-02	-4.149453e-02
3.996106e+00	-2.061997e-01	-8.718556e-02	-1.344867e-01	-4.912167e-02
4.002389e+00	1.635097e-01	-3.792783e-02	-4.889966e-01	-1.581302e-01
4.008672e+00	2.708389e-01	-1.431516e-02	-1.167976e+00	-7.690181e-04
4.014955e+00	1.668109e-01	-8.303404e-02	-1.166581e+00	-7.681027e-07
4.021239e+00	6.165181e-02	-1.352943e-01	-1.166581e+00	1.358774e-08
4.027522e+00	-4.492526e-01	-1.033368e-01	-1.166581e+00	1.263699e-08
4.033805e+00	-7.864704e-01	8.178132e-02	-1.166581e+00	-1.043569e-08
4.040088e+00	-1.120016e+00	2.938476e-01	-1.166581e+00	-1.761479e-08
4.046371e+00	-1.187836e+00	-7.663258e-02	-1.166581e+00	2.301922e-09
4.052655e+00	-1.209793e+00	-1.563518e-02	-1.166581e+00	2.028298e-08
4.058938e+00	-1.230728e+00	4.189430e-02	-1.166581e+00	7.787268e-09
4.065221e+00	-1.203035e+00	-1.594704e-04	-1.166581e+00	-2.052317e-08
4.071504e+00	-1.196435e+00	-4.405135e-03	-1.166581e+00	-2.030074e-08
4.077787e+00	-1.190017e+00	-9.456064e-03	-1.166581e+00	-7.115713e-08
4.084070e+00	-1.192031e+00	-6.240950e-03	-1.166581e+00	-7.173567e-05
4.090354e+00	-1.177302e+00	-7.779219e-03	-1.159307e+00	-5.404419e-02
4.096637e+00	-1.162699e+00	-9.729070e-03	-5.310025e-01	-1.415252e-01
4.102920e+00	-1.240662e+00	-1.949588e-02	-2.797871e-01	-2.066287e-02
4.109203e+00	-1.209254e+00	-9.709476e-03	-2.732203e-01	-2.101321e-02
4.115486e+00	-1.177759e+00	1.854064e-06	-4.353021e-01	-1.823043e-01
4.121770e+00	-1.158187e+00	-5.253574e-03	2.183397e-01	-1.644835e-01
4.128053e+00	-7.743549e-01	-7.824349e-02	-9.439212e-02	-6.550707e-02
4.134336e+00	-3.920706e-01	-1.604899e-01	-5.419445e-01	-1.872620e-01
4.140619e+00	-1.143392e-02	-2.519788e-01	-1.040267e+00	-9.407582e-03
4.146902e+00	-1.862785e-02	-2.192543e-01	-1.040545e+00	-1.230587e-05
4.153185e+00	-7.389531e-02	-2.573654e-01	-1.040545e+00	-2.960436e-08
4.159469e+00	-1.299000e-01	-2.966727e-01	-1.040545e+00	6.806781e-09
4.165752e+00	-9.627907e-01	-2.274673e-01	-1.040545e+00	1.040029e-08
4.172035e+00	-1.048056e+00	6.130580e-02	-1.040545e+00	-3.505542e-10
4.178318e+00	-1.127885e+00	3.584872e-01	-1.040545e+00	-7.274630e-09
4.184601e+00	-1.091789e+00	-4.792402e-04	-1.040545e+00	-2.709143e-09
4.190885e+00	-1.093943e+00	1.025910e-04	-1.040545e+00	4.258342e-09
4.197168e+00	-1.096171e+00	7.067542e-04	-1.040545e+00	3.744093e-09
4.203451e+00	-1.094189e+00	1.032424e-03	-1.040545e+00	-1.912191e-09
4.209734e+00	-1.095069e+00	6.465703e-04	-1.040545e+00	-4.053439e-09
4.216017e+00	-1.096041e+00	3.522293e-04	-1.040545e+00	-3.910850e-10
4.222301e+00	-1.097024e+00	-8.152657e-05	-1.040545e+00	-9.840460e-08
4.228584e+00	-1.094796e+00	-1.820182e-03	-1.040545e+00	-7.964116e-05
4.234867e+00	-1.092688e+00	-3.599424e-03	-1.034015e+00	-6.439686e-02
4.241150e+00	-1.107991e+00	-4.113366e-02	-3.120466e-01	1.107594e-02
4.247433e+00	-1.104451e+00	1.423213e-02	-1.906175e-01	-4.856620e-02
4.253716e+00	-1.099908e+00	7.467412e-02	-2.856883e-01	-7.662280e-02
4.260000e+00	-1.094264e+00	1.401841e-01	-5.649021e-01	-5.404701e-01
4.266283e+00	-8.695778e-01	-2.487747e-01	-5.953539e-01	-1.419868e-01
4.272566e+00	-5.748580e-01	-2.924199e-01	-9.501975e-01	-6.518419e-03
4.278849e+00	-2.812393e-01	-3.622967e-01	-9.502718e-01	-8.548234e-06
4.285132e+00	-1.277176e-01	-1.449699e-01	-9.502717e-01	1.421072e-08
4.291416e+00	-4.024765e-01	-1.530297e-01	-9.502717e-01	3.868221e-08
4.297699e+00	-6.772582e-01	-1.431287e-01	-9.502717e-01	2.974049e-09
4.303982e+00	-9.471537e-01	-5.580910e-02	-9.502717e-01	-2.900715e-08
4.310265e+00	-1.018788e+00	1.849322e-02	-9.502717e-01	-1.898184e-08
4.316548e+00	-1.089084e+00	9.475537e-02	-9.502717e-01	1.543878e-08
4.322831e+00	-1.058321e+00	2.229394e-04	-9.502717e-01	2.700137e-08
4.329115e+00	-1.053244e+00	-2.112531e-03	-9.502717e-01	3.013159e-10
4.335398e+00	-1.048299e+00	-4.856830e-03	-9.502717e-01	-2.768042e-08
4.341681e+00	-1.047798e+00	1.240381e-03	-9.502717e-01	-1.570563e-08
4.347964e+00	-1.048439e+00	9.844127e-04	-9.502717e-01	2.316924e-08
4.354247e+00	-1.049167e+00	8.338136e-04	-9.502717e-01	3.325520e-08
4.360531e+00	-1.049592e+00	-1.183414e-03	-9.502717e-01	2.531854e-06
4.366814e+00	-1.049209e+00	4.218582e-04	-9.502656e-01	1.959620e-03
4.373097e+00	-1.048879e+00	2.047462e-03	-5.440475e-01	-3.855030e-03
4.379380e+00	-1.047295e+00	-4.332438e-03	-5.408636e-01	-4.244589e-01
4.385663e+00	-1.031192e+00	-6.914424e-03	-2.321873e-01	-2.407923e-01
4.391947e+00	-1.015226e+00	-1.013045e-02	-3.227345e-01	-2.664895e-01
4.398230e+00	-9.994058e-01	-1.397848e-02	-6.430290e-01	-1.890355e-02
4.404513e+00	-6.220396e-01	9.701321e-02	-1.611015e+00	-1.133472e-01
4.410796e+00	-5.241013e-01	-2.199588e-01	-9.302226e-01	-2.530487e-03
4.417079e+00	-4.321974e-01	-5.394485e-01	-9.302106e-01	-3.387577e-06
4.423362e+00	-5.008604e-01	-4.440976e-01	-9.302106e-01	-7.839428e-08
4.429646e+00	-5.326571e-01	-1.483095e-01	-9.302106e-01	1.015896e-08
4.435929e+00	-5.588456e-01	1.556373e-01	-9.302106e-01	5.160078e-08
4.442212e+00	-7.256562e-01	5.930907e-02	-9.302106e-01	2.401068e-08
4.448495e+00	-8.905342e-01	7.964475e-02	-9.302106e-01	-2.463911e-08
4.454778e+00	-1.055021e+00	1.084178e-01	-9.302106e-01	-3.788999e-08
4.461062e+00	-1.031493e+00	1.801546e-02	-9.302106e-01	-5.197485e-09
4.467345e+00	-1.028744e+00	-4.993436e-03	-9.302106e-01	3.496887e-08
4.473628e+00	-1.026527e+00	-2.978586e-02	-9.302106e-01	3.456474e-08
4.479911e+00	-1.013484e+00	2.672535e-03	-9.302105e-01	-1.641917e-08
4.486194e+00	-1.015703e+00	1.148571e-03	-9.302106e-01	-5.149464e-08
4.492477e+00	-1.018030e+00	-2.733351e-04	-9.302107e-01	1.145285e-05
4.498761e+00	-1.027759e+00	2.754000e-02	-9.301010e-01	8.796030e-03
4.505044e+00	-1.029954e+00	1.505830e-02	-6.916948e-01	-7.864124e-02
4.511327e+00	-1.032444e+00	4.850716e-03	-3.328063e-01	1.058392e-02
4.517610e+00	-1.105344e+00	-3.340158e-01	-3.936352e-01	-1.967148e-02
4.523893e+00	-9.015090e-01	-1.461518e-01	-3.552674e-01	-5.203554e-01
4.530177e+00	-6.943732e-01	2.516727e-02	-3.449924e-01	-5.586107e-01
4.536460e+00	-4.842085e-01	1.799152e-01	-5.936258e-01	9.191951e-04
4.542743e+00	-4.596986e-01	1.015542e-01	-8.697654e-01	1.228544e-01
4.549026e+00	-7.331656e-01	-2.633280e-01	-9.697303e-01	-3.176881e-01
4.555309e+00	-1.013523e+00	-6.225513e-01	-8.137924e-01	-5.014245e-04
4.561593e+00	-1.142881e+00	-8.475414e-02	-8.137913e-01	-6.394768e-07
4.567876e+00	-6.291637e-01	-1.640719e-01	-8.137914e-01	2.737446e-08
4.574159e+00	-1.170892e-01	-2.548836e-01	-8.137914e-01	-2.247647e-08
4.580442e+00	-4.782227e-01	-4.365834e-02	-8.137915e-01	-3.250049e-08
4.586725e+00	-6.322831e-01	2.457464e-02	-8.137915e-01	1.390984e-08
4.593008e+00	-7.850686e-01	9.698218e-02	-8.137914e-01	4.324994e-08
4.599292e+00	-7.964298e-01	1.363063e-03	-8.137914e-01	5.236983e-09
4.605575e+00	-8.039699e-01	5.920553e-03	-8.137914e-01	-5.153170e-08
4.611858e+00	-8.114831e-01	1.093207e-02	-8.137915e-01	-3.562733e-08
4.618141e+00	-8.049852e-01	3.611462e-03	-8.137915e-01	1.162952e-07
4.624424e+00	-8.034685e-01	1.113003e-03	-8.137914e-01	4.239026e-05
4.630708e+00	-8.020607e-01	-1.198262e-03	-8.124559e-01	3.237079e-02
4.636991e+00	-8.294245e-01	-7.118288e-02	-5.087496e-01	1.142114e-01
4.643274e+00	-7.929647e-01	-2.185653e-02	-2.696774e-01	3.616310e-03
4.649557e+00	-7.556451e-01	2.689906e-02	-3.329468e-01	-3.550438e-02
4.655840e+00	-7.174694e-01	7.507710e-02	-6.669368e-01	-1.846012e-01
4.662123e+00	-5.094705e-01	5.996707e-02	-1.775957e+00	-1.918694e-01
4.668407e+00	-3.915219e-01	-1.433955e-02	-7.819884e-01	-1.636442e-01
4.674690e+00	-2.751177e-01	-1.012557e-01	-4.509053e-01	-2.610541e-02
4.680973e+00	-7.608107e-01	-4.383515e-02	-4.715874e-01	3.751068e-02
4.687256e+00	-1.200151e+00	2.345900e-01	-8.090915e-01	7.597003e-02
4.693539e+00	-1.633844e+00	5.669885e-01	-6.976483e-01	-7.196894e-02
4.699823e+00	-1.259728e+00	-3.344734e-01	-6.917457e-01	-9.451635e-05
4.706106e+00	-8.460250e-01	-2.893884e-01	-6.917457e-01	-2.971668e-08
4.712389e+00	-4.317685e-01	-2.692318e-01	-6.917457e-01	7.865100e-08
4.718672e+00	-2.004843e-01	3.114643e-01	-6.917456e-01	-1.643880e-08
4.724955e+00	-3.024761e-01	1.613299e-01	-6.917456e-01	-7.122188e-08
4.731239e+00	-4.071720e-01	2.698602e-02	-6.917457e-01	-3.550072e-08
4.737522e+00	-5.144113e-01	-4.276534e-02	-6.917457e-01	4.753198e-08
4.743805e+00	-5.145364e-01	-2.218243e-02	-6.917457e-01	8.131908e-08
4.750088e+00	-5.143347e-01	-3.775436e-03	-6.917456e-01	1.827723e-07
4.756371e+00	-5.117323e-01	7.278486e-05	-6.917458e-01	1.447655e-04
4.762654e+00	-5.109365e-01	6.618082e-05	-6.775554e-01	1.095617e-01
4.768938e+00	-5.101815e-01	3.587809e-05	-3.187027e-01	8.694635e-02
4.775221e+00	-5.088492e-01	-3.994599e-03	-1.603797e-01	9.892840e-03
4.781504e+00	-5.079984e-01	5.614673e-03	-1.610802e-01	-1.026296e-02
4.787787e+00	-5.070062e-01	1.527197e-02	-3.211111e-01	-8.805306e-02
4.794070e+00	-5.058715e-01	2.497651e-02	-6.859623e-01	-1.121701e-01
4.800354e+00	-1.504846e-01	4.274525e-02	-7.008187e-01	1.691798e-03
4.806637e+00	-1.509649e-01	-5.212784e-02	-1.471785e+00	9.675100e-02
4.812920e+00	-1.532620e-01	-1.488033e-01	-2.553407e-01	-4.454291e-02
4.819203e+00	-5.396882e-01	-1.176544e-01	-1.686564e-01	-3.663227e-03
4.825486e+00	-6.382465e-01	4.998445e-02	-2.077603e-01	2.520042e-02
4.831770e+00	-7.336222e-01	2.257359e-01	-3.101732e-01	4.616040e-01
4.838053e+00	-6.070214e-01	-3.181385e-02	-9.168214e-02	-1.273681e-02
4.844336e+00	-4.214129e-01	-4.441271e-02	-9.149821e-02	-1.655615e-05
4.850619e+00	-2.361100e-01	-6.090353e-02	-9.149836e-02	-2.607639e-08
4.856902e+00	-4.323725e-02	7.336439e-03	-9.149835e-02	-6.811086e-09
4.863185e+00	-6.390282e-02	5.431538e-03	-9.149825e-02	3.827716e-08
4.869469e+00	-8.460439e-02	4.034374e-03	-9.149818e-02	2.211591e-08
4.875752e+00	-1.018599e-01	-1.614842e-03	-9.149823e-02	-6.071870e-08
4.882035e+00	-1.040426e-01	-2.689829e-04	-9.149836e-02	4.596821e-07
4.888318e+00	-1.062077e-01	1.115454e-03	-9.149868e-02	4.129378e-04
4.894601e+00	-1.060451e-01	4.308658e-04	2.593089e-02	2.767445e-01
4.900885e+00	-1.063993e-01	1.931243e-03	-2.099291e-02	1.777269e-02
4.907168e+00	-1.067306e-01	3.744666e-03	-2.471673e-02	-2.159300e-03
4.913451e+00	-1.088721e-01	-1.876750e-02	-3.648052e-02	-4.227287e-03
4.919734e+00	-9.132043e-02	-1.072421e-02	-1.643782e-01	-3.288017e-02
4.926017e+00	-7.364478e-02	-4.728603e-03	-2.118676e-01	-3.633419e-02
4.932300e+00	-5.588028e-02	-7.815044e-04	-2.134878e-01	-4.761093e-05
4.938584e+00	-7.475949e-02	7.411445e-02	-2.134878e-01	1.654779e-05
4.944867e+00	-1.970096e-01	-1.129852e-02	-2.136978e-01	1.284142e-02
4.951150e+00	-3.208163e-01	-8.893248e-02	-1.307361e-01	-5.594959e-01
4.957433e+00	-4.253649e-01	-1.052388e-02	-7.550895e-02	-1.185849e-02
4.963716e+00	-4.310810e-01	6.597171e-03	-5.746808e-02	1.525714e-03
4.970000e+00	-4.364918e-01	2.548904e-02	-9.664089e-02	1.609773e-02
4.976283e+00	-4.219041e-01	-8.914434e-02	-1.055976e+00	-2.174813e-01
4.982566e+00	-3.290125e-01	-5.085046e-02	-2.296094e-01	-1.930164e-03
4.988849e+00	-2.354672e-01	-1.705435e-02	-2.296029e-01	-2.449292e-06
4.995132e+00	-8.909732e-02	1.312306e-01	-2.296028e-01	-9.117168e-08
5.001416e+00	-9.329039e-02	3.946020e-02	-2.296029e-01	-8.815733e-08
5.007699e+00	-9.919968e-02	-5.013292e-02	-2.296029e-01	3.294940e-08
5.013982e+00	-1.775004e-01	-1.963365e-02	-2.296029e-01	1.822060e-06
5.020265e+00	-2.075654e-01	1.373315e-03	-2.296021e-01	1.289393e-03
5.026548e+00	-2.372427e-01	2.314230e-02	3.687165e-01	3.587270e-01
5.032831e+00	-2.521501e-01	-1.468672e-02	-3.175853e-02	1.992835e-02
5.039115e+00	-2.439577e-01	-7.223481e-03	1.414513e-02	1.138843e-02
5.045398e+00	-2.356522e-01	-5.908780e-04	7.879847e-02	2.388102e-02
5.051681e+00	-1.957454e-01	7.942809e-02	1.860704e-01	4.178915e-01
5.057964e+00	-1.170148e-01	4.664475e-02	3.697144e-01	-1.037697e-02
5.064247e+00	-3.892220e-02	1.324133e-02	3.695610e-01	-1.354707e-05
5.070531e+00	3.853602e-02	-2.077674e-02	3.695612e-01	2.662013e-08
5.076814e+00	9.272500e-02	1.784543e-02	3.695613e-01	1.462898e-07
5.083097e+00	1.565049e-01	-2.493572e-02	3.695612e-01	1.073685e-04
5.089380e+00	2.194490e-01	-7.238553e-02	3.621517e-01	8.166985e-02
5.095663e+00	2.197617e-01	1.504844e-02	2.135497e-01	8.245592e-02
5.101946e+00	2.173866e-01	1.054080e-02	8.225091e-02	4.962183e-03
5.108230e+00	2.149558e-01	7.328959e-03	7.779745e-02	-2.054623e-03
5.114513e+00	2.203497e-01	1.574977e-02	1.161433e-01	-2.587217e-02
5.120796e+00	1.948810e-01	4.968462e-03	-2.945082e-01	-1.925807e-01
5.127079e+00	1.692302e-01	-5.203929e-03	-2.346593e-01	-2.701167e-04
5.133362e+00	8.484144e-02	1.216150e-03	-2.346587e-01	-3.422996e-07
5.139646e+00	3.821484e-02	1.028418e-02	-2.346586e-01	2.948659e-08
5.145929e+00	-8.224800e-03	2.064295e-02	-2.346586e-01	4.632779e-06
5.152212e+00	-3.951678e-02	5.221512e-03	-2.346455e-01	3.608307e-03
5.158495e+00	-6.034794e-02	5.007937e-03	4.312638e-01	-3.028260e-01
5.164778e+00	-8.118346e-02	5.185543e-03	-2.328900e-02	1.543458e-02
5.171062e+00	-9.125307e-02	-3.749524e-02	3.052032e-02	1.388415e-02
5.177345e+00	-7.798201e-02	-9.271488e-03	1.165945e-01	3.389195e-02
5.183628e+00	-6.419279e-02	1.822580e-02	9.515706e-01	4.145163e-01
5.189911e+00	-4.989647e-02	4.499231e-02	4.529408e-01	-3.049373e-03
5.196194e+00	4.719678e-02	3.770833e-03	4.529283e-01	-3.876229e-06
5.202477e+00	1.224142e-01	4.781383e-02	4.529283e-01	-4.472431e-08
5.208761e+00	1.984700e-01	9.137184e-02	4.529282e-01	-9.407134e-08
5.215044e+00	5.154435e-01	8.856320e-03	4.529282e-01	-1.830749e-08
5.221327e+00	5.303187e-01	4.805867e-03	4.529283e-01	9.145580e-07
5.227610e+00	5.451561e-01	3.520110e-04	4.529270e-01	6.095999e-04
5.233893e+00	5.814906e-01	-2.036139e-04	2.442834e-01	3.694372e-01
5.240177e+00	5.713691e-01	3.666913e-03	1.494938e-01	5.003422e-02
5.246460e+00	5.613644e-01	7.421015e-03	9.793639e-02	3.778185e-03
5.252743e+00	5.725433e-01	2.430742e-02	1.002768e-01	-3.844313e-03
5.259026e+00	5.469557e-01	-1.430593e-02	2.055828e-01	1.584708e-01
5.265309e+00	5.206649e-01	-5.490925e-02	-7.146204e-01	-2.363271e-02
5.271592e+00	3.625147e-01	3.120702e-02	-7.132392e-01	-3.104422e-05
5.277876e+00	2.039534e-01	3.152331e-02	-7.132392e-01	1.362244e-05
5.284159e+00	4.545196e-02	3.547285e-02	-7.131041e-01	1.049660e-02
5.290442e+00	-1.676528e-01	-9.400375e-02	-5.266328e-01	-1.575405e-01
5.296725e+00	-2.620461e-01	-9.613655e-03	-9.047542e-02	4.371363e-02
5.303008e+00	-3.548397e-01	7.757530e-02	5.630601e-02	3.540189e-02
5.309292e+00	-4.894195e-01	-2.325127e-01	2.720910e-01	8.354419e-02
5.315575e+00	-3.119908e-01	-1.178282e-01	1.306403e+00	-1.086563e-01
5.321858e+00	-1.325847e-01	-1.893556e-02	9.595677e-01	-6.582100e-04
5.328141e+00	4.853574e-02	6.414931e-02	9.595670e-01	-9.248948e-07
5.334424e+00	2.930080e-01	-4.885299e-02	9.595670e-01	-1.536216e-09
5.340708e+00	6.283088e-01	-3.665808e-02	9.595670e-01	3.382009e-08
5.346991e+00	9.636570e-01	-5.050457e-02	9.595671e-01	2.024063e-09
5.353274e+00	1.068380e+00	4.637706e-02	9.595671e-01	-2.321025e-08
5.359557e+00	1.111485e+00	-1.783003e-02	9.595670e-01	1.995776e-08
5.365840e+00	1.153463e+00	-8.260409e-02	9.595669e-01	4.323970e-06
5.372123e+00	1.116034e+00	-4.007451e-03	9.595495e-01	3.284879e-03
5.378407e+00	1.112758e+00	1.171670e-02	1.901951e-01	-6.885031e-02
5.384690e+00	1.109875e+00	2.829602e-02	2.849564e-01	4.414996e-02
5.390973e+00	1.154435e+00	6.303348e-02	2.124399e-01	2.208731e-03
5.397256e+00	1.114056e+00	7.931605e-03	2.541305e-01	-2.202487e-02
5.403539e+00	1.072735e+00	-4.635439e-02	-4.708529e-01	8.229769e-01
5.409823e+00	9.706936e-01	1.565725e-01	-7.100158e-01	-2.036348e-03
5.416106e+00	6.387866e-01	1.315521e-01	-7.090130e-01	2.420137e-02
5.422389e+00	3.065804e-01	1.184365e-01	-3.931112e-01	1.301310e-01
5.428672e+00	5.161400e-02	7.482617e-02	-4.138232e-02	4.389109e-02
5.434955e+00	-2.002790e-01	5.865510e-02	1.294389e-01	4.707284e-02
5.441238e+00	-4.524465e-01	4.611261e-02	4.493328e-01	1.339047e-01
5.447522e+00	-3.116024e-01	9.808795e-02	1.340323e+00	-5.529762e-02
5.453805e+00	-1.311606e-01	1.071054e-01	1.300394e+00	-9.151595e-05
5.460088e+00	4.944998e-02	1.182844e-01	1.300395e+00	-9.377013e-08
5.466371e+00	2.303047e-01	1.316231e-01	1.300395e+00	3.331121e-08
5.472654e+00	8.154505e-01	1.835078e-01	1.300395e+00	5.970613e-10
5.478938e+00	1.080431e+00	-1.141873e-01	1.300395e+00	-2.964801e-08
5.485221e+00	1.339723e+00	-4.301953e-01	1.300395e+00	-2.407357e-08
5.491504e+00	1.268064e+00	2.475026e-03	1.300395e+00	1.610473e-08
5.497787e+00	1.247863e+00	2.118675e-02	1.300395e+00	4.782308e-08
5.504070e+00	1.228143e+00	4.313056e-02	1.300395e+00	4.175211e-08
5.510354e+00	1.228007e+00	3.706347e-03	1.300394e+00	2.006924e-05
5.516637e+00	1.218878e+00	2.562346e-03	1.300009e+00	1.544518e-02
5.522920e+00	1.209826e+00	1.538129e-03	9.110614e-01	1.358210e-01
5.529203e+00	1.218232e+00	-6.197185e-02	3.441868e-01	3.711376e-02
5.535486e+00	1.230930e+00	-2.383962e-02	2.940905e-01	-6.356680e-03
5.541769e+00	1.244407e+00	1.038162e-02	4.036192e-01	-3.935037e-02
5.548053e+00	1.294317e+00	2.030313e-01	-8.504811e-01	1.447768e-01
5.554336e+00	9.327663e-01	1.400917e-01	-3.101935e-01	1.150769e-01
5.560619e+00	5.702204e-01	8.826258e-02	-3.535690e-02	4.148392e-02
5.566902e+00	6.797717e-02	-3.306108e-01	1.343635e-01	4.905955e-02
5.573185e+00	-8.615119e-02	-2.370602e-02	4.888353e-01	1.581550e-01
5.579469e+00	-2.345104e-01	2.815842e-01	1.167292e+00	2.483655e-03
5.585752e+00	-3.771598e-01	5.852104e-01	1.166137e+00	3.037304e-06
5.592035e+00	6.122447e-02	6.891662e-02	1.166137e+00	-1.114555e-08
5.598318e+00	3.759151e-01	2.110386e-01	1.166137e+00	-1.144009e-08
5.604601e+00	6.933045e-01	3.506622e-01	1.166137e+00	1.121305e-08
5.610884e+00	1.203509e+00	2.606232e-02	1.166137e+00	1.710684e-08
5.617168e+00	1.191451e+00	1.606838e-02	1.166137e+00	-3.128523e-09
5.623451e+00	1.179305e+00	6.635750e-03	1.166137e+00	-2.023758e-08
5.629734e+00	1.195800e+00	1.480070e-02	1.166137e+00	-7.082420e-09
5.636017e+00	1.188210e+00	9.837814e-03	1.166137e+00	2.070679e-08
5.642300e+00	1.180624e+00	5.351911e-03	1.166137e+00	1.974308e-08
5.648584e+00	1.184005e+00	9.014702e-03	1.166137e+00	6.710860e-08
5.654867e+00	1.177501e+00	9.342324e-03	1.166137e+00	6.853192e-05
5.661150e+00	1.171102e+00	1.018380e-02	1.159270e+00	5.164502e-02
5.667433e+00	1.183229e+00	1.542359e-02	5.308374e-01	1.409798e-01
5.673716e+00	1.176522e+00	1.971152e-02	2.801452e-01	2.055344e-02
5.680000e+00	1.169993e+00	2.456312e-02	2.734017e-01	1.584575e-02
5.686283e+00	1.329618e+00	3.760028e-01	4.345400e-01	1.824180e-01
5.692566e+00	1.069202e+00	1.495503e-01	-2.199268e-01	1.674154e-01
5.698849e+00	8.046974e-01	-6.787771e-02	9.392469e-02	6.556623e-02
5.705132e+00	2.138903e-01	-1.357669e-01	5.425651e-01	1.872208e-01
5.711415e+00	1.103916e-01	7.118735e-02	1.039990e+00	9.981330e-03
5.717699e+00	1.079554e-02	2.768903e-01	1.040295e+00	1.305757e-05
5.723982e+00	-8.494092e-02	4.813083e-01	1.040295e+00	3.193913e-08
5.730265e+00	3.923730e-01	8.261358e-02	1.040295e+00	-7.338108e-09
5.736548e+00	7.389096e-01	-1.103614e-01	1.040295e+00	-1.151629e-08
5.742831e+00	1.081632e+00	-3.299082e-01	1.040295e+00	5.830696e-11
5.749115e+00	1.098162e+00	8.150790e-02	1.040295e+00	7.986586e-09
5.755398e+00	1.109785e+00	2.337959e-02	1.040295e+00	3.512001e-09
5.761681e+00	1.120441e+00	-3.035540e-02	1.040295e+00	-4.336861e-09
5.767964e+00	1.109173e+00	4.641657e-03	1.040295e+00	-4.711441e-09
5.774247e+00	1.103680e+00	4.275425e-03	1.040295e+00	1.164185e-09
5.780530e+00	1.098273e+00	4.413130e-03	1.040295e+00	4.746316e-09
5.786814e+00	1.097398e+00	5.773212e-05	1.040295e+00	2.203856e-09
5.793097e+00	1.097429e+00	-4.939226e-04	1.040295e+00	7.311494e-08
5.799380e+00	1.097536e+00	-1.132855e-03	1.040295e+00	5.998521e-05
5.805663e+00	1.094090e+00	-1.670619e-03	1.042639e+00	5.699678e-02
5.811946e+00	1.098678e+00	-1.091227e-03	3.050782e-01	-1.704156e-02
5.818230e+00	1.103364e+00	-5.766117e-04	1.905781e-01	4.870051e-02
5.824513e+00	1.119231e+00	2.522630e-01	2.856579e-01	7.653267e-02
5.830796e+00	1.044721e+00	9.927006e-02	5.601093e-01	5.363480e-01
5.837079e+00	9.674983e-01	-4.480617e-02	5.958816e-01	1.370356e-01
5.843362e+00	3.180801e-01	1.451932e-01	9.501977e-01	6.711475e-03
5.849646e+00	2.301687e-01	2.630995e-01	9.502746e-01	8.801185e-06
5.855929e+00	1.445243e-01	3.832966e-01	9.502746e-01	-1.498128e-08
5.862212e+00	6.117343e-02	5.057645e-01	9.502745e-01	-3.959781e-08
5.868495e+00	8.156786e-01	2.041619e-01	9.502745e-01	-2.543859e-09
5.874778e+00	9.047278e-01	-9.459103e-02	9.502746e-01	2.991754e-08
5.881061e+00	9.881450e-01	-4.014590e-01	9.502746e-01	1.903911e-08
5.887345e+00	1.073957e+00	1.636509e-03	9.502746e-01	-1.624888e-08
5.893628e+00	1.061154e+00	2.968553e-03	9.502745e-01	-2.748394e-08
5.899911e+00	1.048461e+00	4.468808e-03	9.502745e-01	2.651111e-10
5.906194e+00	1.055174e+00	8.997636e-04	9.502746e-01	2.850588e-08
5.912477e+00	1.052296e+00	1.626278e-03	9.502746e-01	1.550814e-08
5.918761e+00	1.049516e+00	2.393601e-03	9.502746e-01	-2.429448e-08
5.925044e+00	1.054436e+00	-5.752119e-04	9.502745e-01	-3.367107e-08
5.931327e+00	1.054668e+00	-6.584350e-04	9.502745e-01	-2.611487e-06
5.937610e+00	1.054977e+00	-1.243494e-03	9.502682e-01	-2.022044e-03
5.943893e+00	1.071106e+00	4.011892e-02	5.327427e-01	9.479376e-03
5.950176e+00	1.046187e+00	1.178507e-02	5.460796e-01	4.349337e-01
5.956460e+00	1.020814e+00	-1.695463e-02	2.321906e-01	2.409445e-01
5.962743e+00	9.877871e-01	8.203183e-02	3.227665e-01	2.663797e-01
5.969026e+00	8.353169e-01	5.323721e-02	6.345798e-01	1.269207e-02
5.975309e+00	6.825721e-01	4.507879e-02	1.626007e+00	1.098717e-01
5.981592e+00	5.299120e-01	5.755689e-02	9.298413e-01	2.591623e-03
5.987876e+00	4.533973e-01	4.064318e-01	9.298290e-01	3.469458e-06
5.994159e+00	4.760078e-01	3.881392e-01	9.298290e-01	8.023321e-08
6.000442e+00	4.982353e-01	3.616777e-01	9.298290e-01	-1.040555e-08
6.006725e+00	6.302484e-01	-1.632290e-01	9.298291e-01	-5.276936e-08
6.013008e+00	7.680878e-01	-1.025493e-01	9.298290e-01	-2.456754e-08
6.019292e+00	9.070518e-01	-5.073965e-02	9.298290e-01	2.517009e-08
6.025575e+00	1.002538e+00	8.207051e-02	9.298290e-01	3.876772e-08
6.031858e+00	1.014476e+00	2.671554e-02	9.298291e-01	5.375241e-09
6.038141e+00	1.025471e+00	-2.642218e-02	9.298291e-01	-3.576618e-08
6.044424e+00	1.019699e+00	1.831968e-03	9.298290e-01	-3.544803e-08
6.050707e+00	1.018773e+00	1.607170e-03	9.298290e-01	1.675213e-08
6.056991e+00	1.017924e+00	1.536936e-03	9.298290e-01	5.283436e-08
6.063274e+00	1.018724e+00	-6.706493e-04	9.298291e-01	-1.169466e-05
6.069557e+00	1.019106e+00	1.633615e-03	9.297169e-01	-8.981865e-03
6.075840e+00	1.019613e+00	4.012578e-03	6.923812e-01	8.483368e-02
6.082123e+00	1.034504e+00	1.876408e-02	3.324034e-01	-1.057269e-02
6.088407e+00	1.020608e+00	-2.040339e-03	3.924314e-01	1.836301e-02
6.094690e+00	1.006401e+00	-2.288565e-02	3.525116e-01	5.208079e-01
6.100973e+00	5.805001e-01	-4.249240e-01	3.381538e-01	5.646968e-01
6.107256e+00	5.052118e-01	-1.427492e-01	5.945521e-01	-7.321390e-04
6.113539e+00	4.353376e-01	1.450305e-01	8.707713e-01	-1.225854e-01
6.119822e+00	3.709693e-01	4.383677e-01	9.718838e-01	3.241120e-01
6.126106e+00	1.056485e+00	5.729730e-01	8.125519e-01	5.117311e-04
6.132389e+00	9.154645e-01	-2.838107e-04	8.125508e-01	6.527484e-07
6.138672e+00	7.635567e-01	-5.894716e-01	8.125508e-01	-2.774844e-08
6.144955e+00	3.114871e-01	-2.333598e-01	8.125509e-01	2.297140e-08
6.151238e+00	4.431355e-01	-7.472206e-02	8.125509e-01	3.299401e-08
6.157522e+00	5.777249e-01	7.470371e-02	8.125509e-01	-1.434601e-08
6.163805e+00	7.977160e-01	4.172752e-02	8.125509e-01	-4.404888e-08
6.170088e+00	7.838231e-01	1.068068e-02	8.125508e-01	-5.129533e-09
6.176371e+00	7.694108e-01	-1.994906e-02	8.125509e-01	5.262500e-08
6.182654e+00	7.868072e-01	1.678934e-03	8.125509e-01	3.613801e-08
6.188938e+00	7.849072e-01	8.605815e-04	8.125509e-01	-1.186819e-07
6.195221e+00	7.830543e-01	9.041758e-05	8.125509e-01	-4.313266e-05
6.201504e+00	7.785514e-01	-3.131210e-02	8.111900e-01	-3.293755e-02
6.207787e+00	7.863306e-01	-1.261249e-02	5.089223e-01	-1.139624e-01
6.214070e+00	7.945064e-01	4.198338e-03	2.692008e-01	-3.537696e-03
6.220353e+00	8.673508e-01	2.536612e-01	3.325538e-01	3.547488e-02
6.226637e+00	7.135443e-01	9.989794e-02	6.661766e-01	1.846749e-01
6.232920e+00	5.570223e-01	-4.122519e-02	1.774142e+00	1.922367e-01
6.239203e+00	1.825867e-01	-2.632388e-01	7.817999e-01	1.631500e-01
6.245486e+00	3.427649e-01	-2.958911e-02	4.507966e-01	2.612200e-02
6.251769e+00	5.073259e-01	2.000776e-01	4.714909e-01	-3.753380e-02
6.258053e+00	6.762260e-01	4.257231e-01	8.078639e-01	-7.514108e-02
6.264336e+00	1.937091e+00	2.726108e-01	6.958494e-01	7.324912e-02
6.270619e+00	1.323057e+00	2.123093e-01	6.898379e-01	9.619805e-05
6.276902e+00	7.081076e-01	1.669187e-01	6.898378e-01	3.031936e-08
